7.830389142036437988e-01 7.076131878420710564e-04
2.087044864892959595e-01 2.409562235698103905e-03
2.301404985758753519e+00 7.033594931603807769e-03
2.193868160247802734e+00 1.352716702967882156e-02
1.957424553455035410e+00 3.570591997834564324e-02
2.762534379959106445e+00 3.642529994249344566e-02
3.552014147270805555e-01 4.236730577417825022e-02
2.551118850708007812e+00 4.847671836614608765e-02
8.859487159489655150e-01 4.935304435319127353e-02
1.962716956012133140e+00 5.031290769718564648e-02
2.898069143295288086e+00 5.602924153208732605e-02
2.304462289638933736e+00 6.832365403355053490e-02
2.607714257329133645e+00 6.862159091767090768e-02
8.336223363876342773e-01 7.062278687953948975e-02
5.791574120521545410e-01 7.215634733438491821e-02
1.912115147509005020e+00 7.770172223965102209e-02
2.064198901247357831e+00 1.032328530588470239e-01
1.057122588157653809e+00 1.055949851870536804e-01
2.783743381500244141e+00 1.076032072305679321e-01
4.881276248394742501e-01 1.114798336055549399e-01
6.883000731468200684e-01 1.134211719036102295e-01
2.191350936889648438e+00 1.167403236031532288e-01
1.039273142814636230e+00 1.181293800473213196e-01
2.176656892760441053e+00 1.190969860538720615e-01
6.860214471817016602e-01 1.194560229778289795e-01
2.162509918212890625e+00 1.322381943464279175e-01
2.324563399785883888e+00 1.338991318585150136e-01
2.213696914500099311e+00 1.355691054226041969e-01
2.700843100012060294e+00 1.451780126477783817e-01
2.554151296615601030e+00 1.479075253009796143e-01
2.119563929488495369e+00 1.519797712985897220e-01
2.184971094131469727e+00 1.536785066127777100e-01
2.988408935086883211e+00 1.561452985831632001e-01
1.028050661087036133e+00 1.579127460718154907e-01
2.564577817916870117e+00 1.650951355695724487e-01
1.866078495979309082e+00 1.879491806030273438e-01
2.685028314590454102e+00 1.931413412094116211e-01
7.081931745725990046e-01 1.983433487949748664e-01
2.843689608472384833e+00 1.984274459472257224e-01
2.233349561691284180e+00 2.045885920524597168e-01
2.679743598808810745e+00 2.080807710210167139e-01
1.921740957703965469e+00 2.197932409203525450e-01
7.035737734837537172e-01 2.236449122414935764e-01
2.887954406364261484e+00 2.280028862454202832e-01
2.365490436553955522e+00 2.399136871099472046e-01
9.008015990257263184e-01 2.460535466670989990e-01
5.195219910842472366e-01 2.502362146229246131e-01
2.661563757746823189e+00 2.569318755803592924e-01
2.071087837219238281e+00 2.749031484127044678e-01
2.805036338182453015e+00 3.011964382452058664e-01
2.467968493009470965e+00 3.093805940234474194e-01
2.205797433853149414e+00 3.153265118598937988e-01
2.618097305297851562e+00 3.173933327198028009e-01
2.068342208862304688e+00 3.198288083076476496e-01
2.019204808329785106e+00 3.235993394309017446e-01
3.021422386169433594e+00 3.254171013832092285e-01
1.159575086355648210e+00 3.269063246386421095e-01
1.841166734695434570e+00 3.269696533679962158e-01
2.646919268676637405e+00 3.274568466001974709e-01
1.179299274083757787e+00 3.289107415397313217e-01
2.158080004735755342e+00 3.303112936976890790e-01
1.025616765022277832e+00 3.338684737682342529e-01
2.984013227710777372e+00 3.401234888193508943e-01
9.167438745498657227e-01 3.505463004112243652e-01
2.213910818099975586e+00 3.528052568435668945e-01
2.397332668304442915e+00 3.577072918415069580e-01
9.076337653396674421e-01 3.607574488292004111e-01
2.077707529067993164e+00 3.670352995395660400e-01
9.075057709630885983e-01 3.679545297378579161e-01
9.906166195869445801e-01 3.684182465076446533e-01
2.321717739105224609e+00 3.729695975780487061e-01
1.260928685063375854e+00 3.845109777850233002e-01
2.248214947798576002e+00 3.861233482745926593e-01
1.230594336500081987e+00 4.011900856521905534e-01
1.212590244121560801e+00 4.023965716400484949e-01
5.725183888606125149e-02 4.044872233097306924e-01
1.837156176567077637e+00 4.085566699504852295e-01
1.813130251627485201e+00 4.167271675293883204e-01
1.173409175271225457e+00 4.266118088329791669e-01
1.886501081321804385e+00 4.269746862403299148e-01
2.294953920518329138e+00 4.366971969760972683e-01
2.943479190745823093e+00 4.376066869152893668e-01
2.895296906655154601e+00 4.386572190895116630e-01
2.385511875152587891e+00 4.520346820354461670e-01
2.018037461592232518e+00 4.553663273345335827e-01
2.594293117523193803e+00 4.597228169441223145e-01
2.250575042029176132e+00 4.666019552721151764e-01
1.296109676361083984e+00 4.754053652286529541e-01
1.155469655990600808e+00 4.762750864028930664e-01
1.302047729492187500e+00 4.780702888965606689e-01
1.380894819469222101e+00 4.848068322860775159e-01
2.438706232396957940e+00 4.848199778850874608e-01
2.372587101043493796e+00 4.854213823020597784e-01
1.299493551254272239e+00 4.873166680335998535e-01
2.790076732635498047e+00 4.886593222618103027e-01
1.126850008964538574e+00 4.895804524421691895e-01
1.382402912654543403e+00 4.901338544988613211e-01
1.721325955906946481e+00 4.914597017608664520e-01
6.953984639607847518e-01 4.996934758231642570e-01
2.156599760055541992e+00 5.022350549697875977e-01
5.212199041158583901e-01 5.042694014408817260e-01
7.931709316846956570e-01 5.073181836402747003e-01
2.620923280715942827e+00 5.158957839012145996e-01
2.402185005213100411e+00 5.178203254553745971e-01
1.874502089506707936e+00 5.201708691534968620e-01
1.881745124133656910e+00 5.214520884684571422e-01
1.866586804389953613e+00 5.283601284027099609e-01
1.405991410323498503e+00 5.358859175855046342e-01
9.708876910578206898e-01 5.394580958285499772e-01
2.826722469446236730e+00 5.475920311129306439e-01
1.905266491415222863e+00 5.483286272258598437e-01
1.969214528799055897e-01 5.573714375495910645e-01
1.831966876983642578e+00 5.606557726860045276e-01
2.345101833343505859e+00 5.607957839965820312e-01
4.175552669124018013e-01 5.640372220708490536e-01
1.226997168824815798e+00 5.720946096212361498e-01
1.876929237323024191e+00 5.807941441318092979e-01
2.416072184869505701e+00 5.840540830847825715e-01
2.236993618376560966e-01 5.902319551140340348e-01
2.383627891540527344e+00 5.904971957206724964e-01
2.908028656928764111e+00 5.929146500617690219e-01
6.706809401512145996e-01 6.000528335571287952e-01
1.017272626051508144e+00 6.071391792701695822e-01
2.642317973727465130e+00 6.264804132270302972e-01
1.875053703637667990e+00 6.299986528204113423e-01
1.291270971298217773e+00 6.346785426139832653e-01
1.844422578811645508e+00 6.404664516448973499e-01
1.310081601142883079e+00 6.411737799644471325e-01
1.858978291543138539e+00 6.418790499684748907e-01
1.831728775623381322e+00 6.424216262409727651e-01
2.802209377288818359e+00 6.467743515968323864e-01
1.854893131652424199e+00 6.501575683604596811e-01
1.946829080581665039e+00 6.511930823326110840e-01
3.224448859691620428e-01 6.541709899902343750e-01
1.296509385108947754e+00 6.575300693511961780e-01
2.388967494118908519e+00 6.578660884060393288e-01
1.143183946609497070e+00 6.751200556755065918e-01
2.389390492495961915e+00 6.798981949237119515e-01
2.896629012718570539e+00 6.844592432400630200e-01
2.615909958853260608e+00 6.863057747865985991e-01
2.916632890701292835e-01 6.866768002510071911e-01
2.268297195434570312e+00 6.955827474594116211e-01
1.244333204722464448e+00 6.958459203492515233e-01
2.497917535450211446e+00 6.978477390696788962e-01
2.625969776360256303e-01 6.987986826554754005e-01
2.314066166479951558e+00 7.002012399933872366e-01
9.186801986481343274e-01 7.030469754300515683e-01
2.247921395600430694e-01 7.083319523760434056e-01
2.736898562676135516e+00 7.232103597612902224e-01
1.062894595988957525e+00 7.234674416371447148e-01
1.192302817326567510e+00 7.277986746576925459e-01
4.710886386262722603e-01 7.364712088918793365e-01
1.265616217746483363e+00 7.387637217041442828e-01
9.563811174457730324e-01 7.423290001646061231e-01
1.256222602383405329e+00 7.424891942808735656e-01
5.827639418500470958e-01 7.472056042169831214e-01
3.018955463010414952e+00 7.472279826299120797e-01
2.291236364170651463e+00 7.583174611484289063e-01
2.605861416680558484e+00 7.692188070461791760e-01
7.213463783264160156e-01 7.714993953704833984e-01
6.608418421215074279e-01 7.717601275243504144e-01
2.712661504745482954e+00 7.760345339775085449e-01
1.927964976242649398e+00 7.782261819043494455e-01
2.466207504272461382e+00 7.814196944236755371e-01
1.395884156227111816e+00 7.825875282287597656e-01
1.040534441701786106e+00 7.861356009308344550e-01
2.324440118901030417e+00 7.871455231244682826e-01
3.876832723617553156e-01 7.878178954124450684e-01
1.297998666763305664e+00 7.890027165412902832e-01
2.242207891078119797e+00 7.910344853759277983e-01
1.260121459827661994e+00 7.937719093199669951e-01
1.721295107684717163e+00 7.941928128364363904e-01
2.220369815826416016e+00 7.942540645599365234e-01
1.286963939666748047e+00 7.944476008415222168e-01
5.635805088606968827e-01 8.006797055296979160e-01
2.041043996810913086e+00 8.021551370620727539e-01
1.096408358750076806e+00 8.046945222635326633e-01
1.034457762342734011e+00 8.052460125505711552e-01
2.800780834776379624e+00 8.075460046546987236e-01
1.690002687408282078e+00 8.091779350545763583e-01
1.366256237030029075e+00 8.098290562629699707e-01
2.433764973011895982e+00 8.111294505214721173e-01
5.849711870823761650e-01 8.183375650552215941e-01
9.185292720794677734e-01 8.288214802742004395e-01
1.421539130824367447e+00 8.297082645323469174e-01
2.608878957741814553e+00 8.328071328427164577e-01
2.620714743541196157e+00 8.331555526313135784e-01
2.384645527153621991e+00 8.391847972624913998e-01
1.096270442008972168e+00 8.393903374671936035e-01
5.730854781682180876e-01 8.396335111079692437e-01
2.705430949294989063e+00 8.415937612171393578e-01
2.471281145315656680e+00 8.420813738050376696e-01
1.863696972247297134e+00 8.446832121854500608e-01
9.623681027699122481e-01 8.459805978970688090e-01
6.426143209691860259e-01 8.509787871880581944e-01
2.016757726669311523e+00 8.536583185195922852e-01
1.130286746159501643e+00 8.568409597924721011e-01
4.353305744626742579e-01 8.585138826137364010e-01
1.031918287277221680e+00 8.590710759162902832e-01
7.963736483509663566e-01 8.608510549876317031e-01
2.434110605221288193e+00 8.673767924249795591e-01
2.010065793991088867e+00 8.692404031753540039e-01
2.047672577746313838e+00 8.738481718813700949e-01
1.026737641732929696e+00 8.797249841501993961e-01
3.918436765670776367e-01 8.807536363601684570e-01
2.643980026245117188e+00 8.898006081581115723e-01
2.638237761938888148e+00 8.971643995471983990e-01
2.109658479690551758e+00 8.985982537269592285e-01
7.655798792839050293e-01 9.090986251831054688e-01
2.129092216491699219e+00 9.138047695159912109e-01
1.388848477396238623e+00 9.239151508864307250e-01
2.203584199899493612e+00 9.327089537309429801e-01
5.318573504564656496e-01 9.343416274903902918e-01
2.091873318603954868e+00 9.346833093026739592e-01
2.301065916989981641e+00 9.360800478763551258e-01
2.172593973140000134e+00 9.362022646478116439e-01
9.338531494140625000e-01 9.390698075294494629e-01
2.698335072691381065e+00 9.404463148326667188e-01
2.357350040545635128e+00 9.424504177869482691e-01
6.230627275025513168e-01 9.573360068726742833e-01
2.153585715170337256e+00 9.591686236293623935e-01
6.385243901867786454e-01 9.598956905765637648e-01
1.014736324820574076e+00 9.702804194807599369e-01
9.964641056084480031e-01 9.740433506007213360e-01
2.179849904327272547e+00 9.765849927280600973e-01
1.080967662811258112e+00 9.798594505409355948e-01
1.163050889968872292e+00 9.840848445892333984e-01
2.753974932511573520e-02 9.882457460005897865e-01
9.368848023714714257e-01 9.908881608688089315e-01
1.773389339447021484e+00 9.912739396095275879e-01
2.532195490875703392e+00 9.937041132430737278e-01
2.870361579605246849e+00 9.963916113038404632e-01
1.375392308839941569e+00 9.965291321548478409e-01
2.362298759838477036e+00 9.992737176278169153e-01
9.610213285878663747e-01 1.005629553238013285e+00
6.705525597574626406e-01 1.007632013921900827e+00
6.574968056680512429e-01 1.008505035333697952e+00
3.487445686252232252e-02 1.008848520081923716e+00
1.088322322711051449e+00 1.010913741685768752e+00
1.699971199035644531e+00 1.011016011238098145e+00
1.247025251388549805e+00 1.017473220825195312e+00
8.382999911965871576e-01 1.017760465480548326e+00
2.155489169532685878e+00 1.019640531562799879e+00
2.437972136222569919e+00 1.026529311008862466e+00
9.963556498141695750e-01 1.032908614008817949e+00
7.941972518026300110e-01 1.034816424378758315e+00
9.936409592628479004e-01 1.038085460662841797e+00
1.287462592124938965e+00 1.038923263549804688e+00
2.377327999115305346e+00 1.042321935893384399e+00
1.316025761953393713e+00 1.043148152911856252e+00
2.253154277801513672e+00 1.044024467468261719e+00
1.896874526941622729e+00 1.047265084463262275e+00
1.298685385402895465e+00 1.049012307434074032e+00
1.371127632468826185e+00 1.049491138518505506e+00
4.450535910227207403e-01 1.050098847067367336e+00
1.099493629233779579e+00 1.056837239540060258e+00
1.827186385102245625e+00 1.072928786485477737e+00
3.284197300672526965e-02 1.077842593193054199e+00
2.381158504544574228e+00 1.089833416858772885e+00
1.943494774592194441e+00 1.090172956935092197e+00
8.081570863723754883e-01 1.098626255989074707e+00
6.379702091217042126e-01 1.106254100799560547e+00
1.371459245681762695e+00 1.113657712936401367e+00
1.863171219825744629e+00 1.115482330322265625e+00
2.508427858352661133e+00 1.119045019149780495e+00
1.279046177864074707e+00 1.134179353713989480e+00
7.935355901718139648e-01 1.139462828636169212e+00
2.702504887339094886e+00 1.140107497446947171e+00
1.710707784548350263e+00 1.140607974024793192e+00
2.075510621070860984e-01 1.142339944839477317e+00
8.411545806100341194e-01 1.148278358489472906e+00
3.032859019380353072e+00 1.148637079557337293e+00
1.019331336021423340e+00 1.150031685829162820e+00
1.977496147155761719e+00 1.152098655700683594e+00
1.346274614334106445e+00 1.155338406562805398e+00
1.207345366477966309e+00 1.156547904014587402e+00
1.114428782875903190e+00 1.157877329758724150e+00
1.098901748657226562e+00 1.159078001976013184e+00
2.592162609100341353e+00 1.162297844886779785e+00
3.761357787855537649e-01 1.163846607408999478e+00
1.717910335027132973e+00 1.165262445086297394e+00
1.178311467170715332e+00 1.166893243789673074e+00
3.933398362833728790e-01 1.172497430663840712e+00
1.928450465202331543e+00 1.173145771026611328e+00
1.383181095123290794e+00 1.175747394561767800e+00
9.641393745114338332e-01 1.178548529413256940e+00
1.991980791091918945e+00 1.181975483894347922e+00
2.134478569030761719e+00 1.184973001480102539e+00
1.305726145131549165e+00 1.190797715012096081e+00
1.429067221317637526e-01 1.193246512903886725e+00
2.253725833375217480e+00 1.195473131001716371e+00
2.384226277756678503e+00 1.197529329438067780e+00
1.842886006217362427e+00 1.210537101605798194e+00
3.830930215563332908e-01 1.211096079972330930e+00
2.078096067125157376e+00 1.212652809968177481e+00
2.954183218440964875e+00 1.215964556777233474e+00
1.900728253125423262e+00 1.220364466936950443e+00
2.125643024287172889e+00 1.223287980966976551e+00
7.109805120720599225e-01 1.237423465748534790e+00
1.067014336585998535e+00 1.242948770523071511e+00
5.314663052558898926e-01 1.245992898941039817e+00
1.050958871841430664e+00 1.250197887420654297e+00
2.317108154296875000e+00 1.250954031944275124e+00
2.557876110076903853e+00 1.253584146499633789e+00
2.940168984588106049e+00 1.263655819604698083e+00
2.325815916061400923e+00 1.267103791236877441e+00
8.470749161514018466e-01 1.267574540953944062e+00
1.897763485105580905e+00 1.270445988746231381e+00
2.288601709281824714e+00 1.270633766415638854e+00
1.784884932953614278e+00 1.273538750365468042e+00
3.922444910506446281e-01 1.279602585045491292e+00
2.967254638671875000e+00 1.280879855155944824e+00
9.337320756584031045e-01 1.285268544373679100e+00
2.529358625411987749e+00 1.288526177406311035e+00
2.056440276955776802e+00 1.291163560291512802e+00
2.525286843107809709e+00 1.293100916855852267e+00
3.295954763889312744e-01 1.298112511634826660e+00
2.000130176544189453e+00 1.304791808128356934e+00
1.224585413932800293e+00 1.310548424720763938e+00
2.597738742828369141e+00 1.310966730117797852e+00
9.213102680923610510e-01 1.314298701577448103e+00
1.334830760955810547e+00 1.321462631225585715e+00
1.299671292304992898e+00 1.323936343193054421e+00
2.396351337432861772e+00 1.329612016677856667e+00
1.159960508346557839e+00 1.334137082099914329e+00
1.191379405555918813e+00 1.335399169827286681e+00
5.185056420299256619e-01 1.336169381401922207e+00
2.139361858367919922e+00 1.340697646141052246e+00
2.713274446429450037e+00 1.347455660968895463e+00
1.036884996982571527e+00 1.355620874318886226e+00
1.104663748314192784e+00 1.356158309532585537e+00
2.035582049895294343e+00 1.359652004724537289e+00
3.033988140029509228e+00 1.363236935075667011e+00
2.395038851515312039e+00 1.367744886268442261e+00
1.220530152320861816e+00 1.373174548149108665e+00
1.075839977717413021e+00 1.384958218219766390e+00
9.064548638653079360e-01 1.385136095490749675e+00
1.309425830841064453e+00 1.394229531288146973e+00
5.644420385360717773e-01 1.399141907691955566e+00
1.315187793539200900e+00 1.402888617744026734e+00
2.150979280471801758e+00 1.403439044952392578e+00
2.003990411758422852e+00 1.405931353569030762e+00
4.482820630073546808e-01 1.407548666000366433e+00
2.387944307294284751e+00 1.407667745593760067e+00
7.274941012097062565e-01 1.408496707653235314e+00
2.459698809940837450e+00 1.413745648149172585e+00
6.881171009646751546e-01 1.414185381538841657e+00
2.303002343085843506e+00 1.417710701269421669e+00
2.767461100552143893e+00 1.419127791424808160e+00
1.107964504778422565e+00 1.423568102087606757e+00
1.248342209836602601e+00 1.424254661312112535e+00
3.463756473442037298e-01 1.426435615948315361e+00
1.095476645676404237e+00 1.432273040236111683e+00
2.740273657535448049e+00 1.436636217794279524e+00
1.180602143575487650e+00 1.437662665288349739e+00
2.881631374359130859e+00 1.446649193763732910e+00
4.088322520256041925e-01 1.451163053512573242e+00
2.112482799156793600e+00 1.453845872708026787e+00
1.136052872803650082e+00 1.458431234371307506e+00
2.538397883666957178e+00 1.463620244903189649e+00
8.567015254388807288e-02 1.463729793787049926e+00
5.457937717437744141e-01 1.467876195907592773e+00
2.188889265060424805e+00 1.468495368957519531e+00
1.721510634089833403e+00 1.468809803476621045e+00
2.399497509002685547e+00 1.469521641731262207e+00
1.787777185440063477e+00 1.473337769508361816e+00
1.350317239761352539e+00 1.474347949028015137e+00
1.023588538169860840e+00 1.474977493286132812e+00
1.847631454467773438e+00 1.476999402046203613e+00
8.327908622127665472e-01 1.478142809356902454e+00
2.593570232391357422e+00 1.478153347969055176e+00
2.656075441227576217e+00 1.480239551001676590e+00
1.210147142410278542e+00 1.480443120002746582e+00
9.589696439433671449e-01 1.480972946751067054e+00
8.827874859472247815e-01 1.487660465671188481e+00
1.384614161518394226e+00 1.496140361199490121e+00
9.521622382230752191e-01 1.497873460935967183e+00
1.130349664155333222e+00 1.500214839422697732e+00
1.104953118272857804e+00 1.500659222863720554e+00
2.303767919540404829e+00 1.502281546592712402e+00
2.658246457576751709e-01 1.506027698516845703e+00
1.814227581024169922e+00 1.507095336914062500e+00
2.006396002747275364e+00 1.508527946059416314e+00
1.303512811660766602e+00 1.509192109107971191e+00
2.036386424152067498e+00 1.510429804004043586e+00
2.947636936900551730e-01 1.511154986065063488e+00
1.042586172310911330e+00 1.511830875481025016e+00
2.638333559036255327e+00 1.513756513595581055e+00
2.991440657250584501e+00 1.515969796490099109e+00
6.424572614092788347e-01 1.517353568480467985e+00
2.572163581848144087e+00 1.519086837768554688e+00
1.178216099739074485e+00 1.519103646278381348e+00
2.301418084589236024e+00 1.522861548372074214e+00
2.174492071478032695e+00 1.525262978478687304e+00
6.819132167340085093e-01 1.525360853849583753e+00
1.947117332949491741e+00 1.526256850936772880e+00
8.519529581735760804e-01 1.545265307626338958e+00
1.797538876533508301e+00 1.550538182258605957e+00
6.095459461212158203e-01 1.553139448165893555e+00
1.776588320732116699e+00 1.554432988166809082e+00
3.601380376115912996e-01 1.560177371087895448e+00
2.584783771495910987e+00 1.561526322753181484e+00
4.825854063930252735e-01 1.562503406740569201e+00
2.261358355521702723e+00 1.567553518323817618e+00
2.337303485442939976e+00 1.570689645850381178e+00
9.756617427189564484e-01 1.571534228285502044e+00
1.812885078161916796e+00 1.572939716133435528e+00
9.856498693871095229e-01 1.581626860050015404e+00
2.484410670420573286e+00 1.582459201888617661e+00
2.244845390319824663e+00 1.593043208122253418e+00
2.461151923042028233e+00 1.595387520065722819e+00
1.422331711515093966e+00 1.598067894083400997e+00
2.042086273060549573e+00 1.602132806829697387e+00
1.114976048469543457e+00 1.602740168571472168e+00
2.159590606250872291e+00 1.607771388546608948e+00
2.722993988855415992e+00 1.608504318713112280e+00
2.543965139829863276e+00 1.610999363189630440e+00
1.322579821816018963e+00 1.611752333898531120e+00
2.185570559620896525e+00 1.613821534500889943e+00
1.208005309104919434e+00 1.616961121559143066e+00
5.248671175766822516e-01 1.617860453112573760e+00
2.886743018776068426e-01 1.618262651308685962e+00
2.136063337326049805e+00 1.624003887176513672e+00
1.854742765426635742e+00 1.630484223365783691e+00
2.325102461655486952e+00 1.630549458877876168e+00
2.110195627806095597e+00 1.635614082449294626e+00
9.611579376989199952e-01 1.639380720540833725e+00
3.005865033502062911e+00 1.639514930502182333e+00
1.330675247737146183e+00 1.639571511736272358e+00
2.248384512439502991e+00 1.639574547705753949e+00
1.092253227519004444e+00 1.640757750478423205e+00
1.768364667892456055e+00 1.646193742752075195e+00
9.401223920213005458e-01 1.648292734644267732e+00
2.786564826965332031e+00 1.648704051971435547e+00
6.801506040952209897e-01 1.650529297691107233e+00
2.290682610657677643e+00 1.651323092236713030e+00
1.110673937133594524e+00 1.652786563436612566e+00
2.219134822411894525e+00 1.658077529840583209e+00
3.941911458969116766e-01 1.662042379379272461e+00
8.005508330931004890e-01 1.663173322094591233e+00
1.318902731427691544e+00 1.664915625198784443e+00
1.284242033958434837e+00 1.666711211204528809e+00
2.443767547607421875e+00 1.669579029083251953e+00
1.765588469499598023e+00 1.671302067376166711e+00
1.353265305436619714e+00 1.677270732013861121e+00
5.891022297265273711e-01 1.678115717082403480e+00
1.935448161771163633e+00 1.683059844512097447e+00
2.448581457138061523e+00 1.689063668251037598e+00
2.446963889090748800e+00 1.689188807766076161e+00
6.546526040176489092e-01 1.690171307156101532e+00
1.148761496253072556e+00 1.690939206895943903e+00
2.507066249847412109e+00 1.692857146263122559e+00
8.864704202906873443e-01 1.695592370011741234e+00
1.869574230576937612e+00 1.699572858617364179e+00
6.683417141488429136e-01 1.702100983223898689e+00
1.830736637115478516e+00 1.702165365219116211e+00
9.053430130879123183e-01 1.705667245900326368e+00
7.512577132967728222e-01 1.706642482785838411e+00
1.231555633450942100e+00 1.709447693494201115e+00
1.041796569702550856e+00 1.712254342346999580e+00
2.289134676234109822e+00 1.715737057733828230e+00
2.229157466406996579e-01 1.717217080118471850e+00
5.639944672584533691e-01 1.717331767082214355e+00
5.830548405647277832e-01 1.718214750289916992e+00
6.673264034965025182e-01 1.721256699881323904e+00
1.165706872940063699e+00 1.721695423126220703e+00
1.693711495436611925e+00 1.722280547002805307e+00
2.070570945739746094e+00 1.723670959472656250e+00
1.136874625367342517e+00 1.727374759710298191e+00
8.282755856530262806e-01 1.732224282879071930e+00
1.205624764257734904e+00 1.733281207849047822e+00
1.131008819415443956e+00 1.734554824173399235e+00
6.003033285662705554e-01 1.736332866727914537e+00
9.122900292780919962e-01 1.736403514195086206e+00
9.732344235715657543e-01 1.737488295002125094e+00
2.594259738922119141e+00 1.737918615341186523e+00
1.311396350689300272e+00 1.738838956466796315e+00
5.505307136726400596e-01 1.743003476301141497e+00
1.156499986662996360e+00 1.746116445469454215e+00
1.272944827097043596e+00 1.746714290683804682e+00
8.434146442742819216e-01 1.747812334816700286e+00
2.088126258529713564e+00 1.749276909610796737e+00
9.806642167997340342e-01 1.749281851344306693e+00
1.278694272041321023e+00 1.752092838287353516e+00
1.277726358786150040e+00 1.753244253499719685e+00
2.241503397237832651e+00 1.753334099241220967e+00
1.141113987992449452e+00 1.759414921267870691e+00
1.990982912504754232e+00 1.762115424029624844e+00
1.005436420440673828e+00 1.769227147102355957e+00
2.094145295949189745e+00 1.771892153319417407e+00
2.601127624511718750e+00 1.772445559501647949e+00
2.429736614227294478e+00 1.774651408195495605e+00
2.112605333328247070e+00 1.796002864837646484e+00
1.654086607717542234e+00 1.797397758950564972e+00
2.146589617089441404e+00 1.804727061335802407e+00
1.138145623073474999e+00 1.807628030551370557e+00
2.248914922602511801e+00 1.817776361738784763e+00
1.113894594099463120e+00 1.820303993896192907e+00
2.425918340682983398e+00 1.820455551147460938e+00
8.831533789634704590e-01 1.824310302734375000e+00
1.839767336845397949e+00 1.825327396392822266e+00
2.522833368453805125e+00 1.827697483843156334e+00
8.652688860893249512e-01 1.828184485435485840e+00
2.527164220809936523e+00 1.832359671592712402e+00
8.781550587206824465e-01 1.832721612001273037e+00
1.883776718228723279e+00 1.836997899847400362e+00
2.451139450073242188e+00 1.839711546897888184e+00
2.231578677892686047e-01 1.842349886894226074e+00
6.154254078865051270e-01 1.845892667770385742e+00
2.240354520304157937e+00 1.846970345458041063e+00
1.852602535860016664e+00 1.849108941783410787e+00
1.149857233616233376e+00 1.852098576665985652e+00
1.121293171788741549e+00 1.852835173031191829e+00
1.111336425418392837e+00 1.853805096986363532e+00
6.836843064667699199e-01 1.857335154224965867e+00
1.752785951638314632e+00 1.858493666563739932e+00
4.063495997248199876e-01 1.860764674263233776e+00
3.023588718368536377e+00 1.865393290304223184e+00
4.307034089045992387e-01 1.869289320150930855e+00
2.260308883692351500e+00 1.869452841838805890e+00
2.120373325136651221e+00 1.874405373099132355e+00
1.737996112389395664e+00 1.874658365742841504e+00
2.588804650728468548e+00 1.879049377580397140e+00
2.265196472536087580e+00 1.879350904432010250e+00
2.364074468612670898e+00 1.882086396217346191e+00
1.731667679467867593e+00 1.887386623204112768e+00
1.772622731414290609e+00 1.887939420721001627e+00
5.565432797375775564e-01 1.889268476233189720e+00
7.214728638074349165e-01 1.889726137792694605e+00
2.404364109039306641e+00 1.897371292114257812e+00
2.059950351715087891e+00 1.904960155487060547e+00
2.339029550552368164e+00 1.906416535377502441e+00
1.905341695195740703e+00 1.911491944507638374e+00
1.083131103704591425e+00 1.917487301122087873e+00
6.484328370199312630e-01 1.919344883048784700e+00
2.797482490539550337e+00 1.919757366180419922e+00
3.097649104222724326e+00 1.924909678776380861e+00
2.378053188323974165e+00 1.931999921798706055e+00
1.016883638806175938e+00 1.937124225394014632e+00
2.368672980269504347e+00 1.948009471580523400e+00
3.425184786319733776e-01 1.950512528419494629e+00
2.266612029005114159e+00 1.956069974594667249e+00
2.144439745520975826e+00 1.960936076818212914e+00
5.760555965146754165e-01 1.963152113508022989e+00
5.317453351645673454e-01 1.964231013925973768e+00
9.882329390695365756e-01 1.966910455951649039e+00
2.699759578089607981e+00 1.972589526831144857e+00
7.260796827343731774e-01 1.976957506011893573e+00
2.089075989366931285e+00 1.977337433638514330e+00
7.966884091768638987e-01 1.986452314748309300e+00
2.216864824295043945e+00 1.988129854202270508e+00
5.416668057441711426e-01 1.992229223251342773e+00
4.381103145308807290e-01 1.995105219004095654e+00
2.620925644073137661e+00 1.996619310077978771e+00
1.937131389799960912e+00 1.996622907859609608e+00
2.159284522445072962e+00 2.003496641141190082e+00
1.776888370513916016e+00 2.003958702087402344e+00
5.715110813434282067e-01 2.004305976959567914e+00
2.170365810394287109e+00 2.005449771881103516e+00
1.237370252609252930e+00 2.006881237030029297e+00
3.427276611328125555e-01 2.006973505020141602e+00
2.828754652432813543e+00 2.011598657917200050e+00
2.528823852539062944e+00 2.013216733932495117e+00
2.348569281250625806e+00 2.017328669050472811e+00
8.436718202395323551e-01 2.018631146045610336e+00
2.052096366882324219e+00 2.018906831741333008e+00
8.021826703676038228e-01 2.019784606722569098e+00
1.221715922602756299e+00 2.025570717540426280e+00
2.843905687332153320e+00 2.028931617736816406e+00
2.204874753952026367e+00 2.030281305313110352e+00
2.347065911204567090e+00 2.033317669756615764e+00
1.742809564191842409e+00 2.038499544224256610e+00
2.505444079234995680e+00 2.041258044776606884e+00
1.370289432137262731e+00 2.044102078157818525e+00
2.486660480499267134e+00 2.048679828643798828e+00
2.546172117462324191e+00 2.059223183092039999e+00
1.027922031733047081e+00 2.060176255648801913e+00
3.700510909382381808e-01 2.065513961615431437e+00
8.337669312262779853e-01 2.066339072647181752e+00
8.844257133067722210e-01 2.067624786729239883e+00
7.299528096961928059e-01 2.068056030821749047e+00
1.800262570381164551e+00 2.069424152374267578e+00
1.072060309516640109e+00 2.069649977369790061e+00
7.416110698054407813e-01 2.073395290496285348e+00
6.564763556140701395e-01 2.075715606202256591e+00
2.699775934219360352e+00 2.082316875457763672e+00
7.529748426710854980e-01 2.083708027439729271e+00
5.388359982811306015e-01 2.093112422567927400e+00
2.346021890640259233e+00 2.095833063125610352e+00
7.945445386271396959e-01 2.099662388517793410e+00
1.116401041883426926e+00 2.100784313705059692e+00
1.127654910087585449e+00 2.107486248016357422e+00
8.002532605951968581e-01 2.107667511837803431e+00
5.755447149276733398e-01 2.112499713897705078e+00
7.043359216179468918e-01 2.114271866842543091e+00
6.675370420616864031e-01 2.125435547204572728e+00
2.373260259628295898e+00 2.127054452896118164e+00
6.191011667251586914e-01 2.134674549102783203e+00
2.241311678260973661e+00 2.137646314651238111e+00
1.138895297257302541e+00 2.143565841901806213e+00
2.213440206367692564e+00 2.144882773915775864e+00
2.190835912797730600e+00 2.146778583614536107e+00
1.127651709829598170e+00 2.152989401155184890e+00
1.036183210803473420e+00 2.154142691919702646e+00
1.751693000588777638e+00 2.156407255673171264e+00
3.969923555850982666e-01 2.158285617828369141e+00
9.653750725385529252e-01 2.159332319652346843e+00
1.121295367793490483e+00 2.161536106422795811e+00
1.133992332824857119e+00 2.166271811416465187e+00
2.207529011952590103e+00 2.167781641492378952e+00
1.127816437443392328e+00 2.174007514260722917e+00
1.079646900325067493e+00 2.183642985201502906e+00
9.889986515045166016e-01 2.186111450195312500e+00
2.059319294605321815e+00 2.186912540212302414e+00
1.722197694156289316e+00 2.188198711717057598e+00
1.082890272140502930e+00 2.188940286636352539e+00
9.996103644371032715e-01 2.191366910934448242e+00
2.690040826797484907e+00 2.193607807159423828e+00
6.306673778069359360e-01 2.194080385761135510e+00
1.897652467473100568e+00 2.196368293084455026e+00
2.435716152191162553e+00 2.200390100479125977e+00
2.149796485900878906e+00 2.202745437622070312e+00
4.254115223884583075e-01 2.204064369201660156e+00
1.904476781145945985e+00 2.205480875384872252e+00
6.698816129022919785e-01 2.209086109095294681e+00
2.227646112442016602e+00 2.209795951843261719e+00
2.503270387649536133e+00 2.209975242614746094e+00
1.938006401062011719e+00 2.211776494979858398e+00
2.841851648230869554e+00 2.211837954711441068e+00
1.113217976418801491e+00 2.216824527050911264e+00
1.757393343696312726e+00 2.222796928393465876e+00
2.177228505822270233e+00 2.224313995302718006e+00
2.103528358036442114e+00 2.225420981859577818e+00
2.784846782684326172e+00 2.229001283645629883e+00
7.844554260146174851e-01 2.231581384876691665e+00
2.002137660980224609e+00 2.236736536026000977e+00
2.462478730870953925e+00 2.237337301731606942e+00
8.196378227407951078e-01 2.238677473148159791e+00
1.276668043818259379e+00 2.265091309085768501e+00
1.962153673171997070e+00 2.268827438354492632e+00
1.867984012806356509e+00 2.271321467892908785e+00
2.663515140769763700e+00 2.272672553729254030e+00
2.033458619602262818e+00 2.273343810030166168e+00
9.221282005310058594e-01 2.280266284942627397e+00
1.047423958778381348e+00 2.287464618682861328e+00
1.827775955200195312e+00 2.289005279541015625e+00
1.317908648364737312e+00 2.289797400599810739e+00
2.021451234817504883e+00 2.291198015213012695e+00
7.938621823408087419e-01 2.308959421868067352e+00
1.872332877492204117e+00 2.312209228612159606e+00
2.306726567520148929e+00 2.313331592897561517e+00
6.862497823515999462e-01 2.331599762190896818e+00
3.657129419917103386e-01 2.331772466709980840e+00
2.316675418766244388e+00 2.337470352214700231e+00
2.343749126677162398e+00 2.343394226433222816e+00
1.012495067561869355e+00 2.347985756295563942e+00
6.390522122383116566e-01 2.349117994308471680e+00
1.776758557719947840e+00 2.349958154760005691e+00
7.170571668639316165e-01 2.350980916413750510e+00
9.416703068660307041e-01 2.356845012178918619e+00
6.214097924805976891e-01 2.357297244168703898e+00
4.287340939044951837e-01 2.359248161315917969e+00
5.605885586517105335e-01 2.359519326556563712e+00
1.003066778182983398e+00 2.368427038192749023e+00
2.653537809442196416e+00 2.369509553475351193e+00
2.761628910745067778e+00 2.372629157361854091e+00
2.393794057280789200e+00 2.374083417010156349e+00
6.164570790650780729e-01 2.379102870215743959e+00
2.348018676770840418e+00 2.379488115388046499e+00
2.007695537456539281e+00 2.384979343998840040e+00
2.499626619870007005e+00 2.389547533156104464e+00
5.329147577185433526e-01 2.389766333748240879e+00
6.294348442073350869e-01 2.395406625610263074e+00
1.745046496391296387e+00 2.400060415267944336e+00
6.303675143729561281e-01 2.401266160716703180e+00
2.043583445499529638e+00 2.404086915356644205e+00
8.366450071334838867e-01 2.410542249679565874e+00
2.265807479019680049e+00 2.414143360984092102e+00
1.760156869640458588e+00 2.419342015333372231e+00
8.628202080726623535e-01 2.425630331039428711e+00
6.819603443145751953e-01 2.426019906997680664e+00
5.869051781234563281e-01 2.429223659099279065e+00
1.148625082748463422e+00 2.436919070013573663e+00
1.869868993759155273e+00 2.438731670379638672e+00
1.056628833113617549e+00 2.454561696583455799e+00
2.487554717487591383e+00 2.459244800076354487e+00
2.140019476845456570e+00 2.461840726392614531e+00
1.157251119613647461e+00 2.471324682235717773e+00
1.322970986366271973e+00 2.474395990371704102e+00
3.610433042049409624e-01 2.478141546249389648e+00
2.500548304446181813e+00 2.481581382346512932e+00
9.205200592572698737e-01 2.481997247505532300e+00
1.172757474519534604e+00 2.485303540226159402e+00
1.035295765488037256e+00 2.485609876417455677e+00
2.927008135469694405e+00 2.495823454320265533e+00
4.319933446370481378e-01 2.500385518767182180e+00
6.341373315561338320e-01 2.503605619461318099e+00
8.270319939715657931e-01 2.506743416103304423e+00
1.720884287427387305e+00 2.508109131475934284e+00
1.133327753680808847e+00 2.511663665585081251e+00
1.888381761225327082e+00 2.517419863455721440e+00
4.737489521503448486e-01 2.519194364547729492e+00
2.441149575878124978e+00 2.527507718153862104e+00
1.132415988954887931e+00 2.527837302887895543e+00
2.184539752473820151e+00 2.527971135799735425e+00
2.000863790512084961e+00 2.530665159225463867e+00
1.009797459985146695e+00 2.534172544546843486e+00
6.833890080451965332e-01 2.535095930099487305e+00
5.357847913042759203e-01 2.542189985178130218e+00
1.789527443677217722e+00 2.546906359247149698e+00
2.433924674987793413e+00 2.548221588134765625e+00
2.540364010987655075e+00 2.550022668938468406e+00
8.557127112887984444e-01 2.550461968285559600e+00
2.424626442825023709e+00 2.551046955498006419e+00
1.842967266652220548e+00 2.554461281300925535e+00
8.556217817599506281e-01 2.562513746048193930e+00
1.271769599705669940e+00 2.563698168444307424e+00
1.189586997032165305e+00 2.567642927169800249e+00
1.929721321188665462e+00 2.568088151936864350e+00
8.259845220529271614e-01 2.568602730220561625e+00
6.415707886958732509e-01 2.581047862538489390e+00
2.576671095995806127e-01 2.589497666287066124e+00
2.419353894554052697e+00 2.593711328122725313e+00
6.251748577201032830e-01 2.604526578971042561e+00
2.213873726418567944e+00 2.607486974771562327e+00
3.040220424475056582e+00 2.611636785063985222e+00
1.143301010131835938e+00 2.613286018371582031e+00
9.653968832844790349e-01 2.613734161044540816e+00
7.204108238220214844e-01 2.622275352478027788e+00
7.561683654785156250e-01 2.627796649932861328e+00
5.527814030647277832e-01 2.627867221832275391e+00
1.818893909454345703e+00 2.629268646240234819e+00
2.252415509699884577e+00 2.633810153204794613e+00
7.283003926277160645e-01 2.638777732849120650e+00
6.146461258219914070e-01 2.646298001830717617e+00
2.880572981704438540e+00 2.650628603104694836e+00
1.367812323331665025e+00 2.651225448555275310e+00
1.521909870186309577e-01 2.658733687294243975e+00
2.616531221685606257e-01 2.660037794494024332e+00
8.356831955558063907e-01 2.661221465241622841e+00
1.126314441893625506e+00 2.665225831921103072e+00
2.587720269993714961e+00 2.670482374541918613e+00
9.325947471143339884e-01 2.675492027393776784e+00
9.280768031497695914e-01 2.680206439678506136e+00
9.378533363342285156e-01 2.680328130722045898e+00
9.256222451232862802e-01 2.682351727200035452e+00
9.810495442686356649e-01 2.684326745972084094e+00
8.691779606376839329e-01 2.690199168062879398e+00
2.442949056625366211e+00 2.707061290740966797e+00
2.764978917589098639e+00 2.710053305341571850e+00
2.620693053230069403e+00 2.713363385959680407e+00
3.419171571731566828e-01 2.719339609146118164e+00
2.829747676849364790e+00 2.721865177154541016e+00
1.181144952774047630e+00 2.727023363113403320e+00
5.297105112103170921e-01 2.727422526846297934e+00
1.335392951965332253e+00 2.738152980804442915e+00
2.157793045043945312e+00 2.741406202316284624e+00
2.038100957870483398e+00 2.745881080627440962e+00
1.041186466101280850e+00 2.747686720678918615e+00
2.089746743440627774e-01 2.751197338104247603e+00
1.199373645477646688e+00 2.754568912603954978e+00
2.399732015789762141e+00 2.763865116206330352e+00
2.319907903671264648e+00 2.765614748001098633e+00
2.280786752700805664e+00 2.782076835632324219e+00
8.277737013825730017e-01 2.790110825693590257e+00
2.853722095489501953e+00 2.791051626205444780e+00
1.454582661390303455e-01 2.807049274444580522e+00
2.803600311279296431e+00 2.807185649871825728e+00
7.879749947268913646e-01 2.809068294401176669e+00
1.112202763557434082e+00 2.816887855529785156e+00
2.069638624481991762e+00 2.822756948981400171e+00
2.411614581043992622e+00 2.826399608988366285e+00
1.133803793446271690e+00 2.833304523270830710e+00
2.827258407567855958e+00 2.836061207648052473e+00
2.056006892090084026e+00 2.845635854266618470e+00
2.033130748439462732e+00 2.848882986020433883e+00
9.720922708511352539e-01 2.855705738067626953e+00
6.366705298423768200e-01 2.857082843780517578e+00
7.235057927879681161e-01 2.860144983279937048e+00
1.369163201667404239e+00 2.860494414649147110e+00
2.249502580718321099e+00 2.865537669007673927e+00
1.414654285939439982e+00 2.867408815003088751e+00
2.259555816650390625e+00 2.867778539657592773e+00
7.613169149451689544e-01 2.873736023792907268e+00
1.859685124480622731e+00 2.877243047143860366e+00
6.259806156158447266e-01 2.880895376205444336e+00
1.325456258301836554e+00 2.881933534238464656e+00
1.409873127937316895e+00 2.886768817901611328e+00
1.118217126920628246e+00 2.887024013427611724e+00
4.160869325196311364e-01 2.887826422988089003e+00
8.025365112710570736e-01 2.891758564966298017e+00
1.026973498242328642e+00 2.893218167525871909e+00
8.549041631473114355e-01 2.896467266865260015e+00
8.136425294972751132e-01 2.898881777152199746e+00
2.007490986342961747e+00 2.902001398423911027e+00
2.002107138711036072e+00 2.902068481832145608e+00
1.879716481180023768e+00 2.907116879469022308e+00
8.354422490599970885e-01 2.908104822355662478e+00
2.507565975189208984e+00 2.922343254089355469e+00
2.235231033353091590e+00 2.922434299279785375e+00
2.338615208856817951e+00 2.925818800183455082e+00
2.715620113297806615e+00 2.926352730964126625e+00
1.263026475906372070e+00 2.926415443420410156e+00
2.617223095688439916e+00 2.931946188831783928e+00
3.536463852801647323e-01 2.938027534889994907e+00
9.801398379915088332e-01 2.960493658643327475e+00
1.400726675987243430e+00 2.970927953720092773e+00
2.809665747947340808e-01 2.971741588297629022e+00
8.821626587138851061e-01 2.984307871390471156e+00
2.973864078521728516e+00 2.986055850982666016e+00
2.025108575820922852e+00 2.988355398178100586e+00
1.288545956040057394e+00 2.993023976302123579e+00
2.305302102302047462e+00 2.998314753377325559e+00
2.280488694872657707e+00 3.001691370215194610e+00
9.572748056363189484e-01 3.013016480535939401e+00
4.309325551611590255e-01 3.015009326354978647e+00
1.198258876800537331e+00 3.018215656280517578e+00
2.505495790172019621e+00 3.019238434846759578e+00
2.201859951019287109e+00 3.020728588104248047e+00
1.170617699623107688e+00 3.032694101333618164e+00
2.476496365781541975e+00 3.035284183659943569e+00
2.571553945541381836e+00 3.044008016586303711e+00
1.162859797477722168e+00 3.053698062896728516e+00
9.516329169273376465e-01 3.064941644668579102e+00
3.071513084306995989e+00 3.066382019374854551e+00
1.147704005241394043e+00 3.070015907287597656e+00
2.041230916976928711e+00 3.073098421096801758e+00
2.488364696502685547e+00 3.076248407363891602e+00
9.154303916456917323e-01 3.076534029982045393e+00
2.182459483896168173e+00 3.076602734423801166e+00
1.001060605049133301e+00 3.089822292327880859e+00
8.321465133147522009e-01 3.106815345753046742e+00
5.933638842680283298e-01 3.123262240542520107e+00
5.214763283729553223e-01 3.125824213027954102e+00
1.958699971613487856e+00 3.129963187197773333e+00
2.337482597618047553e+00 3.132071442619690504e+00
1.203726649284362793e+00 3.146064519882202148e+00
2.086278676986694336e+00 3.146332502365112305e+00
2.329921044438435229e-01 3.152136049337651791e+00
3.058108935930327732e+00 3.154611079396905549e+00
1.028957580150410944e+00 3.156996010521084361e+00
7.246919126525033228e-01 3.160208973696551293e+00
2.352056980133056197e+00 3.166873216629028320e+00
2.769034144542468656e+00 3.171497325080725460e+00
2.107909270038085925e+00 3.174433432086570139e+00
2.064450979232788086e+00 3.183964967727661133e+00
5.962576095626885841e-01 3.186949176786868509e+00
9.601296133408662170e-01 3.199306745902991356e+00
2.120769500732421875e+00 3.199585914611816406e+00
8.203811808927663485e-01 3.209833024473042862e+00
2.772085622823885487e+00 3.210043721860086574e+00
1.285217642784118874e+00 3.210043907165527344e+00
8.082334995269775391e-01 3.215651035308837891e+00
1.066192984580993652e+00 3.223366260528564453e+00
9.770179350261882778e-01 3.230277319231119826e+00
2.506893321486347581e+00 3.231810972888972344e+00
2.129633800084862472e+00 3.236760129093866123e+00
2.163278271524663232e+00 3.237630122081667228e+00
1.399362078835561185e+00 3.240765447993327886e+00
2.133487224578857422e+00 3.241539478302001953e+00
1.780189037322998047e+00 3.250625848770141602e+00
9.203160405158996582e-01 3.252891778945922852e+00
1.805612141043300367e+00 3.255182975893027741e+00
4.722020924091339111e-01 3.257010221481323242e+00
1.443020876936893515e+00 3.260595179046712033e+00
8.960797709915627740e-01 3.263592951538811793e+00
1.188157200813293679e+00 3.273072242736816406e+00
1.210114863468833235e+00 3.276687678060348219e+00
2.181378565599115582e+00 3.287147213012623581e+00
1.447742199076224257e+00 3.287949759140304185e+00
2.772655252252362423e+00 3.291317599447347142e+00
1.211957812309264915e+00 3.302758693695068359e+00
5.367157632705695791e-01 3.304219114363874166e+00
2.008992460219926723e+00 3.308019124089138341e+00
2.221073627471923828e+00 3.312511205673217773e+00
4.108082511720255736e-01 3.326927559637714804e+00
1.454627949971472267e+00 3.333663344936347528e+00
5.430762171745300293e-01 3.343571662902832031e+00
2.059818267822265625e+00 3.344696044921875000e+00
2.035759925842285156e+00 3.348057270050048828e+00
5.911431908607482910e-01 3.354345083236694336e+00
2.755700592238359725e+00 3.358029071622266049e+00
9.922695324009006557e-01 3.364612602250373286e+00
1.053500663109792290e+00 3.366871680513247700e+00
2.375991106033325195e+00 3.373988628387451172e+00
6.134282733193658910e-01 3.379570414818522828e+00
1.406418288914531800e+00 3.384358103313997113e+00
1.325141190647763922e+00 3.392384422891170814e+00
2.439416646957397461e+00 3.397936105728149414e+00
6.260983712081802377e-01 3.403047358581665183e+00
2.957209039271974760e+00 3.404054019561420397e+00
1.058567028356134143e+00 3.407613324070311034e+00
2.078482627868652344e+00 3.410255193710327148e+00
8.016917109489440918e-01 3.413938760757446289e+00
1.879298063113754580e+00 3.414909623706492869e+00
1.995270967483520508e+00 3.416617870330810547e+00
2.365244916611826120e+00 3.432324568315737512e+00
9.866681694984436035e-01 3.440652370452880859e+00
7.676493525505065918e-01 3.463901996612548828e+00
1.984395742416381836e+00 3.464074134826660156e+00
1.337908625602722168e+00 3.468538522720336914e+00
2.575653314590454102e+00 3.469811916351318359e+00
1.253761344488318663e+00 3.471497392206530641e+00
1.860757115598214995e+00 3.474917300985201241e+00
6.386050696048573005e-01 3.483905153532850907e+00
9.253437519073486328e-01 3.486042022705078125e+00
7.576457262039184570e-01 3.486426115036010742e+00
2.229335010051727572e-01 3.491803646087646484e+00
2.700309991836547852e+00 3.501670598983764648e+00
1.092082260036907115e+00 3.505060866617052628e+00
2.062361478805541992e+00 3.507400512695312500e+00
2.318452791262873625e+00 3.511646749693122960e+00
2.047620058059692383e+00 3.516983032226562500e+00
1.036229319115138825e+00 3.517560578090904055e+00
1.236105322837829590e+00 3.534381389617919922e+00
2.029198408126831055e+00 3.536261558532714844e+00
4.017642605177814685e-01 3.537184606782714624e+00
1.207003084571355522e+00 3.546209896840995857e+00
4.117778241634369452e-01 3.546988487243652344e+00
1.415263878527279529e+00 3.548703661971023937e+00
6.837663652201377840e-01 3.555453765183192782e+00
1.282615542411804421e+00 3.562377929687500000e+00
1.317419528961181641e+00 3.564831972122192383e+00
1.293489694595336914e+00 3.573386907577514648e+00
2.787568635324569222e+00 3.576382288573615842e+00
2.669540628627506074e+00 3.578864153641901691e+00
1.244401316521742018e+00 3.586469388076080733e+00
2.342394986841115134e+00 3.587713058627080898e+00
1.254797021207626484e+00 3.589430386210246571e+00
2.834128915839108087e-01 3.593704093347452666e+00
2.259540196770408738e+00 3.594282097954702326e+00
1.136378765106201172e+00 3.599346637725830078e+00
1.328323364257812500e+00 3.603399038314819336e+00
2.325191974639893022e+00 3.605031251907348633e+00
2.150430202484130859e+00 3.608567953109741211e+00
1.516029868614712506e-01 3.628339437681543433e+00
2.344250809138933356e+00 3.640276424918931220e+00
2.024692768051240321e+00 3.640762333096800418e+00
2.869225502014160156e+00 3.640971899032592773e+00
2.106088876724243164e+00 3.644376516342163086e+00
2.973755598068237305e+00 3.650751352310180664e+00
8.146023451852268948e-01 3.657057308512349447e+00
2.207953214645385742e+00 3.657265901565551758e+00
1.392239318433238227e+00 3.661580136860699941e+00
6.831618958834303479e-01 3.665459793989866544e+00
2.554863651383472600e+00 3.665649791049774286e+00
2.634885072708129883e+00 3.666679620742797852e+00
1.299098372459411621e+00 3.669100999832153320e+00
2.216683864593505859e+00 3.671763896942138672e+00
2.349487578339918503e+00 3.675205431086977281e+00
1.272394657135009766e+00 3.676510572433471680e+00
4.698222130810139063e-01 3.677750681668150001e+00
2.203530311584472656e+00 3.678890705108642578e+00
8.959488839272443661e-01 3.686351350170582908e+00
2.622915983200073686e+00 3.688094377517700195e+00
2.499368207931038643e+00 3.704510164781692705e+00
4.679024915126139827e-01 3.707846502524616561e+00
2.642183542251586914e+00 3.708860635757446289e+00
6.870065326971607211e-01 3.714114114209289497e+00
3.037582235282591192e+00 3.714518319778972621e+00
2.514055967330932173e+00 3.716369390487670898e+00
2.027083784341810468e-01 3.722419261932373047e+00
6.808319091796873890e-01 3.722882986068725586e+00
1.641570025804895971e-01 3.724422521966166855e+00
2.550926013597641262e+00 3.730355171537499626e+00
1.166697265288223706e+00 3.736515211238030432e+00
1.967103834788485717e+00 3.745707101461508426e+00
2.437386512756348100e+00 3.755939483642578125e+00
2.026378950967169246e+00 3.756780240352928679e+00
3.091803073883056641e+00 3.756910085678100586e+00
1.455872416496276855e+00 3.761390924453735352e+00
1.176139831542968528e+00 3.763133525848388672e+00
2.146398521445722629e+00 3.765625652662783374e+00
1.394465088844299316e+00 3.774291276931762695e+00
2.078942818624817335e+00 3.777627121962814361e+00
7.503483286881302838e-01 3.780890138585164539e+00
2.301167144490200656e+00 3.783211886547547476e+00
1.409346222877502219e+00 3.784029722213745117e+00
8.698914647102355957e-01 3.788954257965087891e+00
1.380816698074340598e+00 3.794456958770751953e+00
1.339272093988001622e+00 3.814390149359194293e+00
1.418643480827079140e+00 3.814986222398242699e+00
3.261225324599958397e-01 3.815200905697673228e+00
9.510233021689352695e-01 3.819106710914818681e+00
7.942810558865738280e-01 3.824443919389960200e+00
2.197451353073120117e+00 3.830212831497192383e+00
1.172196507453918457e+00 3.837702035903930664e+00
2.171157549537105602e+00 3.837872634113374204e+00
1.170868255081961795e+00 3.841723816685576498e+00
2.243685245513915572e+00 3.849070549011230469e+00
2.599133968353271928e+00 3.852752447128295898e+00
8.342271771195680641e-01 3.854347167139529073e+00
2.339729040302912733e+00 3.858379019222662798e+00
1.211531400680542214e+00 3.883795738220214844e+00
5.117462778669921164e-01 3.888189939324162125e+00
1.346587061882019265e+00 3.888302326202392578e+00
2.717556124505008164e+00 3.892050044635369854e+00
1.924722433090209961e+00 3.892923593521118164e+00
2.771873917451028291e+00 3.895043357077853763e+00
1.102151591926254781e+00 3.900438707767144741e+00
2.619867532775158381e+00 3.908420547548812074e+00
3.607178220719923223e-01 3.909559125295531956e+00
1.765353083610534668e+00 3.909831047058105469e+00
2.904694093501826391e+00 3.910212546512535692e+00
2.396933396125389137e+00 3.916101014671894198e+00
2.006366729736328125e+00 3.916220664978027344e+00
2.906803256839874727e+00 3.916596207487735182e+00
2.099182844161987305e+00 3.918917179107666016e+00
1.332981824874877930e+00 3.923996925354003906e+00
2.958616495132446289e+00 3.924701929092407227e+00
2.157540953363092040e+00 3.930214206741903471e+00
1.057461380958557129e+00 3.935520172119140625e+00
2.046899602891799397e+00 3.936906968660942141e+00
1.873781653608839193e+00 3.940263526417091100e+00
8.405258747412412967e-01 3.941789980240668179e+00
1.919779959403454361e+00 3.943259042798208380e+00
1.911331745429883489e+00 3.946567202338310487e+00
1.413361668586730735e+00 3.947190046310424805e+00
1.953987121582031250e+00 3.947309732437133789e+00
2.305526202503433153e-01 3.947635638224027854e+00
7.163282036781311035e-01 3.957566022872924805e+00
6.144119501113891602e-01 3.965594768524169922e+00
1.413608252828797429e+00 3.967160747748616600e+00
2.116089820861816406e+00 3.969580650329589844e+00
1.169594616166470535e+00 3.972249746709531681e+00
6.129617674396838911e-01 3.972578502941219725e+00
3.049455529176318791e+00 3.972590427864518325e+00
2.483349337782193800e+00 3.973000499221419624e+00
9.322457313537597656e-01 3.977434396743774414e+00
2.582091298772802856e-01 3.982155442615750385e+00
6.093547288054688149e-01 3.984516545858431069e+00
2.426527500296674855e+00 3.984718209303605985e+00
2.728202817353959642e+00 3.985473070371685189e+00
8.974186967702135753e-01 3.986004858427158126e+00
9.607032440493087355e-01 3.988124191470202806e+00
3.762768296988922012e-01 3.990192351966014073e+00
1.871556758880615234e+00 4.000851631164550781e+00
7.032900467279420420e-01 4.003410196836822088e+00
1.841154456138610840e+00 4.003824710845947266e+00
2.100717496873954482e-01 4.009850383582809208e+00
1.303758979932550854e+00 4.013041321926722915e+00
1.997164768355320863e+00 4.019210889586386060e+00
2.069555147680911755e+00 4.019284706286869735e+00
2.393429972358146252e+00 4.019430286089093585e+00
3.226322531700134832e-01 4.022783279418945312e+00
1.087198495864868164e+00 4.027148723602294922e+00
4.290267527103424072e-01 4.027544975280761719e+00
1.873258352279663086e+00 4.032640457153320312e+00
2.184669689104238310e-01 4.038998570849902769e+00
5.229141821384029054e-01 4.041626931556736579e+00
1.707014116456217590e+00 4.043974858191134558e+00
2.802984316021924993e+00 4.044693578572331916e+00
1.021224021911621094e+00 4.045569419860839844e+00
1.351057529449462891e+00 4.053895473480224609e+00
1.875199913978576660e+00 4.057118892669677734e+00
9.052033260267629000e-01 4.063955538186512229e+00
1.157572627067565918e+00 4.067555904388427734e+00
2.028947114944458008e+00 4.068799018859863281e+00
2.094693555350718661e+00 4.071024367358668350e+00
1.869925260543823242e+00 4.073901176452636719e+00
1.839043021202087402e+00 4.074284076690673828e+00
1.126296639442443848e+00 4.074802875518798828e+00
9.398970007896423340e-01 4.078625679016113281e+00
2.107345798584973728e+00 4.085183176414385997e+00
1.388245463371276855e+00 4.085802555084228516e+00
1.246860395811751204e-01 4.093161845203831639e+00
2.965037852869430446e-01 4.094425493625928780e+00
1.164193356981070737e+00 4.111330267492119717e+00
2.757412284875389030e+00 4.114576598683193254e+00
9.038683279088224332e-01 4.118321622254272896e+00
2.229007438750570724e+00 4.130847550847721372e+00
2.035971407466457439e+00 4.135195547953312456e+00
1.943339347839355469e+00 4.143707275390625000e+00
5.613117814064025879e-01 4.148398876190185547e+00
1.467034935951232910e+00 4.159895420074462891e+00
4.666395045121442542e-01 4.166024686625600992e+00
2.024763584136962891e+00 4.176109790802001953e+00
1.138747930526733620e+00 4.176568984985351562e+00
7.338122931327600851e-01 4.178926940785611777e+00
1.452105998992919922e+00 4.182999134063720703e+00
2.268420883021162737e+00 4.187694915394451378e+00
1.505500452261100852e+00 4.188340189360440391e+00
1.916617852367522135e+00 4.189479926004302079e+00
2.449521317506510698e+00 4.194181285484384958e+00
1.432688951492309570e+00 4.195651531219482422e+00
2.625108612483907145e+00 4.199530055014337293e+00
2.862935304641723633e+00 4.201306343078613281e+00
2.382657325142493399e+00 4.202901178654537162e+00
2.071377277374267578e+00 4.208193302154541016e+00
2.720636953524712798e+00 4.213508783569094973e+00
2.109823197795665628e+00 4.219539543484842170e+00
1.989942312240600586e+00 4.220099449157714844e+00
6.928501590432426527e-01 4.220172305948739933e+00
1.434684170630321942e+00 4.222280571863723964e+00
1.229286966887919164e+00 4.223358280908986018e+00
1.311256289482116699e+00 4.223511219024658203e+00
1.388978242874145286e+00 4.225270748138427734e+00
2.223645371355138067e+00 4.230886696349195120e+00
1.774406790733337402e+00 4.236666679382324219e+00
2.721716780013522463e+00 4.241152636504746276e+00
8.224215357487619782e-01 4.241591289886715188e+00
2.859691619873046875e+00 4.243769168853759766e+00
2.459672323711664887e+00 4.247088710264746325e+00
3.883585904409818657e-01 4.252382025480098804e+00
2.506161928176879883e+00 4.260663032531738281e+00
1.114878773689270020e+00 4.260749340057373047e+00
2.132061866856533427e+00 4.265205794553849294e+00
1.420041557114925412e+00 4.270482200664302397e+00
1.003423929214477539e+00 4.271057605743408203e+00
2.069838263373953602e+00 4.271649642059629493e+00
5.269943246930448577e-01 4.272164148527219041e+00
2.506696189043999379e+00 4.284379758231381174e+00
1.700124135052917040e+00 4.287747863902573009e+00
2.159850481507175513e+00 4.288311470857965269e+00
2.099168539047241211e+00 4.299847602844238281e+00
1.341306264800658177e+00 4.300680185853464899e+00
1.704886674507773980e+00 4.301386579326956117e+00
2.187105655670166016e+00 4.302210330963134766e+00
2.026211568862802181e+00 4.302366900543435513e+00
1.785307455604493887e+00 4.308635450252110033e+00
1.140537738800048828e+00 4.309558391571044922e+00
1.119061112403869629e+00 4.313519477844238281e+00
1.977687954902648926e+00 4.314281463623046875e+00
2.549354560941776260e+00 4.320777037884820260e+00
2.008201599121093750e+00 4.323137283325195312e+00
9.856000856929034715e-01 4.328035558888284839e+00
2.031175136566162109e+00 4.328391075134277344e+00
1.932392626261269619e+00 4.345102402137296593e+00
1.029572547317206599e+00 4.346927335686585181e+00
1.064830178989428777e+00 4.348384757782443266e+00
9.901591907304967410e-01 4.352569492118399275e+00
1.252817272399946003e+00 4.355085647875555743e+00
2.759552694940756279e+00 4.359959046933889582e+00
1.491106177204445826e+00 4.359998104824434506e+00
1.948702993332807942e+00 4.361110957686627820e+00
2.266559944530684767e+00 4.361918475322287492e+00
1.149452409364281502e+00 4.364118402653430984e+00
2.873937012067026564e-01 4.366462044917152951e+00
1.872595548629760742e+00 4.368408679962158203e+00
2.293736209350744293e+00 4.370917622151791804e+00
1.728393644365033843e+00 4.370994294392132495e+00
2.163832153381327839e+00 4.371573814232275978e+00
2.007721900939941406e+00 4.373777389526367188e+00
8.593553304672241211e-01 4.375340938568115234e+00
1.171863914448875832e+00 4.376160882999303503e+00
2.203452319371892010e+00 4.378977642486828969e+00
2.934898614883422852e+00 4.383132457733154297e+00
1.863029935174653984e+00 4.384529947629017599e+00
2.317540332779949086e+00 4.390385466702420025e+00
2.454324010569627124e+00 4.402348980910326226e+00
2.888930522561281578e-01 4.406213608862690201e+00
1.221353173255920632e+00 4.407269954681396484e+00
2.292646998031441008e+00 4.414811852564370476e+00
1.240155626088887741e+00 4.414897099945073400e+00
2.549886703491210493e+00 4.415616512298583984e+00
9.279326796531677246e-01 4.416405677795410156e+00
5.672830343246461071e-01 4.418039798736572266e+00
9.728844761848449707e-01 4.419381618499755859e+00
1.037123861935642655e+00 4.423320278698239960e+00
1.761692779428423172e+00 4.423405587742215594e+00
2.159465816910092428e+00 4.424232862792177201e+00
8.879663348197937012e-01 4.432297229766845703e+00
2.591003991971564169e+00 4.434689610092433121e+00
1.222574830055236816e+00 4.434906005859375000e+00
1.822878291083470881e+00 4.441181090631686423e+00
2.047655913114708959e+00 4.442131561202486978e+00
1.426376461982727051e+00 4.442237377166748047e+00
4.795288042989875876e-01 4.442258710018616163e+00
2.359853982925415039e+00 4.444332122802734375e+00
2.172134480038453219e+00 4.444713471749670575e+00
2.103600703129726135e+00 4.446004064539140543e+00
9.786208024956304374e-01 4.448915080745122097e+00
1.340773850679396473e-01 4.449236392974853516e+00
5.953779220581054688e-01 4.449967861175537109e+00
6.135658025741576038e-01 4.451926231384277344e+00
2.552955093588359148e+00 4.456266944191108692e+00
6.986862353038784113e-01 4.459602340622703665e+00
2.193292196839115249e+00 4.459781382278170447e+00
2.376856088638305664e+00 4.461138725280761719e+00
2.012401103973388672e+00 4.461887359619140625e+00
9.628364278145997712e-01 4.472397855339776740e+00
8.020411116038951294e-01 4.474685688357382674e+00
1.006718993186950684e+00 4.475365638732910156e+00
2.717604430893401979e+00 4.477341958187684767e+00
8.368144656544228566e-01 4.479822332867862578e+00
6.001710259340030662e-01 4.487121494485937667e+00
1.958202514575495767e+00 4.491220949160399378e+00
5.663603779763334289e-01 4.494481256039271067e+00
1.259229055602926417e+00 4.498211657087933801e+00
2.243605541466678677e+00 4.508850860199534516e+00
1.904283761978149414e+00 4.524254322052001065e+00
9.747089445590974288e-02 4.525655746459960938e+00
2.462265562550611797e+00 4.530594664594486787e+00
1.892638174743860757e+00 4.537656423990423349e+00
2.678022242801558761e+00 4.537681304103722724e+00
2.522110364450464104e+00 4.546951541272669317e+00
2.076007640016607425e+00 4.549022806704138944e+00
2.116560935974121094e+00 4.551236152648924893e+00
1.453552333496726412e+00 4.551845695422907845e+00
2.656304079933425211e+00 4.552792121306832307e+00
2.725255966186523438e+00 4.556930065155030185e+00
9.616406559944152832e-01 4.557311058044433594e+00
2.207384347915649414e+00 4.560366153717041904e+00
1.762320158586498042e+00 4.567113728046083843e+00
4.738077521324157160e-01 4.570807933807373047e+00
2.146475719269634208e+00 4.572945685729973064e+00
9.690031808019688997e-01 4.576931709373917911e+00
2.188353061676025391e+00 4.577494144439697266e+00
2.009849802445286659e+00 4.579190578786498378e+00
2.285123825073242188e+00 4.585508346557617188e+00
1.120924353599548340e+00 4.587280750274659091e+00
7.723435475375861614e-01 4.589434442470752273e+00
2.551552535989974668e+00 4.590755551936975820e+00
1.979513964379132185e+00 4.592825906757922461e+00
2.010503805670934785e+00 4.593651421159116843e+00
2.150047063827514648e+00 4.594412326812744141e+00
1.084200433486078863e+00 4.601728642760409826e+00
1.964376449584960938e+00 4.602098464965820312e+00
8.613561987876892090e-01 4.607089042663574219e+00
1.230533838272094727e+00 4.614684581756590909e+00
1.881088256835937500e+00 4.616874217987060547e+00
2.462236571336812396e+00 4.618146643633951776e+00
9.451544754451426389e-01 4.622304906260136015e+00
7.905671666217889415e-01 4.623871944673038747e+00
2.425312042236328125e+00 4.625614643096923828e+00
2.609317152121963801e+00 4.626935106109552720e+00
2.004315590867060237e+00 4.628951353650449185e+00
1.430083772230003492e+00 4.631289085319040488e+00
2.103202607841882621e+00 4.633724953409691594e+00
2.388874053955077681e+00 4.635706424713134766e+00
1.918758625857410971e+00 4.640231338299882324e+00
1.941690861288110970e+00 4.643287098918018607e+00
2.012618029488758342e+00 4.651409848168794881e+00
2.047596359615988515e+00 4.652156979592176889e+00
1.132926973389879466e+00 4.657075471722581739e+00
1.822504956545246024e+00 4.657381557981166154e+00
2.377043883731829954e+00 4.665293694742869590e+00
1.411197730600074696e+00 4.669699797006578557e+00
1.406769107533813790e+00 4.678835843821702589e+00
1.066453426386245074e+00 4.682738005975430440e+00
2.332479203713173188e+00 4.683457234185175011e+00
2.062091112136840820e+00 4.686535358428955078e+00
1.182008504867553489e+00 4.695291042327880859e+00
7.625369429588317871e-01 4.695341587066651279e+00
7.989598512649536133e-01 4.695579528808593750e+00
2.441202763537122067e+00 4.700363324302260004e+00
2.394632577896117720e+00 4.701222896575927734e+00
1.296779632568359375e+00 4.704983711242675781e+00
2.693949838067112523e+00 4.709309615986060571e+00
1.920335255473175184e+00 4.713746686611177239e+00
3.591096515532188338e-01 4.718916682597456891e+00
1.823951061288564990e+00 4.720247388777031539e+00
2.193421214936940089e+00 4.723460765560945518e+00
9.279542565345764160e-01 4.726174354553223544e+00
9.209463596343994141e-01 4.727870941162109375e+00
2.596855938278943565e+00 4.728719985786351998e+00
2.125555038452148438e+00 4.729044914245604581e+00
1.783114352649850076e+00 4.730714876075334807e+00
1.202492503377460054e+00 4.732467763935522598e+00
2.111066102981567383e+00 4.732986927032470703e+00
2.201160700499309897e+00 4.734835181832702133e+00
9.353095680212597518e-01 4.739104746538790991e+00
2.558142596436425720e+00 4.739258494606481520e+00
1.116876073790975532e+00 4.739609926837136555e+00
1.789046045424843356e+00 4.740455769059736646e+00
2.078045860391163568e+00 4.748801936740727037e+00
2.271800041198730469e+00 4.748847961425781250e+00
1.771657762510684853e+00 4.749321239038690301e+00
9.865211248397827148e-01 4.750234127044678623e+00
1.003520488739013672e+00 4.758709907531738281e+00
7.192421555519104004e-01 4.762215137481690341e+00
1.236675024032592995e+00 4.762684345245361328e+00
2.099378744019558152e+00 4.774272669264642666e+00
4.663993924912530620e-01 4.775102302265104903e+00
2.764289140701293945e+00 4.776866436004638672e+00
1.863845647993516597e+00 4.794946450843903030e+00
2.132808330638430228e+00 4.795101346821708077e+00
2.276279926300048828e+00 4.803895473480223721e+00
2.074721174289787307e+00 4.807613786120139565e+00
2.427596345236800346e+00 4.810932980381605439e+00
1.677722710546304619e+00 4.812547068658514782e+00
2.295691917976719232e+00 4.818761874540125056e+00
1.704916844189526159e+00 4.819661169835034009e+00
1.946489097625452747e+00 4.825259424474680259e+00
2.614950941814321972e+00 4.830346275591190341e+00
7.492168143833057847e-01 4.841339280350144492e+00
2.473884643247867832e+00 4.847905590906487205e+00
1.355263471603393777e+00 4.850918292999267578e+00
1.898485422134399414e+00 4.857669830322266513e+00
2.295771121978759766e+00 4.857838153839111328e+00
1.383199965328704373e+00 4.861795276737782778e+00
8.871577747251992996e-01 4.862217289006432352e+00
2.360847558587291672e+00 4.864937764376747076e+00
1.421580341908872169e+00 4.865870497053021992e+00
1.279201295398781690e+00 4.867215850327151649e+00
1.845860755981470369e+00 4.868031676729195567e+00
1.028573036193847656e+00 4.868208408355712891e+00
1.878392815215804923e+00 4.868590695864251749e+00
1.527700631928081143e-01 4.869899215578149310e+00
2.353700876235961470e+00 4.878496170043945312e+00
8.884370977800505331e-01 4.883331430778508953e+00
7.359605431556701660e-01 4.889981269836425781e+00
1.316498994827270508e+00 4.890657901763916016e+00
2.510593414306640625e+00 4.891003608703614169e+00
1.753789322884075963e+00 4.893866989398766520e+00
2.483690759161468975e+00 4.900194770552825929e+00
2.482215642929077148e+00 4.900589466094970703e+00
2.312889712370567619e+00 4.906031438337005390e+00
2.389420393169859214e+00 4.909067503406769895e+00
1.716452735363455329e+00 4.912828035585540931e+00
8.969131382585051604e-01 4.923800538783069669e+00
6.275959148834608925e-01 4.923942830866638865e+00
9.024904966354370117e-01 4.924284458160400391e+00
6.991394430453474751e-01 4.926793127005099748e+00
2.271610260009765625e+00 4.927495956420899326e+00
1.207187958105210734e+00 4.933616862017962568e+00
1.322346329689025879e+00 4.938634395599365234e+00
1.970772979907415401e+00 4.942186481465332015e+00
2.203512509482757620e-01 4.943932130330041197e+00
2.813574053093131355e-01 4.955165332661800370e+00
2.037803888320922852e+00 4.961993217468261719e+00
6.553643244047354655e-01 4.963895488176185644e+00
3.343068957328797497e-01 4.967140674591064453e+00
1.984334945678710938e+00 4.973801612854003906e+00
1.289503226256678792e+00 4.977477407526218478e+00
2.397332444849675337e+00 4.979207717423141943e+00
2.657054908174081298e+00 4.983303461634343456e+00
1.871520982880995332e+00 4.985224559361386198e+00
3.010189831256868120e-01 4.985286712646484375e+00
2.032774209976196289e+00 4.988164901733398438e+00
2.379977069318794491e+00 4.989124506717370622e+00
2.878614038715954671e+00 4.989428754461711080e+00
2.316930547171113020e+00 4.992875778695500699e+00
2.240407569641127861e+00 4.996604901464372972e+00
2.105380296707153320e+00 4.997396945953369141e+00
4.526584898975233306e-01 4.998525038227541906e+00
2.116131949599476147e+00 5.002471314766680166e+00
1.988487362861633301e+00 5.003190517425536221e+00
1.166086158212806589e+00 5.003606012596217845e+00
2.222787751111070520e+00 5.004870945610927713e+00
9.965339681894376245e-01 5.008899532434170965e+00
2.185979610386557415e+00 5.009145171088180248e+00
1.976051211357116699e+00 5.010094642639159268e+00
1.254323244094848633e+00 5.012946128845214844e+00
9.605960676444755819e-01 5.013506133054911551e+00
1.549212123467200442e-01 5.017166574238164145e+00
5.474401116371154785e-01 5.018573284149169034e+00
1.819652795791625977e+00 5.018702983856200284e+00
2.065081119537353516e+00 5.018897056579589844e+00
1.108838193196283184e+00 5.021803079341830234e+00
2.146675353630181249e+00 5.026012974358636143e+00
2.386449813842773438e+00 5.027681827545166016e+00
1.829287409782409668e+00 5.027979373931884766e+00
2.252201030010957172e+00 5.029167732402965996e+00
8.731409247620749436e-01 5.031290853893905179e+00
2.228246450424194336e+00 5.037610530853271484e+00
2.146388169340075258e+00 5.041831691857266762e+00
3.107207050231561296e-01 5.046330926421754626e+00
6.060937278527012140e-01 5.046827946661194275e+00
2.076076984405517578e+00 5.049367904663085938e+00
9.997254547506335687e-01 5.052805965346268913e+00
2.399730472614767240e+00 5.052895176803442467e+00
1.044316125511472126e+00 5.064883487110497740e+00
9.150165915489196777e-01 5.068235397338867188e+00
2.370919704437255859e+00 5.076088905334472656e+00
1.314163208007812722e+00 5.084923744201660156e+00
2.536191368983083283e+00 5.084970561597022431e+00
1.170841509771705979e+00 5.097061974917749261e+00
2.327170221615548762e+00 5.100306435052926801e+00
2.567660447408000035e+00 5.103488662213456983e+00
1.187265396118163840e+00 5.106239318847655362e+00
1.890652873385257893e+00 5.108489138268783591e+00
9.862280077257603583e-01 5.109375129023194795e+00
1.986229777336120605e+00 5.109852313995361328e+00
1.860140221072344557e+00 5.111087648539354156e+00
2.718896165538365217e+00 5.113994293471960439e+00
8.167749047279357910e-01 5.115538597106933594e+00
2.807385028669412641e+00 5.115938507292311144e+00
1.821260571479797363e+00 5.116877555847167969e+00
1.442789501916154071e+00 5.119941233967312044e+00
1.754201717326408616e+00 5.120010208476008629e+00
1.426727536142823327e+00 5.124966542388885493e+00
2.282447534312547877e+00 5.127785002740760767e+00
1.872158711570679035e+00 5.130031443656846157e+00
1.903037852181928447e+00 5.136195938895784963e+00
1.818315591437924761e+00 5.136735480556042788e+00
2.086341142654418945e+00 5.137612342834472656e+00
1.820904259211563847e+00 5.137768757714759715e+00
1.814212836892219904e+00 5.139165934387824208e+00
1.044419407844543457e+00 5.142599582672120029e+00
2.216856002807617188e+00 5.143212318420410156e+00
2.219945698238505294e+00 5.146900437698954001e+00
2.229854106903076172e+00 5.148806095123291904e+00
2.565479300108072014e+00 5.152043608321020152e+00
1.946976039639139122e+00 5.153100972318589434e+00
1.007794664710426780e+00 5.153502857462529008e+00
1.163262486457824707e+00 5.154800415039062500e+00
1.146751285820298394e+00 5.155025293215664384e+00
1.876379464031663780e+00 5.159397772822527983e+00
2.477693083518533790e+00 5.159819630305539917e+00
2.258315324783324751e+00 5.164833545684813565e+00
2.479286838634231938e+00 5.171052992008749349e+00
2.137864589691162109e+00 5.173573970794677734e+00
1.754141099802215553e+00 5.176558635693624844e+00
1.868814451820989486e+00 5.181693212627431322e+00
1.693122104808926665e+00 5.182096910764700581e+00
2.354562044143676758e+00 5.186498165130615234e+00
2.176180601119995117e+00 5.189069271087646484e+00
1.779302000999450684e+00 5.194921493530273438e+00
1.116452670903097077e+00 5.198422858235969279e+00
1.022161483764648438e+00 5.199605941772460938e+00
2.753178844324451813e+00 5.200586353325752142e+00
1.334548473358154297e+00 5.210928916931152344e+00
2.571276115695444009e+00 5.225323631925089529e+00
1.259547915801135565e+00 5.228016165048936514e+00
2.621684759710322776e+00 5.230521551574925709e+00
1.319655060768127663e+00 5.253201007843017578e+00
5.225745984582320647e-01 5.255489956669779694e+00
1.218612521395387782e+00 5.269261723784318896e+00
1.193737387657165305e+00 5.278094291687011719e+00
1.194860531773553891e+00 5.279472162343479269e+00
3.117689371109008789e+00 5.285881042480468750e+00
1.206617593765258789e+00 5.288376331329344815e+00
2.766198477415636958e+00 5.288893568674560619e+00
9.337552665486695824e-01 5.297883443705225126e+00
7.409344503266009907e-01 5.298209552666899746e+00
2.413478888775935971e+00 5.300992395456151307e+00
2.144381659423736153e+00 5.301440509311165172e+00
9.825391356267274556e-01 5.301502306743170578e+00
1.890029814862956625e+00 5.305576672252416692e+00
1.003784656524658203e+00 5.313610076904296875e+00
2.123504123666023702e+00 5.317290543450229556e+00
2.293504702061763822e+00 5.320536579450016568e+00
3.518472611904144287e-01 5.320549488067626953e+00
7.777454853057861328e-01 5.321776390075682706e+00
1.895553231239318848e+00 5.322393894195556641e+00
2.157367901073032890e+00 5.325713876762730337e+00
2.273177845797153207e+00 5.330079559255421984e+00
2.317404588875781712e+00 5.332887674044924253e+00
2.527327541954177637e+00 5.333696867271608966e+00
7.890271911178080577e-01 5.336682064864359809e+00
2.348583221435546875e+00 5.338692665100097656e+00
2.015089418641156094e+00 5.340033387829979716e+00
2.219261605872795862e+00 5.340059885211359436e+00
9.691397153739146342e-01 5.341060979138950948e+00
2.505713618039503654e+00 5.344588396852977930e+00
1.362721800804138184e+00 5.344743728637695312e+00
8.987417221069335938e-01 5.349550247192382812e+00
2.290879366961322994e+00 5.351696740365517790e+00
5.049286582335628104e-01 5.352321262306515948e+00
5.478447458494972722e-01 5.354296886657651022e+00
1.285335659980773704e+00 5.362225055694580078e+00
1.758308887481689453e+00 5.368077754974365234e+00
2.929929908754044909e+00 5.370746294914326313e+00
1.841098546981811523e+00 5.376392364501952237e+00
1.923691630363464355e+00 5.381518363952637607e+00
1.147714495658874512e+00 5.383447647094726562e+00
5.190263994285803095e-01 5.386887724554313195e+00
2.454256296157836914e+00 5.390518665313720703e+00
1.339298963546752930e+00 5.400016307830809659e+00
2.842453652214595561e+00 5.400650231327285056e+00
9.195876247005861925e-01 5.401757061091362999e+00
1.919144749641418457e+00 5.404037952423095703e+00
1.168945312500000222e+00 5.414466857910157138e+00
1.062594213576980862e-01 5.424700857842856827e+00
2.404427182927697970e+00 5.431182061187262988e+00
1.972280157940270229e+00 5.431997389992787362e+00
2.417396306991577148e+00 5.433767795562745029e+00
2.309341645078699212e+00 5.438928169705965487e+00
2.946283441933858605e+00 5.443914613620949972e+00
1.034702357260969485e+00 5.445229464408372522e+00
1.259270974005274102e+00 5.451565175306896549e+00
2.074539572936630716e+00 5.453975629834678429e+00
9.590532201235237864e-01 5.456323625787652176e+00
2.729712750767278706e+00 5.456429485797167800e+00
6.041254053222961939e-01 5.461844178461657151e+00
2.094598033046461971e+00 5.462936268563499453e+00
5.038612484931945801e-01 5.468653202056883877e+00
1.041969166595772656e+00 5.468679829334782916e+00
8.388788700103759766e-01 5.472623825073242188e+00
1.235358506664020473e+00 5.477672318618452607e+00
1.869480724348489664e+00 5.478357599865477212e+00
2.536990823684798890e+00 5.484983925747665801e+00
1.334330797195434792e+00 5.488385677337646484e+00
2.069531679153442383e+00 5.493805885314942294e+00
1.395162820816040039e+00 5.497127056121826172e+00
8.980420403140336738e-01 5.504075680519999736e+00
2.217432955019054130e+00 5.507674795678351387e+00
2.070783348266030721e+00 5.509425975075759041e+00
1.885763882076699760e+00 5.509828345177588460e+00
3.033712061728940590e+00 5.510237153059209803e+00
1.072748630180965668e+00 5.520765343167346906e+00
6.279321908950805664e-01 5.522754669189453125e+00
2.150461912155151367e+00 5.524314880371093750e+00
2.133595701271926437e+00 5.530923478655102699e+00
5.245153388501676561e-01 5.541861547013672507e+00
1.881902430798539250e+00 5.542967441914875337e+00
1.105930027872878307e+00 5.546647004911291035e+00
2.598497951609573864e+00 5.551061029275670577e+00
2.086932656410767084e+00 5.552628573631823272e+00
2.924920572780525529e-01 5.554655524127728228e+00
1.083366231352514697e-01 5.558189386645482344e+00
1.703961665875468379e+00 5.559600142049109905e+00
5.487372990127331596e-01 5.560983946334626893e+00
1.105871696558548889e+00 5.570532818970058031e+00
2.418977368218270474e+00 5.571085198326834131e+00
1.912466660971323229e+00 5.572358024323817993e+00
2.051633377541913106e+00 5.574857841818504411e+00
2.707334732333208649e+00 5.578892345951148357e+00
1.100683497072984518e-01 5.601503103077591028e+00
1.884260535240173340e+00 5.603941917419432706e+00
6.870616707367431797e-01 5.607845443952562903e+00
2.517024686632748920e-01 5.618924896634036159e+00
2.407978997102319330e+00 5.619660494849577859e+00
1.216624140739440918e+00 5.627752304077149326e+00
2.428681869924891767e+00 5.631040212327537375e+00
2.305624221680750541e+00 5.632999295069970991e+00
5.318187129312323957e-01 5.633515645388063930e+00
2.687620233683476023e+00 5.638861264011192809e+00
4.595685294503149554e-01 5.642678196915994704e+00
1.092985749244689941e+00 5.642934322357178623e+00
1.462984979152679721e-01 5.644331932067871094e+00
2.015124559402465820e+00 5.649676799774170810e+00
2.160733222961425781e+00 5.650954246520996982e+00
8.060705974885645775e-01 5.654189418693686520e+00
7.191529450504775545e-01 5.655649541765427557e+00
2.355833010772534042e+00 5.664318308878359076e+00
1.771899461746215820e+00 5.665302753448485440e+00
4.857156574726104736e-01 5.667008876800537109e+00
2.430576745654884796e+00 5.672239041895882572e+00
1.693986058235168457e+00 5.675375938415526456e+00
7.134029865264892578e-01 5.675683975219726562e+00
2.159363269805908203e+00 5.676804542541503906e+00
1.268148660659789817e+00 5.684654235839843750e+00
2.156563031773018224e+00 5.687486982879615738e+00
2.608920843965020442e+00 5.689623424499039572e+00
1.270403649275662294e+00 5.690008476066084064e+00
6.928151342520032507e-01 5.702214115146728268e+00
6.142829921102526125e-01 5.702586062159199720e+00
1.377874612808227539e+00 5.712093830108642578e+00
1.396341919898986816e+00 5.712461948394775391e+00
1.118986141879630747e+00 5.716516792762948107e+00
2.517871379852295366e+00 5.718757629394531250e+00
1.295145273208618386e+00 5.725724220275878906e+00
1.252898573875427246e+00 5.728900909423828125e+00
1.740282030189794327e+00 5.730128787821845648e+00
2.011522531509399414e+00 5.734958171844482422e+00
3.145915269851685125e-01 5.741455554962158203e+00
1.061453461647033691e+00 5.747365474700927734e+00
1.743737144772778969e+00 5.748455369379260382e+00
1.966533541679382324e+00 5.750643730163574219e+00
2.526131181868302988e+00 5.751502261246711711e+00
1.884370207786560059e+00 5.752144813537597656e+00
1.080173254013061523e+00 5.760906219482421875e+00
2.278712034225463423e+00 5.768942832946777344e+00
8.585252761840820312e-01 5.778919219970703125e+00
4.831742678103900235e-01 5.779280798350271198e+00
2.369273849598370951e+00 5.793906856434995589e+00
1.983388526555960985e+00 5.796450768306422141e+00
2.380248684763054623e+00 5.798672240175970494e+00
1.982224345207214355e+00 5.799612998962402344e+00
4.853751749508187219e-01 5.800814986210951041e+00
1.907050967216491699e+00 5.809725761413574219e+00
2.933810353279112659e-01 5.822306156158447266e+00
2.331908143968990377e+00 5.827617553026976260e+00
1.034959197044372559e+00 5.849343299865722656e+00
2.381489495398691592e+00 5.857022477335025457e+00
2.465647588259016754e+00 5.864606962994224126e+00
2.538322405796992420e+00 5.874842992750416215e+00
2.369453992769311235e+00 5.880983678533079129e+00
9.022532701492309570e-01 5.881934165954589844e+00
2.723128080368041992e+00 5.883892059326171875e+00
2.024332433481597970e+00 5.884240926206007138e+00
1.790663631728376393e+00 5.885835518507872344e+00
1.159118461918770215e+00 5.897564057736440546e+00
1.782938480377197266e+00 5.897732734680175781e+00
2.693815117178793628e+00 5.897836420711840333e+00
1.174479890593300491e+00 5.898485706136092688e+00
2.157518386840820312e+00 5.899066925048828125e+00
1.157972957251811597e+00 5.900054062542332112e+00
1.161197058133497828e+00 5.902954493061713492e+00
1.176313488824250131e+00 5.903584893765424724e+00
1.169811326382232952e+00 5.908368305095215156e+00
4.612928628921509344e-01 5.924970149993896484e+00
2.781089474549335971e+00 5.927719094055625249e+00
2.462404489517211914e+00 5.929711818695068359e+00
1.171268343925476074e+00 5.935831546783447266e+00
2.317814842442213585e+00 5.940273443620065486e+00
5.134312728437118167e-01 5.940508005259538038e+00
2.481948752592948892e+00 5.942229903371456956e+00
2.153180167705584402e+00 5.949516902561822640e+00
9.586535096168518066e-01 5.950542449951171875e+00
9.740859866142272949e-01 5.951108932495117188e+00
2.149414609606637327e+00 5.953260316911390682e+00
9.631583259288447607e-01 5.954520405274222661e+00
2.201246497307656202e+00 5.954992375447341502e+00
2.272281646728515625e+00 5.959260940551757812e+00
6.864140588169151957e-01 5.963783358765391007e+00
1.160296678543090598e+00 5.974710464477539062e+00
2.180550312033918470e+00 5.974919747529184200e+00
1.149448590566785278e+00 5.977043684955183345e+00
2.460510123172520380e+00 5.978077333169680152e+00
2.261999360439001183e+00 5.979973854400864042e+00
2.102908525882309032e+00 5.983392814463265985e+00
1.187126074607418313e-01 5.992340253750656487e+00
6.518005244169652324e-01 5.994665463131435779e+00
1.150132782317341285e+00 5.998510640660799531e+00
1.175084792801503797e+00 6.002546540042657419e+00
2.999892449745963585e+00 6.021317094638989786e+00
2.617557564073980547e+00 6.027114004462205799e+00
2.012739170731274285e+00 6.028060390710134442e+00
2.257230520248413086e+00 6.028131961822509766e+00
2.169296782090092801e+00 6.035708962016233414e+00
2.100643103810810874e+00 6.044079273880018199e+00
2.927191928268748633e+00 6.045257594735418571e+00
9.588113071764311490e-01 6.049609326346608640e+00
2.362985302146253019e+00 6.054016187987477871e+00
2.048330925741852937e+00 6.059368538781622071e+00
2.486432313919067827e+00 6.061122417449951172e+00
2.187799998444825533e+00 6.066556461976553294e+00
1.664141664628350503e-01 6.073091926118664219e+00
2.016024112701416016e+00 6.081277847290039062e+00
2.702332610578774830e+00 6.081916429439282901e+00
2.746686960261889077e+00 6.089573532029645797e+00
3.905699239771347475e-01 6.093322950176595754e+00
8.959361161035663823e-01 6.094493241126887284e+00
2.617230892181396484e+00 6.099371910095214844e+00
1.690519682517573452e+00 6.099930841901179512e+00
7.803061582831222198e-01 6.110892538538453600e+00
2.525835763456790062e+00 6.139404933860518554e+00
1.989883899688720703e+00 6.144437789916992188e+00
2.926319567409384703e+00 6.148517892296515797e+00
2.033252239227294922e+00 6.167462825775146484e+00
7.642920613288879395e-01 6.197196960449218750e+00
6.052788877242433196e-01 6.197215588886524351e+00
2.793075561523437056e+00 6.199931621551513672e+00
6.156796813448386363e-01 6.204795776886876446e+00
2.434761502599578353e+00 6.214081563956911580e+00
3.317579627037047785e-01 6.214366912841796875e+00
2.323351289268382303e+00 6.217069933454500763e+00
2.898487512137243982e+00 6.217783500405463570e+00
1.070504863483141778e+00 6.222719711668921683e+00
1.768622279167175293e+00 6.228737354278564453e+00
3.577384732840014903e-01 6.238415712954627601e+00
2.299834514415057374e+00 6.244014015747831436e+00
3.097936395974167034e+00 6.252015822052150007e+00
2.396668626105955102e+00 6.254240836924092939e+00
1.759878516197204590e+00 6.262334346771240234e+00
2.802493125210520297e+00 6.264714437180701978e+00
2.744764954888745834e+00 6.265524928100765223e+00
2.131558438818905277e+00 6.266965183785205618e+00
1.722998953761020635e+00 6.276367741892983965e+00
1.697047054919941012e+00 6.277539550253292688e+00
