2.194749938766406228e+00 1.901289336814073749e+00
2.393924428171724461e+00 1.851248617094210402e+00
2.672522765173795722e+00 1.696042727860821664e+00
2.090086445847690211e+00 1.959175986674392744e+00
2.493232529150168908e+00 1.832830411684375660e+00
2.078400555810332229e+00 1.969924976273986772e+00
2.337434952024171508e+00 1.914333832161812410e+00
2.560845885154813040e+00 1.849600958292995756e+00
2.151443065905646712e+00 1.979473259852012168e+00
2.427327565545557952e+00 1.909423636269697688e+00
2.863764639956805969e+00 1.567779984704174012e+00
2.858790458060874062e+00 1.590129722184868477e+00
2.403136762523585546e+00 1.929788954197746875e+00
2.323628038917937122e+00 1.952838140667510380e+00
2.681930632988416274e+00 1.819976915362471415e+00
2.210039389965617218e+00 1.995522250390752150e+00
2.498473519052109015e+00 1.933851141765952519e+00
2.662826832250508868e+00 1.865941261630482018e+00
2.600191463354916799e+00 1.902646977839797415e+00
2.583293303306985145e+00 1.914294699655901155e+00
2.082110969942645884e+00 2.034814793433127100e+00
2.629099037612367074e+00 1.913632351283141020e+00
2.563416720347047928e+00 1.946788514369935719e+00
2.191000262428876244e+00 2.030497450891337152e+00
2.681402063051695261e+00 1.921761743310986148e+00
2.258115188580049004e+00 2.030879815119719822e+00
2.522460605373959108e+00 2.000100739282011375e+00
2.667751316670511574e+00 1.978622833720947938e+00
2.495575474524156512e+00 2.022279134193681216e+00
2.639986094330485589e+00 1.990130415054370161e+00
2.572039470939709638e+00 2.041067211479291377e+00
2.579365300902255687e+00 2.042066992095882938e+00
2.704785816864334169e+00 2.017295882510710570e+00
2.320194339869805500e+00 2.087726452826381696e+00
2.233197905939737105e+00 2.095921742101282348e+00
2.179971161177540750e+00 2.110684549344343353e+00
2.641564145691640775e+00 2.081451625505484238e+00
1.997560182503948178e+00 2.122405022369271421e+00
2.687866181297495771e+00 2.101199266921206288e+00
2.235290283163452685e+00 2.133187332032724370e+00
2.351838246107262886e+00 2.139368404692947756e+00
2.248643028808153144e+00 2.152783305450403972e+00
2.667035700316783497e+00 2.159581274514795979e+00
2.634194121895990115e+00 2.163011066829760409e+00
2.359563455015977862e+00 2.162768838394447002e+00
2.634138117437152093e+00 2.194707781769881905e+00
2.624026415111050170e+00 2.194036636175742849e+00
2.156505563091764888e+00 2.179926770107377010e+00
2.853401239422921343e+00 2.302795624281339659e+00
2.400216165225775189e+00 2.213694424644039316e+00
2.601763846782955358e+00 2.240158681784361061e+00
2.794076201507349477e+00 2.303461025586308608e+00
2.725594566164091681e+00 2.291101080765267195e+00
2.591163822690562224e+00 2.258588726374288314e+00
2.624786589078098586e+00 2.279760124785555675e+00
2.498522919753864091e+00 2.274917064163783920e+00
2.427517918287350085e+00 2.262595295739875834e+00
2.724569449535445109e+00 2.372402531609377974e+00
2.542724246206193861e+00 2.363907033197740759e+00
1.987185113529638336e+00 2.253173734286734842e+00
2.762952376837156443e+00 2.494778281157366884e+00
2.774566170158220935e+00 2.509849346157452477e+00
2.101478447747155531e+00 2.272625863778635846e+00
2.388678037289684308e+00 2.333213332270971829e+00
2.211940600626200570e+00 2.298884293989233996e+00
2.513851162141726991e+00 2.376714510093864696e+00
1.908260752327634924e+00 2.253226799377202383e+00
2.539301326530701175e+00 2.393159750688625298e+00
1.927146015213236918e+00 2.272588658699460140e+00
2.939001500937124867e+00 3.051461723182189445e+00
2.343615958660164367e+00 2.383454803307030190e+00
2.412847148520280260e+00 2.407960093293268766e+00
2.652917757007297705e+00 2.561984940431660807e+00
2.706136149416519920e+00 2.635942413831692033e+00
2.578487172045636378e+00 2.536917887688638018e+00
2.361341977214610033e+00 2.432198828067528851e+00
2.170534886733927582e+00 2.370557284025587741e+00
2.877471335382701501e+00 3.067632897025838190e+00
2.731929342575706521e+00 2.739328786783847836e+00
2.568815784053142259e+00 2.599586257681476997e+00
2.740701127935198045e+00 2.805463823363079978e+00
2.615433849115558207e+00 2.666631191026907377e+00
2.343798221694773254e+00 2.509751873823980794e+00
2.303092421782193533e+00 2.501282305186281363e+00
2.532093719295175571e+00 2.673750887328069314e+00
2.537166669068343428e+00 2.750731597957479124e+00
2.694198855344521970e+00 3.008268109139685009e+00
2.582272795084210593e+00 2.826556387677466198e+00
2.706922701019911504e+00 3.083652055686303406e+00
2.641308172966198242e+00 2.957170106047396274e+00
2.550506275613631413e+00 2.845314803325274866e+00
2.597062770925594233e+00 2.952100114343187975e+00
2.624579401832435099e+00 3.027598975924604918e+00
2.721123729139530045e+00 3.334264121069277831e+00
2.501820210288421276e+00 2.910689593730374281e+00
2.202209450946266411e+00 2.663070713110879950e+00
2.413044981601207173e+00 2.848052781963360758e+00
2.125178148555142865e+00 2.625599538532346511e+00
2.466458533173362166e+00 2.926908081087497671e+00
2.485232837848220466e+00 3.002007272361232992e+00
2.419542544874218937e+00 2.944996934321986615e+00
2.466980097069153555e+00 3.032335159191815954e+00
2.469508370854774704e+00 3.135363719795501325e+00
2.357299702517596351e+00 3.005903634179874384e+00
1.787675317216603110e+00 2.562996859790323878e+00
2.385694054282090359e+00 3.105418234052262250e+00
2.363176519712378632e+00 3.156702372934695688e+00
1.838014494333271021e+00 2.676953637629446270e+00
2.156131479419859609e+00 2.973548899704467896e+00
2.265645197813960010e+00 3.116160771818669684e+00
2.265514266814526501e+00 3.297538218859102699e+00
2.325238165408715751e+00 3.577485735834802227e+00
2.060102815239053253e+00 3.103502617195442070e+00
1.989937911081601785e+00 3.035821328559333843e+00
2.184343565141571908e+00 3.532533807653441382e+00
1.903996737056197874e+00 3.542677004639482874e+00
1.266765296563471477e+00 2.621521358660837020e+00
1.426024289466097050e+00 3.099148542239153148e+00
1.416664585769047857e+00 3.112620739912114409e+00
1.327911756423551415e+00 3.271412090327407096e+00
1.125329100657665560e+00 2.600086631088670330e+00
1.220500281571761159e+00 3.261191817229892820e+00
1.196225323231417725e+00 3.324375333703045499e+00
1.098646071981176808e+00 2.983466864841180843e+00
1.149587080960251972e+00 3.247657292958951558e+00
1.148902576456966473e+00 3.245905094436533744e+00
1.124302051906838518e+00 3.169091568787315794e+00
1.287768840493421996e+00 3.666764491767946055e+00
1.230624060312497381e+00 3.578284198707553543e+00
1.058929746632273794e+00 2.958523886048058937e+00
1.165880541088076372e+00 3.438829136299862643e+00
1.069604820632718001e+00 3.101442944409735336e+00
1.105433933489012421e+00 3.285086837616187694e+00
1.242909604722191919e+00 3.675903550080007687e+00
1.026910797159751532e+00 2.604231420865358970e+00
1.029518806852913970e+00 2.892197055612580225e+00
1.139686215277680770e+00 3.458360162286469475e+00
1.060884079651862377e+00 3.163212913414600536e+00
1.255681473322301844e+00 3.768407649707501861e+00
1.148339092552695284e+00 3.533431865504489622e+00
1.056596733724963544e+00 3.244639021436285020e+00
1.040783543016113866e+00 3.202800111481505230e+00
1.234465916207818204e+00 3.796985922446867168e+00
1.056153380152542454e+00 3.334281573105617458e+00
1.195438578016709830e+00 3.781806565847558144e+00
9.736292877928249823e-01 2.850224226876651556e+00
9.688921474148554092e-01 2.879825913717650732e+00
1.013835526959942168e+00 3.317201232653324450e+00
9.712687453803121596e-01 2.748002551412643601e+00
1.169223417637971885e+00 3.787937503490820035e+00
1.109392990967463355e+00 3.661251652096237041e+00
1.222381150627089852e+00 3.916221966318825576e+00
9.589910469475889654e-01 2.777855044078787472e+00
1.143173366704788974e+00 3.792155517836754086e+00
1.119534133914297458e+00 3.739909371264872107e+00
9.502035278002731733e-01 3.034129134390770588e+00
9.476663713550895762e-01 3.009200041139853177e+00
1.007570103217518831e+00 3.452384021235454625e+00
1.116411636358681347e+00 3.800559062272268918e+00
1.177836469677528974e+00 3.930539081825408232e+00
9.630721930028899314e-01 3.312456821428062526e+00
9.753096358706605518e-01 3.416003850695909616e+00
9.798832784415414388e-01 3.443006868885987615e+00
9.381892861436278430e-01 3.286841368712801525e+00
9.316066263359634725e-01 3.238730414575527572e+00
9.218434180000898426e-01 3.143725993548940778e+00
1.083855925222320771e+00 3.856270807942152157e+00
1.066930584519718339e+00 3.821351820901362828e+00
8.940034155553016060e-01 3.103349345124992720e+00
1.029825901796905141e+00 3.762413226769124819e+00
1.096512793388756402e+00 3.928192392408663025e+00
9.435880930918301157e-01 3.550129345415326210e+00
8.877171646047448128e-01 3.329526073635109995e+00
8.809150259197170429e-01 3.321083445262203337e+00
9.594963308142104852e-01 3.675753112861929850e+00
1.092388688620163473e+00 3.988453422693563066e+00
8.644502677081983277e-01 3.073770120415693974e+00
8.620192886437387791e-01 3.020836816798150526e+00
9.345009339010241778e-01 3.638599426120659341e+00
8.566290463752324058e-01 3.194472666293632468e+00
8.566923832458479549e-01 3.209596353303385996e+00
9.815650154110661108e-01 3.800251255238201509e+00
8.575927127915529136e-01 3.381602249786734848e+00
9.049088858198961471e-01 3.641623217382447653e+00
8.460102710155500416e-01 2.884215676625164981e+00
8.321582747911642208e-01 3.104019690799201481e+00
8.941684885396828930e-01 2.626456784996705984e+00
8.565868889046511780e-01 3.438393395853676537e+00
8.598858716400540336e-01 3.474319212192929385e+00
8.978146466765036804e-01 2.568601982259391292e+00
8.794036531230792209e-01 3.730851101154130323e+00
7.904924000812675322e-01 3.085811386110187016e+00
7.886618388790662681e-01 3.086269294491272408e+00
7.922597686021459751e-01 3.390590744722938421e+00
8.821728144254451509e-01 3.828447396046083639e+00
9.923106393075243892e-01 4.100805134180850686e+00
9.717678901856250384e-01 4.069229888828076014e+00
9.485220637123120691e-01 4.027677353013457306e+00
7.551214580628330397e-01 3.213904084649906068e+00
7.520710661111414952e-01 3.165820061951082565e+00
7.833060987066882142e-01 2.856190439318244234e+00
8.076808652457437843e-01 3.723558143268805409e+00
7.939585278715313166e-01 3.673233812451452085e+00
7.827741614497875089e-01 3.626144042061220318e+00
7.316558582033698688e-01 3.347705119857362632e+00
8.769225747158609918e-01 2.504876751929330236e+00
7.568420914815930933e-01 2.891486085280755791e+00
8.983672788786333241e-01 4.039789070294064643e+00
8.923698850322594467e-01 4.034881295519983979e+00
7.640645525308532582e-01 3.663093018962142011e+00
7.304482330904832343e-01 2.949926079740557316e+00
8.446523725615395772e-01 2.550699248658546026e+00
7.066925164930386583e-01 3.389412522268942851e+00
7.018537634763590827e-01 3.309730762903731360e+00
6.961647750666221102e-01 3.291591420114583499e+00
7.133984826905470644e-01 3.564131452222769170e+00
8.492322868598954910e-01 4.036460817791400757e+00
7.238597191904249106e-01 2.903300633681323184e+00
7.023085362818215494e-01 3.533591758160379737e+00
6.975616282152263814e-01 3.045025307082463772e+00
6.821107977415133972e-01 3.464213433708703604e+00
6.795040859992528270e-01 3.434597805898433887e+00
6.831505452758230845e-01 3.568869514401025622e+00
7.105079326163195041e-01 3.728247294428423952e+00
7.592461883274010948e-01 3.917728926179064430e+00
6.745524120773482846e-01 3.626455398666349694e+00
7.912230494931550284e-01 4.039811699180582139e+00
6.381025020859218966e-01 3.395802309239793981e+00
7.155311111269210267e-01 2.758256523622148570e+00
6.566987446967091913e-01 2.979134517656960135e+00
6.540430591286015005e-01 3.713103250928626142e+00
7.751241547431367840e-01 4.097886913610905069e+00
6.602610790124451290e-01 3.776829984140768204e+00
8.018549831027379504e-01 4.178206170161805844e+00
6.246498838661930231e-01 3.603221741396424704e+00
6.718148952213136571e-01 2.849116314582452514e+00
6.026536008370104724e-01 3.243939418590713331e+00
7.571426620623605830e-01 2.579671185861088123e+00
5.873101901484512055e-01 3.366531652814293452e+00
5.880111091770389153e-01 3.247510530150821140e+00
5.926899376579114476e-01 3.168079230594839313e+00
5.908767964703738329e-01 3.600746917105160705e+00
6.592293180011993270e-01 2.806593557017273532e+00
5.821357022464949127e-01 3.506111171666679294e+00
5.828191177838418779e-01 3.524313785937884802e+00
6.962295719920532644e-01 2.695340375230876440e+00
6.705250229362277326e-01 2.753280689489069122e+00
5.916472363066465068e-01 3.754676075858197404e+00
6.583730127447739999e-01 2.759492270259120250e+00
6.205628660077292524e-01 3.954238921163000242e+00
5.767817143274368563e-01 3.769742828625071596e+00
5.926239731628413221e-01 2.947111901890707042e+00
6.090120937089971154e-01 3.924921021339990101e+00
6.116352848235038220e-01 3.955323692760757570e+00
5.514894890028452235e-01 3.149604266289653953e+00
5.976234435093552566e-01 2.897719810569771681e+00
6.134862525911909392e-01 3.990463685915760284e+00
5.714526293219651665e-01 2.982294207111312545e+00
6.090563772325933156e-01 3.993303772207509539e+00
7.711726943849198657e-01 2.476438271144507208e+00
5.139519492794412114e-01 3.396700432169797779e+00
5.869591460226776247e-01 3.988009354007564511e+00
6.242281843510145700e-01 4.101916415731089671e+00
5.859597055793509535e-01 4.021288668361005847e+00
5.025470735726413896e-01 3.370018245900098464e+00
5.003881611024298959e-01 3.282320875959364059e+00
4.919252377159777367e-01 3.238888047969309625e+00
5.003379487543748727e-01 3.108992221590740623e+00
5.540321213244387977e-01 2.855230784337632777e+00
4.756202800530648367e-01 3.614318689217366654e+00
5.404715736378957747e-01 4.045269928724623654e+00
6.885949901012115015e-01 4.401120032438617713e+00
6.097369272428068143e-01 4.265798899242769338e+00
5.617212932639799039e-01 4.197686053603344902e+00
6.420698383802145859e-01 2.580625108125689238e+00
7.167089397787620442e-01 2.469337888581685458e+00
6.184184470214949547e-01 2.615606857031775423e+00
7.276226141833419536e-01 2.452019178569309954e+00
4.273964523611241129e-01 3.748006397930547351e+00
9.343611722849891610e-01 4.731713429483404454e+00
4.480371881723183014e-01 3.926699933955973165e+00
6.227965321831063772e-01 2.560147212294936914e+00
3.862687317109080309e-01 3.624971066987207280e+00
6.213935715939349347e-01 2.522316485383022666e+00
3.763290271970458623e-01 3.354005612527936275e+00
4.947278151423511461e-01 4.299114111982696329e+00
6.314284866452495315e-01 2.499049553027116399e+00
5.383045819226779383e-01 4.414657997206976603e+00
4.566436848658074199e-01 4.229588183622059461e+00
4.258658089141404979e-01 2.912911339338282168e+00
3.612989932230081247e-01 3.283153288711059048e+00
3.535885232444072601e-01 3.706502900517643528e+00
4.469855052612365376e-01 4.250637740863445480e+00
3.405573465868743099e-01 3.458790731722193090e+00
5.236736209620687088e-01 4.455994735976222643e+00
6.883505893056022229e-01 2.390803194151827515e+00
4.586576289435957410e-01 4.387564375198611089e+00
3.893916325421029057e-01 4.191030082495673881e+00
6.280902302565251061e-01 4.661250683452878185e+00
6.234817186097812991e-01 4.659189405795157057e+00
6.250040226440360946e-01 4.661259764750189660e+00
3.494986784872199936e-01 4.049580756547076277e+00
4.117324729314232878e-01 4.326441326267270071e+00
3.635796440367546345e-01 4.228044258117391152e+00
3.733310662198662255e-01 4.284969288423223333e+00
3.684612453964583034e-01 4.283687322336783510e+00
5.379075722269401894e-01 2.481196946848081897e+00
2.648908715125008473e-01 3.448393046309631060e+00
3.462283792390549730e-01 2.838110306970599517e+00
3.220775654526430443e-01 4.238148640392349620e+00
5.427016327186535705e-01 4.701174264285738147e+00
3.522497218400523766e-01 2.799864410151550409e+00
2.767641837557418549e-01 3.168207439212720189e+00
5.018093576090808527e-01 4.674223098445824398e+00
3.385440570241499136e-01 4.404800803401123233e+00
2.741275036734084902e-01 4.143757536204812908e+00
2.656726460631073650e-01 4.108569897037551044e+00
5.561757163606779741e-01 2.407032651014519686e+00
8.228911150476728720e-01 2.239863200913366104e+00
2.566601386911448457e-01 4.181831954915967486e+00
3.088820186402272960e-01 4.416599214816967489e+00
3.608313983202998121e-01 2.613311829370935424e+00
2.036991539523816397e-01 3.756151711163937534e+00
5.638311814220999807e-01 2.363981230422721680e+00
2.643763470518893377e-01 4.403470487824874269e+00
2.893333638597577195e-01 2.710784937079800727e+00
1.813371154932293949e-01 3.740065026235235734e+00
3.263233503447527384e-01 2.599615821661265702e+00
5.502367616391777849e-01 4.914252784595618984e+00
4.953899371043036237e-01 4.884314491127615732e+00
5.234019937043239423e-01 4.910449948496392381e+00
3.612638929552989264e-01 2.480458746100179024e+00
3.936484113429310483e-01 4.867674319137647920e+00
2.645735714607135858e-01 4.669544380473880096e+00
1.461877554009329561e-01 3.176097333614464890e+00
2.870995773068851786e-01 2.509363763408696713e+00
3.528085356096106739e-01 2.403437285508225774e+00
1.301059912090683779e-01 4.168358920548518753e+00
1.094192825557466914e-01 3.429911398152898361e+00
4.411295346614363955e-01 2.316590099830031058e+00
4.300714949552500443e-01 5.019628095026180681e+00
2.606576804243871393e-01 2.469111068014793187e+00
2.250698045960541349e-01 4.823473847808967818e+00
4.422744564124813094e-01 5.063964321465586949e+00
8.629011465969151085e-02 3.893067020495912800e+00
5.255077731188382284e-01 2.247165786514118579e+00
3.145459403841319723e-01 2.359460825323114186e+00
1.488095737556351383e-01 4.715262762722060685e+00
2.692553137967614307e-01 2.377055972290540886e+00
1.346495461034105390e-01 2.668539290267544217e+00
1.854466980154775568e-01 4.906385034564200609e+00
4.850445543614708144e-01 2.229887981143781062e+00
3.388195050885766113e-01 2.284846074037498287e+00
5.844089679921773417e-01 2.199867390553071012e+00
3.606833365353001586e-01 5.121957378466602151e+00
7.168467535641849520e-02 4.486208687011410845e+00
1.674901117079362067e-01 2.416052293466261158e+00
5.238698764843363609e-01 5.186576542874087536e+00
6.934201103040173175e-02 2.808606135983549912e+00
2.186478760437002011e-01 5.091620100521513592e+00
5.195307552486647107e-02 4.593578876754293994e+00
3.256950263175684146e-02 3.601902486959433602e+00
1.762645383781472619e-01 5.117490958092158593e+00
1.869815536773979658e-01 2.249966823023306972e+00
1.405155905343042910e-01 5.169271183322003083e+00
4.204604913842669989e-01 5.248357344122771551e+00
7.893294887865442977e-02 5.119986023661549090e+00
2.271225567850426452e-01 5.264679408210113820e+00
3.004396861730566637e-01 5.271814529023638229e+00
2.999573717837281106e-01 5.278309674517562833e+00
1.143946462195685465e-01 5.280742270419620965e+00
4.050904466558294947e-01 5.329297007608682080e+00
1.287612682004021791e-01 2.032745437679666090e+00
2.637364901327476363e-01 5.354082395536371664e+00
1.751760687786841145e-02 6.167456074632049479e-01
3.157812651556819450e-01 2.088026789769061864e+00
2.510924486770020891e-01 5.389787040349401259e+00
3.293351328164899061e-01 5.378838873936225617e+00
6.172107291265458567e-02 1.576654377767025883e+00
3.029914243856475786e-01 5.455025998221999295e+00
2.710377854733527769e-01 5.569943094185754617e+00
8.427262400001030163e-02 4.050958795204051555e-01
1.930536959890446214e-01 1.739370177327827172e+00
9.019061337290139313e-02 3.027150702569274543e-01
4.135501347550293305e-01 1.970045693396052622e+00
6.131109979414304245e-01 2.044529353732864152e+00
2.646992988762583709e-01 5.783310714195232904e+00
5.176269509844175776e-01 1.993414464281547893e+00
1.814194309661770754e-01 1.447693904304893309e+00
4.672556743964854098e-01 1.951723072146995364e+00
3.018011501009270625e-01 5.793289036248553181e+00
1.693046656505582948e-01 3.364536743592161372e-03
4.547512862208782369e-01 5.642462985905654094e+00
2.090944002506208987e-01 6.124083429850947446e+00
4.246289765749587386e-01 1.890243430658659962e+00
2.877754092108553707e-01 1.692461645787450841e+00
3.910814833531907064e-01 1.850543866029193296e+00
4.772142889009940991e-01 5.659436280253792084e+00
1.794439585143024762e-01 1.243971085790485098e+00
4.064924941111887624e-01 5.730534414007562916e+00
2.147003415596694109e-01 1.430119665995074563e+00
2.773833466767613443e-01 5.947207879639910821e+00
4.607338778886045927e-01 5.706005356471268719e+00
4.473643093562593154e-01 1.881799953501812617e+00
3.359953409960207971e-01 5.875769799930989912e+00
2.714145056806774314e-01 1.572658383636902135e+00
2.095277418176498818e-01 1.300389915886125181e+00
2.899862020329405099e-01 5.997550789643242730e+00
3.580822757852336058e-01 5.888859493037879922e+00
4.126594998891238708e-01 1.807871824267418992e+00
1.851039431087559695e-01 8.498824908698825453e-01
3.577303584184081675e-01 1.712055228480491520e+00
2.507366188758198833e-01 6.230494263218165685e+00
3.610211303793314230e-01 1.710069725017998366e+00
4.510061785733164297e-01 5.811576255076773556e+00
4.777431289694148986e-01 5.782757127020952126e+00
3.657917519239801685e-01 5.979868004640099599e+00
4.368170345581732783e-01 5.882238922014296101e+00
2.827254338761970853e-01 1.406634772642806119e+00
2.821188540265945344e-01 1.402991177789894017e+00
3.867751268482940707e-01 5.966510605964204572e+00
2.832648497554922096e-01 1.398248507299358900e+00
5.686367449631712923e-01 5.755796765546305593e+00
4.490838560133977864e-01 1.765034238654974219e+00
2.416442868612606876e-01 1.046551672346774930e+00
2.359206986097368564e-01 5.583085033329222568e-01
2.422531792765063863e-01 7.816281965926323849e-01
3.708790182749192588e-01 6.112878654772396558e+00
3.892536651821317251e-01 1.609652507409939481e+00
4.867118700477868209e-01 1.758857178020479362e+00
3.114730744167432674e-01 1.301393482708298244e+00
3.058330478860428747e-01 2.131904705110745368e-01
6.760348083814284870e-01 5.782393773480285049e+00
2.977061797017640510e-01 1.150480803650000050e+00
4.619176799006664003e-01 6.033743638454923008e+00
2.953338073415183729e-01 1.101670956347386543e+00
3.087624360077727559e-01 2.397935765981245027e-01
4.757394770002620898e-01 6.013808039230466029e+00
2.967533164297587178e-01 3.823294727889478550e-01
5.603977889078091135e-01 5.935069840036282685e+00
3.628849977256893289e-01 7.576115096245761293e-02
3.314171874897974823e-01 2.456218941319665561e-01
7.000987132575079430e-01 1.926555893935261166e+00
4.759705672943930765e-01 6.107711342769562179e+00
4.778277267474686507e-01 6.107259109788013340e+00
5.439380751824779425e-01 1.745017092837606532e+00
4.701850437675406114e-01 1.610622393895146054e+00
5.049509855180382978e-01 6.104301009546782453e+00
4.660828851144243612e-01 6.210712324958248765e+00
3.465010861499946415e-01 1.017195227564579696e+00
3.831535766296629841e-01 1.211151149739050359e+00
3.536113902755871896e-01 8.937869233518069834e-01
6.127538093759059556e-01 6.025658820712896713e+00
6.011144292621484198e-01 6.045135419974991819e+00
3.766987880294328517e-01 1.085699356104848690e+00
4.971573350936531743e-01 6.248206833433313179e+00
4.980715464153709360e-01 6.261377794751779469e+00
4.262062332772674211e-01 2.137108754340699412e-01
5.741191664561302588e-01 6.136912125581470256e+00
4.898351776523546808e-01 1.513921203049954478e+00
6.723754721461807637e-01 1.829405405142959573e+00
3.877416192440453768e-01 5.787850602537635281e-01
4.921612141663069817e-01 1.517472723424395931e-01
4.236553600959591104e-01 9.495933778389903379e-01
4.689399263981681165e-01 3.379316006840626940e-01
4.270303958433407931e-01 8.533821809368742350e-01
4.325072568441862830e-01 9.266633843776714841e-01
4.422448348701252252e-01 5.684891509592704395e-01
4.415590033489200095e-01 5.836749464538417698e-01
4.805156378454681909e-01 1.299943060419169960e+00
5.769981541701216798e-01 4.273165442557846916e-02
4.918245969445602106e-01 1.304534308602494974e+00
4.581558741772859267e-01 1.049064409469369963e+00
4.491498867889755497e-01 8.240189857859920863e-01
7.013395342946533439e-01 6.162401909121739685e+00
6.797580344981933864e-01 6.202811879164828568e+00
4.779890586097689242e-01 9.748744650305569692e-01
5.035831031356388099e-01 1.150782032830588442e+00
5.391291271991724976e-01 3.630847682159998313e-01
6.514489557266164299e-01 4.576283182481688527e-02
4.875305298304826729e-01 9.029157003567362949e-01
6.160870627838951341e-01 1.358182176176541134e-01
5.038331655615435611e-01 1.094094213194507503e+00
5.152079222308028061e-01 1.181752822997702346e+00
5.813425329299164446e-01 1.458346964459967587e+00
6.471500111439396630e-01 1.627032154897936067e+00
5.914538294879947422e-01 2.330582525224826895e-01
5.033585150342243519e-01 9.330113543669211751e-01
5.185502504026294757e-01 1.130359515315239705e+00
5.128473037521821265e-01 9.254129787927123374e-01
5.145836079821815012e-01 9.263051417855665548e-01
7.122393701177602843e-01 1.724126837125131928e+00
5.648570127823135945e-01 4.084447810691962388e-01
6.165708850385874795e-01 2.375397412607212211e-01
5.247410243792887119e-01 8.852883490458783866e-01
5.297382885184396262e-01 9.838163824734564855e-01
5.721585352430096361e-01 4.980458934520851089e-01
5.931950617604101472e-01 4.082033449433630778e-01
6.779504803402193192e-01 1.617158539038014320e+00
5.423631993445501287e-01 8.027722465963497145e-01
5.766858776267983488e-01 1.269420597381692772e+00
5.635759223507075255e-01 1.132264018467568079e+00
5.689910769597736895e-01 6.404599289703760689e-01
5.700201554444217500e-01 6.385766304240912961e-01
6.747724966061218188e-01 2.164007919839337213e-01
6.541089388902217028e-01 2.789440483229252976e-01
5.693353446683240282e-01 1.124260952306393335e+00
5.811120052738414365e-01 1.196673697791490909e+00
5.726273668365838843e-01 7.531286993949510844e-01
6.030891944756224810e-01 5.266925946550786719e-01
7.460571136990817864e-01 1.314776919877420625e-01
6.224956216471492221e-01 5.127996752572485661e-01
6.300600152792268371e-01 1.344148915604355565e+00
5.963588838677049697e-01 1.080992677573753724e+00
5.936154577350589712e-01 9.252859263887929231e-01
6.413481821945108408e-01 1.347876879136526318e+00
7.917012339338281857e-01 1.753541986861890223e+00
6.542952658081880868e-01 5.921834530131303564e-01
6.282129548668982100e-01 9.150385766045543434e-01
8.566425358469456075e-01 8.611722076435501805e-02
8.621847253772279007e-01 8.152209249937136804e-02
6.686297157514989875e-01 1.286945355704720129e+00
8.797088378073014692e-01 7.276824184484988189e-02
6.790492983571704277e-01 6.313786133718802818e-01
7.392900614883080035e-01 1.556606668802370308e+00
6.559763479287329391e-01 8.956123124896525622e-01
7.818932081006828572e-01 1.659527397341403088e+00
7.332693364077460529e-01 4.470490956390750781e-01
6.798809768499513018e-01 6.947080764012056875e-01
7.756355116332117605e-01 3.568729190348696179e-01
7.816850091931472067e-01 1.637784188234276961e+00
8.827625400609179218e-01 1.383573402826545617e-01
6.939596322633736492e-01 7.319922958225051346e-01
8.013154262056070287e-01 1.676110669550416432e+00
7.562001318716305986e-01 4.613520054975204232e-01
6.855550261482125096e-01 8.668462826487247641e-01
7.470571684953667413e-01 6.196048592847356318e-01
8.200234417493633687e-01 3.941186845838106634e-01
7.616455608910032149e-01 6.077799310597268301e-01
7.510754057892512492e-01 6.861115518085928455e-01
7.508004567424112485e-01 7.139475182067834824e-01
7.664932058773149537e-01 1.453523800531576482e+00
7.574258080763087708e-01 7.257258128271191211e-01
8.216358419107859801e-01 4.751730336938253529e-01
9.098935191374024622e-01 2.745363425503111188e-01
7.835003589928747347e-01 6.850920143137209095e-01
8.699515770946697479e-01 4.041891430896970561e-01
7.897457703726541434e-01 7.226893172611781324e-01
8.021235861669480105e-01 6.816044100809621753e-01
8.225056130448988867e-01 1.569172276024294987e+00
8.093299577516950283e-01 6.757876259979953559e-01
8.153272874465773423e-01 6.546600656505674465e-01
9.334857737648184495e-01 3.151286379590648168e-01
8.077947214706657775e-01 7.007085539791403361e-01
8.342970560284141968e-01 5.907137197433263154e-01
7.747922710492401999e-01 1.137096762235182190e+00
7.907622720459566157e-01 8.534064367436434706e-01
9.335797362058694260e-01 3.532744657556667889e-01
8.832008040846708319e-01 4.908310673563329729e-01
8.176141527274437548e-01 7.572850147773619867e-01
7.985148854487392756e-01 9.320675316346651584e-01
8.545559453765565472e-01 6.316926399789384305e-01
8.050784679044441505e-01 9.434782601728849416e-01
8.852623809417896616e-01 5.911714681459940834e-01
8.816597678623049328e-01 6.592697665070632596e-01
8.392489506548160838e-01 9.280271258898213915e-01
8.325045918944231627e-01 1.109270707850262383e+00
8.439553421415481038e-01 1.198436595193030918e+00
8.452615135568168903e-01 1.143430880713387943e+00
8.980023970328601113e-01 7.565659174653287522e-01
8.681169089197269262e-01 1.446316723461836373e+00
9.020544486885145874e-01 7.706491977789884373e-01
9.004537257128604200e-01 7.953575719816309286e-01
9.108347247553093551e-01 7.767561756949987739e-01
1.000938125775667098e+00 4.909990973530531377e-01
8.892474566283113946e-01 9.256143407169322712e-01
9.595260692206427633e-01 6.293565164911774090e-01
9.455621938862667220e-01 6.753335304763679048e-01
8.882565005557887527e-01 1.116251157935567839e+00
9.551219211719041979e-01 7.365269729179235725e-01
9.887326863187778647e-01 6.490463822299128438e-01
9.053194873491239303e-01 1.039879743113584887e+00
9.933816538422065578e-01 6.474853809914061786e-01
8.978965649944130600e-01 1.241662818474305041e+00
9.466986676624263852e-01 8.604501479910409145e-01
9.158638454774856719e-01 1.054884629542427454e+00
9.287420801411525595e-01 1.562992265066064368e+00
9.426985729614916210e-01 9.483554888722078857e-01
1.027226270363883920e+00 6.361209550171365024e-01
9.704661833909576929e-01 8.956415541347499953e-01
9.567819711504685909e-01 1.037624675690477005e+00
9.455141653948857527e-01 1.155751232707176834e+00
1.023899574868105677e+00 7.527804193122927812e-01
9.532379864298317074e-01 1.144445326856970979e+00
1.044434495035136301e+00 7.474439633709871744e-01
1.040620499005993738e+00 8.034971801419263926e-01
9.794627789000455165e-01 1.636643684713931179e+00
9.743288996073076191e-01 1.456325687835519966e+00
1.059943109740848488e+00 9.541032639553890249e-01
9.989200261627093624e-01 1.599858953883432022e+00
1.132371681130058816e+00 7.588563717705331113e-01
1.033057503930776999e+00 1.273272276132763281e+00
1.043725139854390971e+00 1.345664557576213838e+00
1.030375444454698641e+00 1.639718338411175758e+00
1.078900702682918489e+00 1.204636108488926105e+00
1.208752936831034130e+00 8.763500535131346636e-01
1.085686991444385852e+00 1.934234835899424576e+00
1.298392584834885177e+00 1.240266283151677307e+00
1.321275121313554735e+00 1.637405305241811382e+00
1.189760833038554066e+00 1.932933480173149698e+00
1.816346499488292299e+00 1.000298591787741387e+00
1.979550463130331117e+00 7.756706295451012423e-01
2.031157072637158834e+00 7.205145917328028560e-01
2.045376638692870230e+00 7.304111411386831065e-01
1.967035459284833809e+00 8.906859549013727007e-01
1.966180814401060406e+00 9.670594847951177186e-01
1.991651765483103631e+00 9.832397907358201294e-01
2.135677695958307698e+00 7.382635189629622730e-01
1.986180793692885027e+00 1.013963451907146762e+00
2.007986292869085254e+00 1.011272312563430198e+00
2.129143471855595049e+00 8.195181706728486004e-01
2.089537296084726492e+00 9.052935911094585064e-01
2.149913039508841717e+00 8.616712345428876318e-01
2.170761608649353747e+00 8.254565772596728079e-01
2.032139268569207236e+00 1.072076487251152344e+00
1.957946983479403213e+00 1.182738053605441486e+00
2.168310526710156338e+00 8.554765492435497665e-01
1.967962163620332605e+00 1.238356928322265738e+00
2.075676035451192725e+00 1.147526461648658014e+00
2.213246856883929858e+00 9.450089392161107327e-01
1.956244272228927716e+00 1.306979536373769513e+00
1.992374697054440258e+00 1.268072505381758752e+00
2.161314811763173971e+00 1.068667748325854205e+00
2.148642491341203886e+00 1.099435152134155658e+00
2.000227216099203176e+00 1.306074842721027807e+00
2.151904846464124166e+00 1.136438419939189037e+00
2.164552449983175642e+00 1.126511285638857274e+00
2.197036992683724765e+00 1.097543072818856436e+00
2.316040107425347383e+00 8.930281785884659485e-01
2.103655607236180280e+00 1.254108932499666373e+00
2.116831512089794920e+00 1.262906605105796665e+00
1.986063165060500069e+00 1.437057251076823583e+00
2.026311555089827632e+00 1.414481003048561503e+00
2.245772629683568056e+00 1.168175203642427107e+00
1.924814974481297458e+00 1.525666837373113260e+00
2.272306164419463759e+00 1.161668874887943126e+00
2.413733276758402546e+00 9.084734080071407147e-01
2.218652476284033170e+00 1.267408909317963683e+00
2.264436391660388459e+00 1.212241101043010083e+00
1.929073817806196134e+00 1.547366516247036694e+00
1.994900439775632028e+00 1.494993983404052429e+00
2.322604093469590847e+00 1.130995195814980647e+00
2.132763831548387223e+00 1.379511340502425298e+00
2.184946128159966250e+00 1.331146459639771074e+00
2.267216946063558503e+00 1.239667926580261259e+00
2.313461447749404432e+00 1.179602501580637508e+00
2.032100432781386967e+00 1.495039863434099781e+00
2.029525356512743350e+00 1.509031413084699125e+00
1.954829346236511167e+00 1.578252421191052690e+00
2.219381557063555110e+00 1.354378527046944392e+00
2.206732072933085931e+00 1.387173102169777295e+00
2.193196857284590351e+00 1.407428168387064638e+00
1.866821687881708991e+00 1.662905544187926132e+00
2.433961421059383401e+00 1.128840529926382175e+00
2.046806151840631749e+00 1.567182729183185463e+00
2.419721884324884442e+00 1.181781638968800729e+00
1.951415019609941570e+00 1.645203117057786102e+00
1.998871832436582840e+00 1.618139820839776144e+00
1.977960762169947762e+00 1.643427538926743203e+00
2.490384399884526534e+00 1.117936265863056056e+00
2.245851618805313255e+00 1.442935202396517624e+00
2.454761820555233953e+00 1.198549445446614570e+00
2.358288229888848342e+00 1.336119404231782326e+00
2.182970654710335356e+00 1.520333795649903230e+00
2.395693286821520829e+00 1.330077467163723881e+00
2.238010366262542128e+00 1.527957346392982751e+00
2.557499234052109660e+00 1.124457830189061980e+00
2.145801133224738422e+00 1.628007710074017789e+00
2.304996572451559977e+00 1.518342171769889726e+00
2.084512202494214872e+00 1.684639306957299132e+00
2.466976595150510931e+00 1.378082959306187405e+00
2.479450314513447662e+00 1.363766593308699093e+00
2.092697333486744249e+00 1.693650298681458111e+00
2.407010862787958061e+00 1.465512038699760211e+00
2.040265612448207477e+00 1.734291026255535995e+00
2.516501534281124108e+00 1.352618460663666866e+00
2.553210061114035589e+00 1.338336435592614171e+00
2.453846093006897711e+00 1.481722259183427148e+00
2.388987513107807992e+00 1.573030332286763588e+00
2.152400922865159938e+00 1.730952097063813477e+00
2.098736332506095259e+00 1.765015950734121875e+00
2.516391453500582021e+00 1.475566867559343853e+00
2.418369643563247351e+00 1.573424414744658328e+00
2.579679933649965395e+00 1.401522420256428703e+00
2.313349659869943675e+00 1.663364075060103753e+00
2.519132273412131084e+00 1.494915296071956945e+00
2.151673708490209336e+00 1.764579213902797150e+00
2.454973795095593214e+00 1.626044709981481651e+00
2.627732526157873671e+00 1.448690580271557282e+00
2.201197130697364557e+00 1.780921655278364435e+00
2.303949610214062194e+00 1.744637856723127101e+00
2.423481252250999862e+00 1.685740494179631455e+00
2.326364381601069731e+00 1.763186114586339448e+00
2.524709907359775407e+00 1.635758159289409264e+00
2.203533289537211282e+00 1.825225736786359576e+00
2.249790540926431159e+00 1.806135496679731167e+00
2.527085522471368861e+00 1.664647070497706771e+00
2.440886078394835401e+00 1.735628631193167459e+00
2.259794601441263318e+00 1.869764334373908099e+00
