        4.80        3.90
NULL
$r$
radial profile
0 0 0
0
   0.1100000E+31  -0.1100000E+31    5
   0.1100000E+31  -0.1100000E+31    5
    0
CURVE
     201
NULL
black_solid
NULL
    0.000000        0.000000    
   0.1745241E-03   0.7632728E-10
   0.3490481E-03   0.5224204E-07
   0.5235722E-03   0.7800210E-07
   0.6980962E-03   0.1140244E-06
   0.8726203E-03   0.1911506E-06
   0.1047144E-02   0.2635223E-06
   0.1221668E-02   0.3213202E-06
   0.1396192E-02   0.4001255E-06
   0.1570717E-02   0.4681450E-06
   0.1745241E-02   0.5293464E-06
   0.1919765E-02   0.5840085E-06
   0.2094289E-02   0.6258873E-06
   0.2268813E-02   0.6632912E-06
   0.2443337E-02   0.6889870E-06
   0.2617861E-02   0.7024005E-06
   0.2792385E-02   0.7101679E-06
   0.2966909E-02   0.7107257E-06
   0.3141433E-02   0.7046142E-06
   0.3315957E-02   0.6922203E-06
   0.3490481E-02   0.6779626E-06
   0.3665005E-02   0.6617382E-06
   0.3839529E-02   0.6410263E-06
   0.4014053E-02   0.6210371E-06
   0.4188578E-02   0.6005745E-06
   0.4363101E-02   0.5780591E-06
   0.4537626E-02   0.5570809E-06
   0.4712150E-02   0.5355396E-06
   0.4886674E-02   0.5138858E-06
   0.5061198E-02   0.4942782E-06
   0.5235722E-02   0.4736402E-06
   0.5410246E-02   0.4542071E-06
   0.5584770E-02   0.4367265E-06
   0.5759294E-02   0.4191099E-06
   0.5933818E-02   0.4027440E-06
   0.6108342E-02   0.3882378E-06
   0.6282866E-02   0.3739104E-06
   0.6457390E-02   0.3610822E-06
   0.6631915E-02   0.3491442E-06
   0.6806438E-02   0.3374921E-06
   0.6980963E-02   0.3268517E-06
   0.7155487E-02   0.3163727E-06
   0.7330011E-02   0.3059374E-06
   0.7504535E-02   0.2965540E-06
   0.7679059E-02   0.2871173E-06
   0.7853583E-02   0.2776736E-06
   0.8028107E-02   0.2693946E-06
   0.8202631E-02   0.2613893E-06
   0.8377155E-02   0.2536719E-06
   0.8551680E-02   0.2468063E-06
   0.8726203E-02   0.2407366E-06
   0.8900727E-02   0.2348314E-06
   0.9075251E-02   0.2295834E-06
   0.9249776E-02   0.2249604E-06
   0.9424300E-02   0.2203459E-06
   0.9598823E-02   0.2162317E-06
   0.9773348E-02   0.2121052E-06
   0.9947872E-02   0.2079872E-06
   0.1012240E-01   0.2040563E-06
   0.1029692E-01   0.1996992E-06
   0.1047144E-01   0.1955652E-06
   0.1064597E-01   0.1915421E-06
   0.1082049E-01   0.1872825E-06
   0.1099502E-01   0.1832664E-06
   0.1116954E-01   0.1796693E-06
   0.1134406E-01   0.1757686E-06
   0.1151859E-01   0.1722983E-06
   0.1169311E-01   0.1691967E-06
   0.1186764E-01   0.1660002E-06
   0.1204216E-01   0.1631516E-06
   0.1221668E-01   0.1604142E-06
   0.1239121E-01   0.1577954E-06
   0.1256573E-01   0.1553848E-06
   0.1274026E-01   0.1530166E-06
   0.1291478E-01   0.1507563E-06
   0.1308930E-01   0.1485056E-06
   0.1326383E-01   0.1463713E-06
   0.1343835E-01   0.1443607E-06
   0.1361288E-01   0.1424629E-06
   0.1378740E-01   0.1405740E-06
   0.1396193E-01   0.1387203E-06
   0.1413645E-01   0.1368356E-06
   0.1431097E-01   0.1350893E-06
   0.1448550E-01   0.1332661E-06
   0.1466002E-01   0.1314685E-06
   0.1483455E-01   0.1296193E-06
   0.1500907E-01   0.1278077E-06
   0.1518359E-01   0.1259501E-06
   0.1535812E-01   0.1240590E-06
   0.1553264E-01   0.1222775E-06
   0.1570717E-01   0.1205732E-06
   0.1588169E-01   0.1188160E-06
   0.1605621E-01   0.1174339E-06
   0.1623074E-01   0.1159781E-06
   0.1640526E-01   0.1146103E-06
   0.1657979E-01   0.1134966E-06
   0.1675431E-01   0.1122543E-06
   0.1692883E-01   0.1112799E-06
   0.1710336E-01   0.1101607E-06
   0.1727788E-01   0.1091796E-06
   0.1745241E-01   0.1080174E-06
   0.1762693E-01   0.1070271E-06
   0.1780145E-01   0.1058194E-06
   0.1797598E-01   0.1045964E-06
   0.1815050E-01   0.1033512E-06
   0.1832503E-01   0.1020793E-06
   0.1849955E-01   0.1008964E-06
   0.1867408E-01   0.9970985E-07
   0.1884860E-01   0.9851353E-07
   0.1902312E-01   0.9746442E-07
   0.1919765E-01   0.9645597E-07
   0.1937217E-01   0.9548405E-07
   0.1954670E-01   0.9455958E-07
   0.1972122E-01   0.9381930E-07
   0.1989574E-01   0.9318514E-07
   0.2007027E-01   0.9250646E-07
   0.2024479E-01   0.9192173E-07
   0.2041932E-01   0.9152863E-07
   0.2059384E-01   0.9098608E-07
   0.2076836E-01   0.9053446E-07
   0.2094289E-01   0.9012950E-07
   0.2111741E-01   0.8982580E-07
   0.2129194E-01   0.8944088E-07
   0.2146646E-01   0.8912546E-07
   0.2164098E-01   0.8873347E-07
   0.2181551E-01   0.8841677E-07
   0.2199003E-01   0.8802517E-07
   0.2216456E-01   0.8764355E-07
   0.2233908E-01   0.8719464E-07
   0.2251360E-01   0.8669538E-07
   0.2268813E-01   0.8623362E-07
   0.2286265E-01   0.8549452E-07
   0.2303718E-01   0.8499919E-07
   0.2321170E-01   0.8452400E-07
   0.2338623E-01   0.8376153E-07
   0.2356075E-01   0.8311903E-07
   0.2373527E-01   0.8252361E-07
   0.2390980E-01   0.8172839E-07
   0.2408432E-01   0.8094778E-07
   0.2425884E-01   0.8015308E-07
   0.2443337E-01   0.7932796E-07
   0.2460789E-01   0.7851447E-07
   0.2478242E-01   0.7757998E-07
   0.2495694E-01   0.7673600E-07
   0.2513147E-01   0.7599518E-07
   0.2530599E-01   0.7509021E-07
   0.2548051E-01   0.7417652E-07
   0.2565504E-01   0.7354302E-07
   0.2582956E-01   0.7295524E-07
   0.2600409E-01   0.7231574E-07
   0.2617861E-01   0.7184396E-07
   0.2635313E-01   0.7159659E-07
   0.2652766E-01   0.7126091E-07
   0.2670218E-01   0.7101389E-07
   0.2687671E-01   0.7086631E-07
   0.2705123E-01   0.7072575E-07
   0.2722575E-01   0.7056618E-07
   0.2740028E-01   0.7042983E-07
   0.2757480E-01   0.7031638E-07
   0.2774933E-01   0.7010325E-07
   0.2792385E-01   0.6997526E-07
   0.2809837E-01   0.6989101E-07
   0.2827290E-01   0.6971297E-07
   0.2844742E-01   0.6961344E-07
   0.2862195E-01   0.6953017E-07
   0.2879647E-01   0.6942933E-07
   0.2897099E-01   0.6922441E-07
   0.2914552E-01   0.6908476E-07
   0.2932004E-01   0.6887907E-07
   0.2949457E-01   0.6857616E-07
   0.2966909E-01   0.6827544E-07
   0.2984362E-01   0.6801054E-07
   0.3001814E-01   0.6746045E-07
   0.3019266E-01   0.6693559E-07
   0.3036719E-01   0.6638523E-07
   0.3054171E-01   0.6570457E-07
   0.3071623E-01   0.6507722E-07
   0.3089076E-01   0.6441378E-07
   0.3106528E-01   0.6350043E-07
   0.3123981E-01   0.6270856E-07
   0.3141433E-01   0.6194219E-07
   0.3158886E-01   0.6104619E-07
   0.3176338E-01   0.6017518E-07
   0.3193790E-01   0.5927749E-07
   0.3211243E-01   0.5841890E-07
   0.3228695E-01   0.5749655E-07
   0.3246148E-01   0.5653235E-07
   0.3263600E-01   0.5571773E-07
   0.3281052E-01   0.5487250E-07
   0.3298505E-01   0.5404332E-07
   0.3315957E-01   0.5333728E-07
   0.3333410E-01   0.5258325E-07
   0.3350862E-01   0.5203671E-07
   0.3368314E-01   0.5158564E-07
   0.3385767E-01   0.5102800E-07
   0.3403219E-01   0.5066543E-07
   0.3420672E-01   0.5045005E-07
   0.3438124E-01   0.5009329E-07
   0.3455576E-01   0.4990881E-07
   0.3473029E-01   0.4982043E-07
   0.3490481E-01   0.4963312E-07
