        4.80        3.90
NULL
$r$
radial profile
0 0 0
0
   0.1100000E+31  -0.1100000E+31    5
   0.1100000E+31  -0.1100000E+31    5
    0
CURVE
     201
NULL
black_solid
NULL
    0.000000       0.1424125E-05
   0.1745241E-03   0.1418058E-05
   0.3490481E-03   0.1357733E-05
   0.5235722E-03   0.1328390E-05
   0.6980962E-03   0.1290309E-05
   0.8726203E-03   0.1206814E-05
   0.1047144E-02   0.1126102E-05
   0.1221668E-02   0.1057829E-05
   0.1396192E-02   0.9648844E-06
   0.1570717E-02   0.8776894E-06
   0.1745241E-02   0.7933010E-06
   0.1919765E-02   0.7110165E-06
   0.2094289E-02   0.6388271E-06
   0.2268813E-02   0.5643509E-06
   0.2443337E-02   0.5007282E-06
   0.2617861E-02   0.4501096E-06
   0.2792385E-02   0.3971098E-06
   0.2966909E-02   0.3540842E-06
   0.3141433E-02   0.3208354E-06
   0.3315957E-02   0.2873140E-06
   0.3490481E-02   0.2601672E-06
   0.3665005E-02   0.2392561E-06
   0.3839529E-02   0.2182913E-06
   0.4014053E-02   0.2016424E-06
   0.4188578E-02   0.1874958E-06
   0.4363101E-02   0.1744619E-06
   0.4537626E-02   0.1639191E-06
   0.4712150E-02   0.1541552E-06
   0.4886674E-02   0.1459065E-06
   0.5061198E-02   0.1389381E-06
   0.5235722E-02   0.1323328E-06
   0.5410246E-02   0.1266187E-06
   0.5584770E-02   0.1218236E-06
   0.5759294E-02   0.1172061E-06
   0.5933818E-02   0.1126831E-06
   0.6108342E-02   0.1089712E-06
   0.6282866E-02   0.1050566E-06
   0.6457390E-02   0.1014755E-06
   0.6631915E-02   0.9844040E-07
   0.6806438E-02   0.9489078E-07
   0.6980963E-02   0.9219351E-07
   0.7155487E-02   0.8973900E-07
   0.7330011E-02   0.8729683E-07
   0.7504535E-02   0.8531139E-07
   0.7679059E-02   0.8392126E-07
   0.7853583E-02   0.8253537E-07
   0.8028107E-02   0.8100098E-07
   0.8202631E-02   0.8042847E-07
   0.8377155E-02   0.7931030E-07
   0.8551680E-02   0.7866362E-07
   0.8726203E-02   0.7791238E-07
   0.8900727E-02   0.7678241E-07
   0.9075251E-02   0.7609230E-07
   0.9249776E-02   0.7502870E-07
   0.9424300E-02   0.7384661E-07
   0.9598823E-02   0.7278369E-07
   0.9773348E-02   0.7164490E-07
   0.9947872E-02   0.7054524E-07
   0.1012240E-01   0.6935164E-07
   0.1029692E-01   0.6844835E-07
   0.1047144E-01   0.6719308E-07
   0.1064597E-01   0.6605323E-07
   0.1082049E-01   0.6529321E-07
   0.1099502E-01   0.6407849E-07
   0.1116954E-01   0.6312455E-07
   0.1134406E-01   0.6213276E-07
   0.1151859E-01   0.6110731E-07
   0.1169311E-01   0.6009923E-07
   0.1186764E-01   0.5891193E-07
   0.1204216E-01   0.5812660E-07
   0.1221668E-01   0.5684766E-07
   0.1239121E-01   0.5598799E-07
   0.1256573E-01   0.5511162E-07
   0.1274026E-01   0.5379419E-07
   0.1291478E-01   0.5304030E-07
   0.1308930E-01   0.5215727E-07
   0.1326383E-01   0.5103945E-07
   0.1343835E-01   0.5001465E-07
   0.1361288E-01   0.4937219E-07
   0.1378740E-01   0.4845537E-07
   0.1396193E-01   0.4729649E-07
   0.1413645E-01   0.4690609E-07
   0.1431097E-01   0.4629293E-07
   0.1448550E-01   0.4562240E-07
   0.1466002E-01   0.4527863E-07
   0.1483455E-01   0.4505898E-07
   0.1500907E-01   0.4492895E-07
   0.1518359E-01   0.4483798E-07
   0.1535812E-01   0.4498921E-07
   0.1553264E-01   0.4511998E-07
   0.1570717E-01   0.4537437E-07
   0.1588169E-01   0.4563138E-07
   0.1605621E-01   0.4593448E-07
   0.1623074E-01   0.4604037E-07
   0.1640526E-01   0.4612975E-07
   0.1657979E-01   0.4612500E-07
   0.1675431E-01   0.4628498E-07
   0.1692883E-01   0.4608418E-07
   0.1710336E-01   0.4596830E-07
   0.1727788E-01   0.4577428E-07
   0.1745241E-01   0.4549216E-07
   0.1762693E-01   0.4534290E-07
   0.1780145E-01   0.4485872E-07
   0.1797598E-01   0.4462529E-07
   0.1815050E-01   0.4427264E-07
   0.1832503E-01   0.4394243E-07
   0.1849955E-01   0.4356024E-07
   0.1867408E-01   0.4322711E-07
   0.1884860E-01   0.4283686E-07
   0.1902312E-01   0.4253425E-07
   0.1919765E-01   0.4220007E-07
   0.1937217E-01   0.4178385E-07
   0.1954670E-01   0.4150149E-07
   0.1972122E-01   0.4108895E-07
   0.1989574E-01   0.4062981E-07
   0.2007027E-01   0.4020851E-07
   0.2024479E-01   0.3965793E-07
   0.2041932E-01   0.3922215E-07
   0.2059384E-01   0.3871845E-07
   0.2076836E-01   0.3821088E-07
   0.2094289E-01   0.3769580E-07
   0.2111741E-01   0.3713146E-07
   0.2129194E-01   0.3655072E-07
   0.2146646E-01   0.3614511E-07
   0.2164098E-01   0.3559514E-07
   0.2181551E-01   0.3510808E-07
   0.2199003E-01   0.3465359E-07
   0.2216456E-01   0.3421944E-07
   0.2233908E-01   0.3365320E-07
   0.2251360E-01   0.3320750E-07
   0.2268813E-01   0.3271701E-07
   0.2286265E-01   0.3225674E-07
   0.2303718E-01   0.3183255E-07
   0.2321170E-01   0.3140717E-07
   0.2338623E-01   0.3092385E-07
   0.2356075E-01   0.3041827E-07
   0.2373527E-01   0.2989650E-07
   0.2390980E-01   0.2947170E-07
   0.2408432E-01   0.2889534E-07
   0.2425884E-01   0.2841919E-07
   0.2443337E-01   0.2790361E-07
   0.2460789E-01   0.2738026E-07
   0.2478242E-01   0.2688595E-07
   0.2495694E-01   0.2646437E-07
   0.2513147E-01   0.2611092E-07
   0.2530599E-01   0.2565057E-07
   0.2548051E-01   0.2524739E-07
   0.2565504E-01   0.2497907E-07
   0.2582956E-01   0.2470786E-07
   0.2600409E-01   0.2447298E-07
   0.2617861E-01   0.2426506E-07
   0.2635313E-01   0.2413045E-07
   0.2652766E-01   0.2400895E-07
   0.2670218E-01   0.2394398E-07
   0.2687671E-01   0.2393504E-07
   0.2705123E-01   0.2385413E-07
   0.2722575E-01   0.2391635E-07
   0.2740028E-01   0.2400566E-07
   0.2757480E-01   0.2391763E-07
   0.2774933E-01   0.2393443E-07
   0.2792385E-01   0.2396043E-07
   0.2809837E-01   0.2391407E-07
   0.2827290E-01   0.2384002E-07
   0.2844742E-01   0.2374690E-07
   0.2862195E-01   0.2368952E-07
   0.2879647E-01   0.2354057E-07
   0.2897099E-01   0.2327447E-07
   0.2914552E-01   0.2325024E-07
   0.2932004E-01   0.2314103E-07
   0.2949457E-01   0.2291120E-07
   0.2966909E-01   0.2287521E-07
   0.2984362E-01   0.2285429E-07
   0.3001814E-01   0.2282702E-07
   0.3019266E-01   0.2271765E-07
   0.3036719E-01   0.2272169E-07
   0.3054171E-01   0.2276717E-07
   0.3071623E-01   0.2273568E-07
   0.3089076E-01   0.2271938E-07
   0.3106528E-01   0.2269098E-07
   0.3123981E-01   0.2246745E-07
   0.3141433E-01   0.2251266E-07
   0.3158886E-01   0.2239612E-07
   0.3176338E-01   0.2230335E-07
   0.3193790E-01   0.2234733E-07
   0.3211243E-01   0.2227341E-07
   0.3228695E-01   0.2222333E-07
   0.3246148E-01   0.2220935E-07
   0.3263600E-01   0.2218656E-07
   0.3281052E-01   0.2222141E-07
   0.3298505E-01   0.2229912E-07
   0.3315957E-01   0.2232380E-07
   0.3333410E-01   0.2224159E-07
   0.3350862E-01   0.2221026E-07
   0.3368314E-01   0.2229597E-07
   0.3385767E-01   0.2216423E-07
   0.3403219E-01   0.2202554E-07
   0.3420672E-01   0.2194038E-07
   0.3438124E-01   0.2182712E-07
   0.3455576E-01   0.2168799E-07
   0.3473029E-01   0.2165446E-07
   0.3490481E-01   0.2157067E-07
