   0.00000E+00   0.00000E+00
   0.17452E-03  -0.18268E-10
   0.34905E-03  -0.21097E-09
   0.52357E-03  -0.32707E-09
   0.69810E-03  -0.26776E-09
   0.87262E-03  -0.69665E-09
   0.10471E-02  -0.84626E-09
   0.12217E-02  -0.93652E-09
   0.13962E-02  -0.96865E-09
   0.15707E-02  -0.12657E-08
   0.17452E-02  -0.11245E-08
   0.19198E-02  -0.10944E-08
   0.20943E-02  -0.11147E-08
   0.22688E-02  -0.10367E-08
   0.24433E-02  -0.87515E-09
   0.26179E-02  -0.76954E-09
   0.27924E-02  -0.90603E-09
   0.29669E-02  -0.77370E-09
   0.31414E-02  -0.51884E-09
   0.33160E-02  -0.86530E-09
   0.34905E-02  -0.92441E-09
   0.36650E-02  -0.79631E-09
   0.38395E-02  -0.10641E-08
   0.40141E-02  -0.10725E-08
   0.41886E-02  -0.97510E-09
   0.43631E-02  -0.11644E-08
   0.45376E-02  -0.92477E-09
   0.47121E-02  -0.86440E-09
   0.48867E-02  -0.62871E-09
   0.50612E-02  -0.29870E-10
   0.52357E-02   0.30341E-09
   0.54102E-02   0.62441E-09
   0.55848E-02   0.10906E-08
   0.57593E-02   0.13161E-08
   0.59338E-02   0.16424E-08
   0.61083E-02   0.18374E-08
   0.62829E-02   0.17876E-08
   0.64574E-02   0.17535E-08
   0.66319E-02   0.16793E-08
   0.68064E-02   0.12785E-08
   0.69810E-02   0.89695E-09
   0.71555E-02   0.58290E-09
   0.73300E-02  -0.12254E-09
   0.75045E-02  -0.50446E-09
   0.76791E-02  -0.10043E-08
   0.78536E-02  -0.14041E-08
   0.80281E-02  -0.18018E-08
   0.82026E-02  -0.20589E-08
   0.83772E-02  -0.21837E-08
   0.85517E-02  -0.22725E-08
   0.87262E-02  -0.24930E-08
   0.89007E-02  -0.23794E-08
   0.90753E-02  -0.24970E-08
   0.92498E-02  -0.24260E-08
   0.94243E-02  -0.24264E-08
   0.95988E-02  -0.23301E-08
   0.97733E-02  -0.20758E-08
   0.99479E-02  -0.19652E-08
   0.10122E-01  -0.16866E-08
   0.10297E-01  -0.14088E-08
   0.10471E-01  -0.11037E-08
   0.10646E-01  -0.82911E-09
   0.10820E-01  -0.47519E-09
   0.10995E-01  -0.19712E-09
   0.11170E-01  -0.41395E-10
   0.11344E-01   0.16216E-09
   0.11519E-01   0.33866E-09
   0.11693E-01   0.32230E-09
   0.11868E-01   0.43430E-09
   0.12042E-01   0.33088E-09
   0.12217E-01   0.19375E-09
   0.12391E-01   0.13183E-09
   0.12566E-01  -0.90069E-10
   0.12740E-01  -0.32265E-09
   0.12915E-01  -0.56278E-09
   0.13089E-01  -0.66187E-09
   0.13264E-01  -0.77431E-09
   0.13438E-01  -0.84440E-09
   0.13613E-01  -0.91396E-09
   0.13787E-01  -0.84913E-09
   0.13962E-01  -0.88870E-09
   0.14136E-01  -0.86305E-09
   0.14311E-01  -0.78952E-09
   0.14485E-01  -0.72776E-09
   0.14660E-01  -0.69064E-09
   0.14835E-01  -0.58969E-09
   0.15009E-01  -0.48600E-09
   0.15184E-01  -0.44949E-09
   0.15358E-01  -0.28240E-09
   0.15533E-01  -0.16776E-09
   0.15707E-01   0.75669E-10
   0.15882E-01   0.21189E-09
   0.16056E-01   0.36098E-09
   0.16231E-01   0.50339E-09
   0.16405E-01   0.76874E-09
   0.16580E-01   0.85374E-09
   0.16754E-01   0.10048E-08
   0.16929E-01   0.12527E-08
   0.17103E-01   0.14717E-08
   0.17278E-01   0.15718E-08
   0.17452E-01   0.18731E-08
   0.17627E-01   0.20922E-08
   0.17801E-01   0.22432E-08
   0.17976E-01   0.24364E-08
   0.18151E-01   0.26645E-08
   0.18325E-01   0.27612E-08
   0.18500E-01   0.28535E-08
   0.18674E-01   0.29253E-08
   0.18849E-01   0.28741E-08
   0.19023E-01   0.28004E-08
   0.19198E-01   0.26437E-08
   0.19372E-01   0.22869E-08
   0.19547E-01   0.20107E-08
   0.19721E-01   0.16353E-08
   0.19896E-01   0.11514E-08
   0.20070E-01   0.63921E-09
   0.20245E-01   0.14024E-09
   0.20419E-01  -0.42156E-09
   0.20594E-01  -0.90535E-09
   0.20768E-01  -0.13170E-08
   0.20943E-01  -0.17104E-08
   0.21117E-01  -0.20619E-08
   0.21292E-01  -0.23430E-08
   0.21466E-01  -0.25204E-08
   0.21641E-01  -0.25966E-08
   0.21816E-01  -0.26449E-08
   0.21990E-01  -0.26873E-08
   0.22165E-01  -0.26434E-08
   0.22339E-01  -0.25264E-08
   0.22514E-01  -0.24264E-08
   0.22688E-01  -0.22625E-08
   0.22863E-01  -0.21550E-08
   0.23037E-01  -0.20132E-08
   0.23212E-01  -0.19082E-08
   0.23386E-01  -0.18866E-08
   0.23561E-01  -0.18020E-08
   0.23735E-01  -0.17096E-08
   0.23910E-01  -0.17555E-08
   0.24084E-01  -0.16911E-08
   0.24259E-01  -0.16371E-08
   0.24433E-01  -0.15684E-08
   0.24608E-01  -0.14375E-08
   0.24782E-01  -0.14515E-08
   0.24957E-01  -0.12220E-08
   0.25131E-01  -0.10348E-08
   0.25306E-01  -0.89873E-09
   0.25481E-01  -0.60523E-09
   0.25655E-01  -0.30533E-09
   0.25830E-01  -0.30474E-10
   0.26004E-01   0.29104E-09
   0.26179E-01   0.60903E-09
   0.26353E-01   0.93691E-09
   0.26528E-01   0.12057E-08
   0.26702E-01   0.14469E-08
   0.26877E-01   0.17269E-08
   0.27051E-01   0.18856E-08
   0.27226E-01   0.20860E-08
   0.27400E-01   0.22397E-08
   0.27575E-01   0.23725E-08
   0.27749E-01   0.24251E-08
   0.27924E-01   0.25329E-08
   0.28098E-01   0.25890E-08
   0.28273E-01   0.25909E-08
   0.28447E-01   0.26642E-08
   0.28622E-01   0.27212E-08
   0.28796E-01   0.26434E-08
   0.28971E-01   0.26103E-08
   0.29146E-01   0.25507E-08
   0.29320E-01   0.23480E-08
   0.29495E-01   0.22282E-08
   0.29669E-01   0.20717E-08
   0.29844E-01   0.18407E-08
   0.30018E-01   0.16320E-08
   0.30193E-01   0.13722E-08
   0.30367E-01   0.12802E-08
   0.30542E-01   0.11767E-08
   0.30716E-01   0.10199E-08
   0.30891E-01   0.10096E-08
   0.31065E-01   0.10293E-08
   0.31240E-01   0.99326E-09
   0.31414E-01   0.10540E-08
   0.31589E-01   0.11266E-08
   0.31763E-01   0.11683E-08
   0.31938E-01   0.11352E-08
   0.32112E-01   0.11556E-08
   0.32287E-01   0.10795E-08
   0.32461E-01   0.93659E-09
   0.32636E-01   0.86798E-09
   0.32811E-01   0.74524E-09
   0.32985E-01   0.52203E-09
   0.33160E-01   0.39534E-09
   0.33334E-01   0.29568E-09
   0.33509E-01   0.18105E-09
   0.33683E-01   0.13330E-09
   0.33858E-01   0.18496E-09
   0.34032E-01   0.21467E-09
   0.34207E-01   0.31922E-09
   0.34381E-01   0.46172E-09
   0.34556E-01   0.53097E-09
   0.34730E-01   0.73547E-09
   0.34905E-01   0.91144E-09
