        4.80        3.90
NULL
$r$
radial profile
0 0 0
0
   0.1100000E+31  -0.1100000E+31    5
   0.1100000E+31  -0.1100000E+31    5
    0
CURVE
     201
NULL
black_solid
NULL
    0.000000        0.000000    
   0.1745241E-03   0.7312301E-10
   0.3490481E-03   0.5203547E-07
   0.5235722E-03   0.7763119E-07
   0.6980962E-03   0.1137212E-06
   0.8726203E-03   0.1905684E-06
   0.1047144E-02   0.2626093E-06
   0.1221668E-02   0.3202993E-06
   0.1396192E-02   0.3989988E-06
   0.1570717E-02   0.4666784E-06
   0.1745241E-02   0.5278805E-06
   0.1919765E-02   0.5825869E-06
   0.2094289E-02   0.6245054E-06
   0.2268813E-02   0.6619176E-06
   0.2443337E-02   0.6878170E-06
   0.2617861E-02   0.7016381E-06
   0.2792385E-02   0.7096099E-06
   0.2966909E-02   0.7104267E-06
   0.3141433E-02   0.7046236E-06
   0.3315957E-02   0.6925276E-06
   0.3490481E-02   0.6784890E-06
   0.3665005E-02   0.6622628E-06
   0.3839529E-02   0.6416565E-06
   0.4014053E-02   0.6216025E-06
   0.4188578E-02   0.6009901E-06
   0.4363101E-02   0.5782233E-06
   0.4537626E-02   0.5570068E-06
   0.4712150E-02   0.5351121E-06
   0.4886674E-02   0.5129957E-06
   0.5061198E-02   0.4929901E-06
   0.5235722E-02   0.4719771E-06
   0.5410246E-02   0.4521025E-06
   0.5584770E-02   0.4343191E-06
   0.5759294E-02   0.4164759E-06
   0.5933818E-02   0.3998938E-06
   0.6108342E-02   0.3852386E-06
   0.6282866E-02   0.3709129E-06
   0.6457390E-02   0.3581070E-06
   0.6631915E-02   0.3462375E-06
   0.6806438E-02   0.3347026E-06
   0.6980963E-02   0.3242711E-06
   0.7155487E-02   0.3139286E-06
   0.7330011E-02   0.3038247E-06
   0.7504535E-02   0.2946950E-06
   0.7679059E-02   0.2855299E-06
   0.7853583E-02   0.2763751E-06
   0.8028107E-02   0.2683545E-06
   0.8202631E-02   0.2606944E-06
   0.8377155E-02   0.2532588E-06
   0.8551680E-02   0.2466641E-06
   0.8726203E-02   0.2408668E-06
   0.8900727E-02   0.2352271E-06
   0.9075251E-02   0.2301846E-06
   0.9249776E-02   0.2257992E-06
   0.9424300E-02   0.2213471E-06
   0.9598823E-02   0.2173337E-06
   0.9773348E-02   0.2133119E-06
   0.9947872E-02   0.2092632E-06
   0.1012240E-01   0.2053729E-06
   0.1029692E-01   0.2009849E-06
   0.1047144E-01   0.1968021E-06
   0.1064597E-01   0.1927462E-06
   0.1082049E-01   0.1883265E-06
   0.1099502E-01   0.1842195E-06
   0.1116954E-01   0.1805551E-06
   0.1134406E-01   0.1765549E-06
   0.1151859E-01   0.1729689E-06
   0.1169311E-01   0.1697644E-06
   0.1186764E-01   0.1665265E-06
   0.1204216E-01   0.1635864E-06
   0.1221668E-01   0.1607940E-06
   0.1239121E-01   0.1582069E-06
   0.1256573E-01   0.1557532E-06
   0.1274026E-01   0.1533631E-06
   0.1291478E-01   0.1511488E-06
   0.1308930E-01   0.1489252E-06
   0.1326383E-01   0.1468092E-06
   0.1343835E-01   0.1448460E-06
   0.1361288E-01   0.1430039E-06
   0.1378740E-01   0.1411246E-06
   0.1396193E-01   0.1393050E-06
   0.1413645E-01   0.1374595E-06
   0.1431097E-01   0.1356392E-06
   0.1448550E-01   0.1337963E-06
   0.1466002E-01   0.1319530E-06
   0.1483455E-01   0.1300140E-06
   0.1500907E-01   0.1280993E-06
   0.1518359E-01   0.1261666E-06
   0.1535812E-01   0.1241760E-06
   0.1553264E-01   0.1223140E-06
   0.1570717E-01   0.1205448E-06
   0.1588169E-01   0.1187045E-06
   0.1605621E-01   0.1172850E-06
   0.1623074E-01   0.1158202E-06
   0.1640526E-01   0.1144536E-06
   0.1657979E-01   0.1133245E-06
   0.1675431E-01   0.1120930E-06
   0.1692883E-01   0.1111595E-06
   0.1710336E-01   0.1100277E-06
   0.1727788E-01   0.1090468E-06
   0.1745241E-01   0.1079003E-06
   0.1762693E-01   0.1068748E-06
   0.1780145E-01   0.1056231E-06
   0.1797598E-01   0.1044062E-06
   0.1815050E-01   0.1031005E-06
   0.1832503E-01   0.1018038E-06
   0.1849955E-01   0.1006086E-06
   0.1867408E-01   0.9939226E-07
   0.1884860E-01   0.9818695E-07
   0.1902312E-01   0.9714517E-07
   0.1919765E-01   0.9615620E-07
   0.1937217E-01   0.9512363E-07
   0.1954670E-01   0.9423589E-07
   0.1972122E-01   0.9343897E-07
   0.1989574E-01   0.9269783E-07
   0.2007027E-01   0.9197179E-07
   0.2024479E-01   0.9128494E-07
   0.2041932E-01   0.9073727E-07
   0.2059384E-01   0.9005020E-07
   0.2076836E-01   0.8943093E-07
   0.2094289E-01   0.8886010E-07
   0.2111741E-01   0.8842287E-07
   0.2129194E-01   0.8783920E-07
   0.2146646E-01   0.8741902E-07
   0.2164098E-01   0.8690159E-07
   0.2181551E-01   0.8651728E-07
   0.2199003E-01   0.8607177E-07
   0.2216456E-01   0.8563803E-07
   0.2233908E-01   0.8523114E-07
   0.2251360E-01   0.8472334E-07
   0.2268813E-01   0.8428927E-07
   0.2286265E-01   0.8361793E-07
   0.2303718E-01   0.8312885E-07
   0.2321170E-01   0.8267572E-07
   0.2338623E-01   0.8199701E-07
   0.2356075E-01   0.8139482E-07
   0.2373527E-01   0.8083342E-07
   0.2390980E-01   0.8012629E-07
   0.2408432E-01   0.7941618E-07
   0.2425884E-01   0.7869833E-07
   0.2443337E-01   0.7796331E-07
   0.2460789E-01   0.7728092E-07
   0.2478242E-01   0.7646957E-07
   0.2495694E-01   0.7575829E-07
   0.2513147E-01   0.7511393E-07
   0.2530599E-01   0.7432897E-07
   0.2548051E-01   0.7353385E-07
   0.2565504E-01   0.7299422E-07
   0.2582956E-01   0.7245499E-07
   0.2600409E-01   0.7190786E-07
   0.2617861E-01   0.7152342E-07
   0.2635313E-01   0.7130051E-07
   0.2652766E-01   0.7100756E-07
   0.2670218E-01   0.7081706E-07
   0.2687671E-01   0.7068871E-07
   0.2705123E-01   0.7052502E-07
   0.2722575E-01   0.7041265E-07
   0.2740028E-01   0.7026010E-07
   0.2757480E-01   0.7011711E-07
   0.2774933E-01   0.6989075E-07
   0.2792385E-01   0.6975134E-07
   0.2809837E-01   0.6962384E-07
   0.2827290E-01   0.6943291E-07
   0.2844742E-01   0.6928723E-07
   0.2862195E-01   0.6919036E-07
   0.2879647E-01   0.6908769E-07
   0.2897099E-01   0.6888607E-07
   0.2914552E-01   0.6877244E-07
   0.2932004E-01   0.6859737E-07
   0.2949457E-01   0.6837166E-07
   0.2966909E-01   0.6812158E-07
   0.2984362E-01   0.6795831E-07
   0.3001814E-01   0.6751883E-07
   0.3019266E-01   0.6713142E-07
   0.3036719E-01   0.6666654E-07
   0.3054171E-01   0.6607154E-07
   0.3071623E-01   0.6554642E-07
   0.3089076E-01   0.6494335E-07
   0.3106528E-01   0.6409451E-07
   0.3123981E-01   0.6333611E-07
   0.3141433E-01   0.6261786E-07
   0.3158886E-01   0.6176024E-07
   0.3176338E-01   0.6087621E-07
   0.3193790E-01   0.6001063E-07
   0.3211243E-01   0.5918800E-07
   0.3228695E-01   0.5826252E-07
   0.3246148E-01   0.5734075E-07
   0.3263600E-01   0.5654118E-07
   0.3281052E-01   0.5572497E-07
   0.3298505E-01   0.5490701E-07
   0.3315957E-01   0.5422131E-07
   0.3333410E-01   0.5346240E-07
   0.3350862E-01   0.5296838E-07
   0.3368314E-01   0.5249636E-07
   0.3385767E-01   0.5193580E-07
   0.3403219E-01   0.5157852E-07
   0.3420672E-01   0.5134688E-07
   0.3438124E-01   0.5095809E-07
   0.3455576E-01   0.5074663E-07
   0.3473029E-01   0.5062602E-07
   0.3490481E-01   0.5035789E-07
