        4.80        3.90
NULL
$r$
radial profile
0 0 0
0
   0.1100000E+31  -0.1100000E+31    5
   0.1100000E+31  -0.1100000E+31    5
    0
CURVE
      71
NULL
black_solid
NULL
    0.000000        0.000000    
   0.4986402E-03    473.1226    
   0.9972804E-03   -391.6370    
   0.1495921E-02   -66.52650    
   0.1994561E-02    234.0543    
   0.2493201E-02    464.2267    
   0.2991841E-02    581.1002    
   0.3490481E-02    681.1485    
   0.3989121E-02    762.6922    
   0.4487762E-02    773.2635    
   0.4986402E-02    704.8831    
   0.5485042E-02    626.5710    
   0.5983682E-02    501.2491    
   0.6482322E-02    316.7690    
   0.6980963E-02    214.7073    
   0.7479603E-02    194.1790    
   0.7978243E-02    185.0101    
   0.8476883E-02    170.5519    
   0.8975524E-02    140.2429    
   0.9474164E-02    132.0097    
   0.9972803E-02    95.99033    
   0.1047144E-01    68.48040    
   0.1097008E-01    53.75690    
   0.1146872E-01    9.441617    
   0.1196736E-01   -13.10429    
   0.1246601E-01   -16.40834    
   0.1296464E-01   -13.77361    
   0.1346328E-01    50.35212    
   0.1396193E-01    45.53020    
   0.1446057E-01    72.36360    
   0.1495921E-01    39.42791    
   0.1545785E-01    38.93404    
   0.1595649E-01    44.21173    
   0.1645513E-01    59.02224    
   0.1695377E-01    27.48256    
   0.1745241E-01    15.56034    
   0.1795105E-01    32.85128    
   0.1844969E-01    58.24722    
   0.1894833E-01    34.74393    
   0.1944697E-01    29.32389    
   0.1994561E-01    13.16885    
   0.2044425E-01   -1.428186    
   0.2094289E-01   -3.347161    
   0.2144153E-01    2.156484    
   0.2194017E-01   -33.99850    
   0.2243881E-01   -45.94026    
   0.2293745E-01   -14.30085    
   0.2343609E-01    7.326030    
   0.2393473E-01    42.77195    
   0.2443337E-01    72.00933    
   0.2493201E-01    88.98749    
   0.2543065E-01    63.80698    
   0.2592929E-01    23.05996    
   0.2642793E-01    15.78828    
   0.2692657E-01    13.94963    
   0.2742521E-01   -11.76718    
   0.2792385E-01   -18.25954    
   0.2842249E-01   -31.29174    
   0.2892113E-01   -24.80595    
   0.2941977E-01   -13.71049    
   0.2991841E-01   -4.759669    
   0.3041705E-01   -11.30929    
   0.3091569E-01   -12.94965    
   0.3141433E-01   -8.102737    
   0.3191297E-01    7.956300    
   0.3241161E-01    13.70811    
   0.3291025E-01    36.80892    
   0.3340889E-01    73.18995    
   0.3390753E-01    65.83621    
   0.3440617E-01    37.65287    
   0.3490481E-01    6.098082    
