        4.80        3.90
NULL
$r$
radial profile
0 0 0
0
   0.1100000E+31  -0.1100000E+31    5
   0.1100000E+31  -0.1100000E+31    5
    0
CURVE
     201
NULL
black_solid
NULL
    0.000000       0.1445435E-05
   0.1745241E-03   0.1439327E-05
   0.3490481E-03   0.1377735E-05
   0.5235722E-03   0.1347945E-05
   0.6980962E-03   0.1309394E-05
   0.8726203E-03   0.1222848E-05
   0.1047144E-02   0.1141851E-05
   0.1221668E-02   0.1072204E-05
   0.1396192E-02   0.9766859E-06
   0.1570717E-02   0.8885867E-06
   0.1745241E-02   0.8031134E-06
   0.1919765E-02   0.7185050E-06
   0.2094289E-02   0.6456825E-06
   0.2268813E-02   0.5701901E-06
   0.2443337E-02   0.5053532E-06
   0.2617861E-02   0.4542828E-06
   0.2792385E-02   0.4006056E-06
   0.2966909E-02   0.3569841E-06
   0.3141433E-02   0.3235128E-06
   0.3315957E-02   0.2894468E-06
   0.3490481E-02   0.2622171E-06
   0.3665005E-02   0.2411822E-06
   0.3839529E-02   0.2199783E-06
   0.4014053E-02   0.2032634E-06
   0.4188578E-02   0.1892896E-06
   0.4363101E-02   0.1763577E-06
   0.4537626E-02   0.1659198E-06
   0.4712150E-02   0.1565615E-06
   0.4886674E-02   0.1485912E-06
   0.5061198E-02   0.1418410E-06
   0.5235722E-02   0.1358103E-06
   0.5410246E-02   0.1305392E-06
   0.5584770E-02   0.1259366E-06
   0.5759294E-02   0.1217319E-06
   0.5933818E-02   0.1176475E-06
   0.6108342E-02   0.1141638E-06
   0.6282866E-02   0.1103802E-06
   0.6457390E-02   0.1068620E-06
   0.6631915E-02   0.1039188E-06
   0.6806438E-02   0.1002211E-06
   0.6980963E-02   0.9737487E-07
   0.7155487E-02   0.9453301E-07
   0.7330011E-02   0.9169049E-07
   0.7504535E-02   0.8929209E-07
   0.7679059E-02   0.8712060E-07
   0.7853583E-02   0.8509340E-07
   0.8028107E-02   0.8307175E-07
   0.8202631E-02   0.8167275E-07
   0.8377155E-02   0.7993512E-07
   0.8551680E-02   0.7860313E-07
   0.8726203E-02   0.7743967E-07
   0.8900727E-02   0.7606454E-07
   0.9075251E-02   0.7501647E-07
   0.9249776E-02   0.7395143E-07
   0.9424300E-02   0.7312077E-07
   0.9598823E-02   0.7224398E-07
   0.9773348E-02   0.7155727E-07
   0.9947872E-02   0.7106020E-07
   0.1012240E-01   0.7044888E-07
   0.1029692E-01   0.7015205E-07
   0.1047144E-01   0.6959714E-07
   0.1064597E-01   0.6911897E-07
   0.1082049E-01   0.6878771E-07
   0.1099502E-01   0.6806848E-07
   0.1116954E-01   0.6743615E-07
   0.1134406E-01   0.6666550E-07
   0.1151859E-01   0.6585977E-07
   0.1169311E-01   0.6503473E-07
   0.1186764E-01   0.6395308E-07
   0.1204216E-01   0.6315093E-07
   0.1221668E-01   0.6212387E-07
   0.1239121E-01   0.6125978E-07
   0.1256573E-01   0.6031809E-07
   0.1274026E-01   0.5932746E-07
   0.1291478E-01   0.5858640E-07
   0.1308930E-01   0.5765201E-07
   0.1326383E-01   0.5673731E-07
   0.1343835E-01   0.5579286E-07
   0.1361288E-01   0.5503579E-07
   0.1378740E-01   0.5412029E-07
   0.1396193E-01   0.5307612E-07
   0.1413645E-01   0.5235730E-07
   0.1431097E-01   0.5148482E-07
   0.1448550E-01   0.5066559E-07
   0.1466002E-01   0.4993800E-07
   0.1483455E-01   0.4925788E-07
   0.1500907E-01   0.4874117E-07
   0.1518359E-01   0.4816341E-07
   0.1535812E-01   0.4780649E-07
   0.1553264E-01   0.4742900E-07
   0.1570717E-01   0.4710893E-07
   0.1588169E-01   0.4681729E-07
   0.1605621E-01   0.4658489E-07
   0.1623074E-01   0.4628921E-07
   0.1640526E-01   0.4595183E-07
   0.1657979E-01   0.4567578E-07
   0.1675431E-01   0.4548083E-07
   0.1692883E-01   0.4500715E-07
   0.1710336E-01   0.4472379E-07
   0.1727788E-01   0.4436292E-07
   0.1745241E-01   0.4400114E-07
   0.1762693E-01   0.4366721E-07
   0.1780145E-01   0.4327786E-07
   0.1797598E-01   0.4306354E-07
   0.1815050E-01   0.4271597E-07
   0.1832503E-01   0.4247377E-07
   0.1849955E-01   0.4215946E-07
   0.1867408E-01   0.4184863E-07
   0.1884860E-01   0.4152016E-07
   0.1902312E-01   0.4121115E-07
   0.1919765E-01   0.4094737E-07
   0.1937217E-01   0.4053522E-07
   0.1954670E-01   0.4028321E-07
   0.1972122E-01   0.3988725E-07
   0.1989574E-01   0.3940026E-07
   0.2007027E-01   0.3910478E-07
   0.2024479E-01   0.3852758E-07
   0.2041932E-01   0.3814216E-07
   0.2059384E-01   0.3769978E-07
   0.2076836E-01   0.3720573E-07
   0.2094289E-01   0.3684090E-07
   0.2111741E-01   0.3636757E-07
   0.2129194E-01   0.3601202E-07
   0.2146646E-01   0.3575593E-07
   0.2164098E-01   0.3547349E-07
   0.2181551E-01   0.3528014E-07
   0.2199003E-01   0.3512128E-07
   0.2216456E-01   0.3506994E-07
   0.2233908E-01   0.3493398E-07
   0.2251360E-01   0.3496868E-07
   0.2268813E-01   0.3494791E-07
   0.2286265E-01   0.3490234E-07
   0.2303718E-01   0.3486410E-07
   0.2321170E-01   0.3477132E-07
   0.2338623E-01   0.3473544E-07
   0.2356075E-01   0.3448593E-07
   0.2373527E-01   0.3427950E-07
   0.2390980E-01   0.3406232E-07
   0.2408432E-01   0.3368316E-07
   0.2425884E-01   0.3328866E-07
   0.2443337E-01   0.3284745E-07
   0.2460789E-01   0.3245442E-07
   0.2478242E-01   0.3189260E-07
   0.2495694E-01   0.3134593E-07
   0.2513147E-01   0.3079124E-07
   0.2530599E-01   0.3022104E-07
   0.2548051E-01   0.2954576E-07
   0.2565504E-01   0.2890867E-07
   0.2582956E-01   0.2831794E-07
   0.2600409E-01   0.2772323E-07
   0.2617861E-01   0.2706779E-07
   0.2635313E-01   0.2655101E-07
   0.2652766E-01   0.2617588E-07
   0.2670218E-01   0.2573366E-07
   0.2687671E-01   0.2535812E-07
   0.2705123E-01   0.2515015E-07
   0.2722575E-01   0.2503738E-07
   0.2740028E-01   0.2490671E-07
   0.2757480E-01   0.2488112E-07
   0.2774933E-01   0.2488870E-07
   0.2792385E-01   0.2483396E-07
   0.2809837E-01   0.2483100E-07
   0.2827290E-01   0.2481130E-07
   0.2844742E-01   0.2470791E-07
   0.2862195E-01   0.2463797E-07
   0.2879647E-01   0.2453751E-07
   0.2897099E-01   0.2427077E-07
   0.2914552E-01   0.2412563E-07
   0.2932004E-01   0.2406024E-07
   0.2949457E-01   0.2378423E-07
   0.2966909E-01   0.2371023E-07
   0.2984362E-01   0.2370206E-07
   0.3001814E-01   0.2364184E-07
   0.3019266E-01   0.2363994E-07
   0.3036719E-01   0.2368078E-07
   0.3054171E-01   0.2379286E-07
   0.3071623E-01   0.2379112E-07
   0.3089076E-01   0.2381105E-07
   0.3106528E-01   0.2387775E-07
   0.3123981E-01   0.2368479E-07
   0.3141433E-01   0.2367324E-07
   0.3158886E-01   0.2353559E-07
   0.3176338E-01   0.2338630E-07
   0.3193790E-01   0.2326802E-07
   0.3211243E-01   0.2309585E-07
   0.3228695E-01   0.2300497E-07
   0.3246148E-01   0.2282896E-07
   0.3263600E-01   0.2270286E-07
   0.3281052E-01   0.2265194E-07
   0.3298505E-01   0.2259982E-07
   0.3315957E-01   0.2248173E-07
   0.3333410E-01   0.2235858E-07
   0.3350862E-01   0.2231138E-07
   0.3368314E-01   0.2215956E-07
   0.3385767E-01   0.2196434E-07
   0.3403219E-01   0.2179088E-07
   0.3420672E-01   0.2158254E-07
   0.3438124E-01   0.2134340E-07
   0.3455576E-01   0.2108976E-07
   0.3473029E-01   0.2088047E-07
   0.3490481E-01   0.2070620E-07
