        4.80        3.90
NULL
$r$
radial profile
0 0 0
0
   0.1100000E+31  -0.1100000E+31    5
   0.1100000E+31  -0.1100000E+31    5
    0
CURVE
     201
NULL
black_solid
NULL
    0.000000        0.000000    
   0.1745241E-03   0.7799139E-10
   0.3490481E-03   0.3338651E-09
   0.5235722E-03  -0.9821825E-10
   0.6980962E-03   0.1992191E-09
   0.8726203E-03  -0.5342102E-09
   0.1047144E-02  -0.1128299E-09
   0.1221668E-02   0.1362220E-09
   0.1396192E-02  -0.1724503E-09
   0.1570717E-02  -0.3742953E-10
   0.1745241E-02   0.2449162E-09
   0.1919765E-02  -0.4258423E-10
   0.2094289E-02   0.1948677E-09
   0.2268813E-02   0.3969467E-09
   0.2443337E-02   0.1401058E-09
   0.2617861E-02   0.1921652E-09
   0.2792385E-02   0.5175390E-09
   0.2966909E-02   0.3705554E-09
   0.3141433E-02   0.4202781E-09
   0.3315957E-02   0.6253940E-09
   0.3490481E-02   0.5429872E-09
   0.3665005E-02   0.4936664E-09
   0.3839529E-02   0.7824502E-09
   0.4014053E-02   0.8613294E-09
   0.4188578E-02   0.8459438E-09
   0.4363101E-02   0.1063927E-08
   0.4537626E-02   0.1066144E-08
   0.4712150E-02   0.1191649E-08
   0.4886674E-02   0.1470261E-08
   0.5061198E-02   0.1354781E-08
   0.5235722E-02   0.1456210E-08
   0.5410246E-02   0.1667884E-08
   0.5584770E-02   0.1821428E-08
   0.5759294E-02   0.1564009E-08
   0.5933818E-02   0.1844824E-08
   0.6108342E-02   0.2193313E-08
   0.6282866E-02   0.1991315E-08
   0.6457390E-02   0.2083426E-08
   0.6631915E-02   0.2347468E-08
   0.6806438E-02   0.2223438E-08
   0.6980963E-02   0.2353832E-08
   0.7155487E-02   0.2497166E-08
   0.7330011E-02   0.2412864E-08
   0.7504535E-02   0.2613757E-08
   0.7679059E-02   0.2610334E-08
   0.7853583E-02   0.2685819E-08
   0.8028107E-02   0.2713444E-08
   0.8202631E-02   0.2879217E-08
   0.8377155E-02   0.2935756E-08
   0.8551680E-02   0.2959706E-08
   0.8726203E-02   0.3204281E-08
   0.8900727E-02   0.3372572E-08
   0.9075251E-02   0.3551734E-08
   0.9249776E-02   0.3785529E-08
   0.9424300E-02   0.4019996E-08
   0.9598823E-02   0.4345838E-08
   0.9773348E-02   0.4768051E-08
   0.9947872E-02   0.5052728E-08
   0.1012240E-01   0.5435143E-08
   0.1029692E-01   0.5944464E-08
   0.1047144E-01   0.6096815E-08
   0.1064597E-01   0.6344119E-08
   0.1082049E-01   0.6675979E-08
   0.1099502E-01   0.6761430E-08
   0.1116954E-01   0.6708179E-08
   0.1134406E-01   0.6673453E-08
   0.1151859E-01   0.6486016E-08
   0.1169311E-01   0.6225459E-08
   0.1186764E-01   0.5639662E-08
   0.1204216E-01   0.5245548E-08
   0.1221668E-01   0.4749231E-08
   0.1239121E-01   0.4133240E-08
   0.1256573E-01   0.3524909E-08
   0.1274026E-01   0.2876838E-08
   0.1291478E-01   0.2460558E-08
   0.1308930E-01   0.1856471E-08
   0.1326383E-01   0.1467405E-08
   0.1343835E-01   0.1170204E-08
   0.1361288E-01   0.9487446E-09
   0.1378740E-01   0.7703246E-09
   0.1396193E-01   0.7974507E-09
   0.1413645E-01   0.8667588E-09
   0.1431097E-01   0.8844363E-09
   0.1448550E-01   0.1139488E-08
   0.1466002E-01   0.1234759E-08
   0.1483455E-01   0.1341688E-08
   0.1500907E-01   0.1521516E-08
   0.1518359E-01   0.1645706E-08
   0.1535812E-01   0.1616054E-08
   0.1553264E-01   0.1671200E-08
   0.1570717E-01   0.1639736E-08
   0.1588169E-01   0.1443028E-08
   0.1605621E-01   0.1334030E-08
   0.1623074E-01   0.1100615E-08
   0.1640526E-01   0.7537003E-09
   0.1657979E-01   0.4353596E-09
   0.1675431E-01   0.1594207E-09
   0.1692883E-01  -0.2888430E-09
   0.1710336E-01  -0.6462378E-09
   0.1727788E-01  -0.9720250E-09
   0.1745241E-01  -0.1280399E-08
   0.1762693E-01  -0.1586895E-08
   0.1780145E-01  -0.1937076E-08
   0.1797598E-01  -0.2131384E-08
   0.1815050E-01  -0.2229415E-08
   0.1832503E-01  -0.2444802E-08
   0.1849955E-01  -0.2376030E-08
   0.1867408E-01  -0.2421896E-08
   0.1884860E-01  -0.2432292E-08
   0.1902312E-01  -0.2255498E-08
   0.1919765E-01  -0.2212519E-08
   0.1937217E-01  -0.2100101E-08
   0.1954670E-01  -0.1894671E-08
   0.1972122E-01  -0.1797386E-08
   0.1989574E-01  -0.1564086E-08
   0.2007027E-01  -0.1572945E-08
   0.2024479E-01  -0.1432564E-08
   0.2041932E-01  -0.1367293E-08
   0.2059384E-01  -0.1384849E-08
   0.2076836E-01  -0.1335730E-08
   0.2094289E-01  -0.1223492E-08
   0.2111741E-01  -0.1387216E-08
   0.2129194E-01  -0.1401333E-08
   0.2146646E-01  -0.1472370E-08
   0.2164098E-01  -0.1579005E-08
   0.2181551E-01  -0.1678619E-08
   0.2199003E-01  -0.1770101E-08
   0.2216456E-01  -0.1854945E-08
   0.2233908E-01  -0.1964793E-08
   0.2251360E-01  -0.2115398E-08
   0.2268813E-01  -0.2249340E-08
   0.2286265E-01  -0.2336446E-08
   0.2303718E-01  -0.2523333E-08
   0.2321170E-01  -0.2626039E-08
   0.2338623E-01  -0.2698449E-08
   0.2356075E-01  -0.2801318E-08
   0.2373527E-01  -0.2748981E-08
   0.2390980E-01  -0.2708551E-08
   0.2408432E-01  -0.2648069E-08
   0.2425884E-01  -0.2422279E-08
   0.2443337E-01  -0.2189514E-08
   0.2460789E-01  -0.1994484E-08
   0.2478242E-01  -0.1610565E-08
   0.2495694E-01  -0.1245669E-08
   0.2513147E-01  -0.9337233E-09
   0.2530599E-01  -0.6118789E-09
   0.2548051E-01  -0.2415748E-09
   0.2565504E-01   0.5394032E-10
   0.2582956E-01   0.2647261E-09
   0.2600409E-01   0.4667252E-09
   0.2617861E-01   0.6901225E-09
   0.2635313E-01   0.6720424E-09
   0.2652766E-01   0.6600205E-09
   0.2670218E-01   0.7156518E-09
   0.2687671E-01   0.6989864E-09
   0.2705123E-01   0.6280352E-09
   0.2722575E-01   0.5366885E-09
   0.2740028E-01   0.4851934E-09
   0.2757480E-01   0.4482510E-09
   0.2774933E-01   0.2757388E-09
   0.2792385E-01   0.1949169E-09
   0.2809837E-01   0.1228727E-09
   0.2827290E-01   0.4462988E-11
   0.2844742E-01  -0.3201656E-10
   0.2862195E-01  -0.1937070E-09
   0.2879647E-01  -0.3287183E-09
   0.2897099E-01  -0.3155465E-09
   0.2914552E-01  -0.4312418E-09
   0.2932004E-01  -0.5486336E-09
   0.2949457E-01  -0.5302470E-09
   0.2966909E-01  -0.6936224E-09
   0.2984362E-01  -0.7633330E-09
   0.3001814E-01  -0.6940251E-09
   0.3019266E-01  -0.8219020E-09
   0.3036719E-01  -0.7851204E-09
   0.3054171E-01  -0.8107180E-09
   0.3071623E-01  -0.7638861E-09
   0.3089076E-01  -0.7493363E-09
   0.3106528E-01  -0.7527436E-09
   0.3123981E-01  -0.6677804E-09
   0.3141433E-01  -0.6687503E-09
   0.3158886E-01  -0.6767534E-09
   0.3176338E-01  -0.5763860E-09
   0.3193790E-01  -0.5531783E-09
   0.3211243E-01  -0.4600389E-09
   0.3228695E-01  -0.4579458E-09
   0.3246148E-01  -0.3877104E-09
   0.3263600E-01  -0.3387849E-09
   0.3281052E-01  -0.2423175E-09
   0.3298505E-01  -0.1270474E-09
   0.3315957E-01  -0.4986648E-10
   0.3333410E-01   0.9158010E-10
   0.3350862E-01   0.2441273E-09
   0.3368314E-01   0.3087727E-09
   0.3385767E-01   0.3697287E-09
   0.3403219E-01   0.5053394E-09
   0.3420672E-01   0.4733692E-09
   0.3438124E-01   0.4501083E-09
   0.3455576E-01   0.3970662E-09
   0.3473029E-01   0.2914929E-09
   0.3490481E-01   0.1170509E-09
