   0.00000E+00   0.00000E+00
   0.17452E-03   0.42410E-08
   0.34905E-03  -0.49025E-08
   0.52357E-03   0.92603E-09
   0.69810E-03   0.18424E-08
   0.87262E-03   0.41021E-10
   0.10471E-02   0.78637E-09
   0.12217E-02   0.19936E-08
   0.13962E-02   0.53360E-09
   0.15707E-02  -0.12390E-09
   0.17452E-02   0.35249E-09
   0.19198E-02   0.14679E-08
   0.20943E-02   0.12927E-08
   0.22688E-02   0.10964E-08
   0.24433E-02   0.20602E-08
   0.26179E-02   0.30189E-08
   0.27924E-02   0.25437E-08
   0.29669E-02   0.32642E-08
   0.31414E-02   0.41114E-08
   0.33160E-02   0.39262E-08
   0.34905E-02   0.44414E-08
   0.36650E-02   0.45689E-08
   0.38395E-02   0.45024E-08
   0.40141E-02   0.48460E-08
   0.41886E-02   0.47402E-08
   0.43631E-02   0.49548E-08
   0.45376E-02   0.49767E-08
   0.47121E-02   0.50955E-08
   0.48867E-02   0.52660E-08
   0.50612E-02   0.52425E-08
   0.52357E-02   0.56170E-08
   0.54102E-02   0.57690E-08
   0.55848E-02   0.58596E-08
   0.57593E-02   0.59012E-08
   0.59338E-02   0.61628E-08
   0.61083E-02   0.61928E-08
   0.62829E-02   0.65673E-08
   0.64574E-02   0.62872E-08
   0.66319E-02   0.59170E-08
   0.68064E-02   0.61787E-08
   0.69810E-02   0.58115E-08
   0.71555E-02   0.55181E-08
   0.73300E-02   0.52386E-08
   0.75045E-02   0.49082E-08
   0.76791E-02   0.45047E-08
   0.78536E-02   0.40796E-08
   0.80281E-02   0.38868E-08
   0.82026E-02   0.33971E-08
   0.83772E-02   0.28192E-08
   0.85517E-02   0.23250E-08
   0.87262E-02   0.19058E-08
   0.89007E-02   0.12486E-08
   0.90753E-02   0.76169E-09
   0.92498E-02   0.12827E-09
   0.94243E-02  -0.40110E-09
   0.95988E-02  -0.85257E-09
   0.97733E-02  -0.16459E-08
   0.99479E-02  -0.17924E-08
   0.10122E-01  -0.20404E-08
   0.10297E-01  -0.21906E-08
   0.10471E-01  -0.20954E-08
   0.10646E-01  -0.19297E-08
   0.10820E-01  -0.16170E-08
   0.10995E-01  -0.12491E-08
   0.11170E-01  -0.65289E-09
   0.11344E-01  -0.11309E-09
   0.11519E-01   0.51622E-09
   0.11693E-01   0.11782E-08
   0.11868E-01   0.17233E-08
   0.12042E-01   0.21463E-08
   0.12217E-01   0.25378E-08
   0.12391E-01   0.28292E-08
   0.12566E-01   0.30440E-08
   0.12740E-01   0.30840E-08
   0.12915E-01   0.29884E-08
   0.13089E-01   0.31626E-08
   0.13264E-01   0.31381E-08
   0.13438E-01   0.28166E-08
   0.13613E-01   0.28695E-08
   0.13787E-01   0.29654E-08
   0.13962E-01   0.28770E-08
   0.14136E-01   0.28518E-08
   0.14311E-01   0.29110E-08
   0.14485E-01   0.32124E-08
   0.14660E-01   0.33687E-08
   0.14835E-01   0.35567E-08
   0.15009E-01   0.40272E-08
   0.15184E-01   0.43131E-08
   0.15358E-01   0.49231E-08
   0.15533E-01   0.52010E-08
   0.15707E-01   0.57694E-08
   0.15882E-01   0.67207E-08
   0.16056E-01   0.69610E-08
   0.16231E-01   0.76782E-08
   0.16405E-01   0.83221E-08
   0.16580E-01   0.87294E-08
   0.16754E-01   0.94436E-08
   0.16929E-01   0.99006E-08
   0.17103E-01   0.10056E-07
   0.17278E-01   0.10741E-07
   0.17452E-01   0.10824E-07
   0.17627E-01   0.10958E-07
   0.17801E-01   0.11235E-07
   0.17976E-01   0.11405E-07
   0.18151E-01   0.11554E-07
   0.18325E-01   0.11498E-07
   0.18500E-01   0.11750E-07
   0.18674E-01   0.11917E-07
   0.18849E-01   0.11983E-07
   0.19023E-01   0.12193E-07
   0.19198E-01   0.12188E-07
   0.19372E-01   0.12455E-07
   0.19547E-01   0.12367E-07
   0.19721E-01   0.12405E-07
   0.19896E-01   0.12465E-07
   0.20070E-01   0.12297E-07
   0.20245E-01   0.12306E-07
   0.20419E-01   0.12036E-07
   0.20594E-01   0.11696E-07
   0.20768E-01   0.11534E-07
   0.20943E-01   0.11030E-07
   0.21117E-01   0.10630E-07
   0.21292E-01   0.10266E-07
   0.21466E-01   0.98085E-08
   0.21641E-01   0.92782E-08
   0.21816E-01   0.89530E-08
   0.21990E-01   0.83475E-08
   0.22165E-01   0.78512E-08
   0.22339E-01   0.75823E-08
   0.22514E-01   0.71942E-08
   0.22688E-01   0.67580E-08
   0.22863E-01   0.63916E-08
   0.23037E-01   0.61227E-08
   0.23212E-01   0.57599E-08
   0.23386E-01   0.54790E-08
   0.23561E-01   0.53095E-08
   0.23735E-01   0.51618E-08
   0.23910E-01   0.49599E-08
   0.24084E-01   0.50000E-08
   0.24259E-01   0.48655E-08
   0.24433E-01   0.48947E-08
   0.24608E-01   0.50284E-08
   0.24782E-01   0.48772E-08
   0.24957E-01   0.49938E-08
   0.25131E-01   0.52594E-08
   0.25306E-01   0.53904E-08
   0.25481E-01   0.54492E-08
   0.25655E-01   0.57214E-08
   0.25830E-01   0.59199E-08
   0.26004E-01   0.60965E-08
   0.26179E-01   0.62951E-08
   0.26353E-01   0.65681E-08
   0.26528E-01   0.69091E-08
   0.26702E-01   0.70934E-08
   0.26877E-01   0.73772E-08
   0.27051E-01   0.76219E-08
   0.27226E-01   0.79255E-08
   0.27400E-01   0.79595E-08
   0.27575E-01   0.80803E-08
   0.27749E-01   0.81479E-08
   0.27924E-01   0.81513E-08
   0.28098E-01   0.81264E-08
   0.28273E-01   0.80260E-08
   0.28447E-01   0.79668E-08
   0.28622E-01   0.77855E-08
   0.28796E-01   0.76766E-08
   0.28971E-01   0.76025E-08
   0.29146E-01   0.74145E-08
   0.29320E-01   0.72371E-08
   0.29495E-01   0.71954E-08
   0.29669E-01   0.70849E-08
   0.29844E-01   0.68515E-08
   0.30018E-01   0.65733E-08
   0.30193E-01   0.64380E-08
   0.30367E-01   0.60161E-08
   0.30542E-01   0.56305E-08
   0.30716E-01   0.53104E-08
   0.30891E-01   0.48220E-08
   0.31065E-01   0.44661E-08
   0.31240E-01   0.38962E-08
   0.31414E-01   0.35474E-08
   0.31589E-01   0.32679E-08
   0.31763E-01   0.29473E-08
   0.31938E-01   0.27570E-08
   0.32112E-01   0.26002E-08
   0.32287E-01   0.25769E-08
   0.32461E-01   0.25932E-08
   0.32636E-01   0.27182E-08
   0.32811E-01   0.28003E-08
   0.32985E-01   0.30251E-08
   0.33160E-01   0.32386E-08
   0.33334E-01   0.33383E-08
   0.33509E-01   0.35050E-08
   0.33683E-01   0.36036E-08
   0.33858E-01   0.36690E-08
   0.34032E-01   0.35920E-08
   0.34207E-01   0.35556E-08
   0.34381E-01   0.34245E-08
   0.34556E-01   0.33071E-08
   0.34730E-01   0.32239E-08
   0.34905E-01   0.29767E-08
