        4.80        3.90
NULL
$r$
radial profile
0 0 0
0
   0.1100000E+31  -0.1100000E+31    5
   0.1100000E+31  -0.1100000E+31    5
    0
CURVE
      51
NULL
black_solid
NULL
    0.000000        0.000000    
   0.6980962E-03  -0.5604332E-08
   0.1396192E-02   0.8338444E-09
   0.2094289E-02   0.4735389E-08
   0.2792385E-02  -0.8067699E-08
   0.3490481E-02  -0.6037498E-08
   0.4188578E-02  -0.1011462E-07
   0.4886674E-02  -0.2289869E-08
   0.5584770E-02   0.3149092E-08
   0.6282866E-02   0.4135551E-08
   0.6980963E-02   0.4768062E-08
   0.7679059E-02   0.7279693E-08
   0.8377155E-02   0.7402581E-08
   0.9075251E-02   0.7350508E-08
   0.9773348E-02   0.9840157E-08
   0.1047144E-01   0.1038988E-07
   0.1116954E-01   0.8396861E-08
   0.1186764E-01   0.1181790E-07
   0.1256573E-01   0.8614366E-08
   0.1326383E-01   0.4989226E-08
   0.1396193E-01   0.4541374E-08
   0.1466002E-01   0.1715564E-08
   0.1535812E-01  -0.1368329E-08
   0.1605621E-01  -0.3242803E-08
   0.1675431E-01  -0.3866356E-08
   0.1745241E-01  -0.1734862E-08
   0.1815050E-01  -0.1180243E-08
   0.1884860E-01  -0.2424292E-08
   0.1954670E-01  -0.1386615E-08
   0.2024479E-01   0.1867510E-08
   0.2094289E-01   0.2932599E-08
   0.2164098E-01   0.3546637E-08
   0.2233908E-01  -0.2196169E-08
   0.2303718E-01  -0.4497263E-08
   0.2373527E-01  -0.2379951E-08
   0.2443337E-01  -0.1638744E-09
   0.2513147E-01  -0.1785461E-08
   0.2582956E-01  -0.2659524E-08
   0.2652766E-01  -0.3311923E-08
   0.2722575E-01  -0.3687396E-08
   0.2792385E-01  -0.1824400E-08
   0.2862195E-01  -0.2352179E-08
   0.2932004E-01  -0.1265604E-08
   0.3001814E-01  -0.1782417E-08
   0.3071623E-01  -0.2694239E-08
   0.3141433E-01  -0.1826014E-08
   0.3211243E-01   0.9889635E-09
   0.3281052E-01  -0.1117235E-08
   0.3350862E-01  -0.4680380E-08
   0.3420672E-01  -0.4893879E-08
   0.3490481E-01  -0.2525071E-08
