        4.80        3.90
NULL
$r$
radial profile
0 0 0
0
   0.1100000E+31  -0.1100000E+31    5
   0.1100000E+31  -0.1100000E+31    5
    0
CURVE
     201
NULL
black_solid
NULL
    0.000000       0.1424323E-05
   0.1745241E-03   0.1418314E-05
   0.3490481E-03   0.1358237E-05
   0.5235722E-03   0.1329092E-05
   0.6980962E-03   0.1291166E-05
   0.8726203E-03   0.1207578E-05
   0.1047144E-02   0.1127437E-05
   0.1221668E-02   0.1059375E-05
   0.1396192E-02   0.9665214E-06
   0.1570717E-02   0.8796706E-06
   0.1745241E-02   0.7957012E-06
   0.1919765E-02   0.7135176E-06
   0.2094289E-02   0.6415129E-06
   0.2268813E-02   0.5673302E-06
   0.2443337E-02   0.5038617E-06
   0.2617861E-02   0.4533096E-06
   0.2792385E-02   0.4003233E-06
   0.2966909E-02   0.3573482E-06
   0.3141433E-02   0.3242280E-06
   0.3315957E-02   0.2905155E-06
   0.3490481E-02   0.2633357E-06
   0.3665005E-02   0.2423911E-06
   0.3839529E-02   0.2210617E-06
   0.4014053E-02   0.2042327E-06
   0.4188578E-02   0.1899360E-06
   0.4363101E-02   0.1765895E-06
   0.4537626E-02   0.1658094E-06
   0.4712150E-02   0.1557807E-06
   0.4886674E-02   0.1472317E-06
   0.5061198E-02   0.1401570E-06
   0.5235722E-02   0.1333839E-06
   0.5410246E-02   0.1275576E-06
   0.5584770E-02   0.1226573E-06
   0.5759294E-02   0.1180946E-06
   0.5933818E-02   0.1135725E-06
   0.6108342E-02   0.1099311E-06
   0.6282866E-02   0.1061467E-06
   0.6457390E-02   0.1025905E-06
   0.6631915E-02   0.9962957E-07
   0.6806438E-02   0.9613463E-07
   0.6980963E-02   0.9350110E-07
   0.7155487E-02   0.9103380E-07
   0.7330011E-02   0.8847221E-07
   0.7504535E-02   0.8644989E-07
   0.7679059E-02   0.8496680E-07
   0.7853583E-02   0.8339991E-07
   0.8028107E-02   0.8172780E-07
   0.8202631E-02   0.8100893E-07
   0.8377155E-02   0.7972863E-07
   0.8551680E-02   0.7885527E-07
   0.8726203E-02   0.7805106E-07
   0.8900727E-02   0.7682408E-07
   0.9075251E-02   0.7602166E-07
   0.9249776E-02   0.7496607E-07
   0.9424300E-02   0.7384516E-07
   0.9598823E-02   0.7276942E-07
   0.9773348E-02   0.7168384E-07
   0.9947872E-02   0.7065533E-07
   0.1012240E-01   0.6951208E-07
   0.1029692E-01   0.6866200E-07
   0.1047144E-01   0.6751695E-07
   0.1064597E-01   0.6645390E-07
   0.1082049E-01   0.6572097E-07
   0.1099502E-01   0.6466045E-07
   0.1116954E-01   0.6375427E-07
   0.1134406E-01   0.6284913E-07
   0.1151859E-01   0.6196418E-07
   0.1169311E-01   0.6104464E-07
   0.1186764E-01   0.5999560E-07
   0.1204216E-01   0.5923736E-07
   0.1221668E-01   0.5809324E-07
   0.1239121E-01   0.5729218E-07
   0.1256573E-01   0.5646115E-07
   0.1274026E-01   0.5522757E-07
   0.1291478E-01   0.5443538E-07
   0.1308930E-01   0.5352830E-07
   0.1326383E-01   0.5243264E-07
   0.1343835E-01   0.5134329E-07
   0.1361288E-01   0.5068535E-07
   0.1378740E-01   0.4978861E-07
   0.1396193E-01   0.4863351E-07
   0.1413645E-01   0.4819626E-07
   0.1431097E-01   0.4760749E-07
   0.1448550E-01   0.4697901E-07
   0.1466002E-01   0.4667782E-07
   0.1483455E-01   0.4643132E-07
   0.1500907E-01   0.4631541E-07
   0.1518359E-01   0.4622524E-07
   0.1535812E-01   0.4631793E-07
   0.1553264E-01   0.4640051E-07
   0.1570717E-01   0.4656960E-07
   0.1588169E-01   0.4666537E-07
   0.1605621E-01   0.4682806E-07
   0.1623074E-01   0.4687211E-07
   0.1640526E-01   0.4676414E-07
   0.1657979E-01   0.4665423E-07
   0.1675431E-01   0.4673631E-07
   0.1692883E-01   0.4638323E-07
   0.1710336E-01   0.4622342E-07
   0.1727788E-01   0.4600874E-07
   0.1745241E-01   0.4571000E-07
   0.1762693E-01   0.4548277E-07
   0.1780145E-01   0.4501330E-07
   0.1797598E-01   0.4477799E-07
   0.1815050E-01   0.4444193E-07
   0.1832503E-01   0.4411512E-07
   0.1849955E-01   0.4375133E-07
   0.1867408E-01   0.4346084E-07
   0.1884860E-01   0.4306523E-07
   0.1902312E-01   0.4272705E-07
   0.1919765E-01   0.4246943E-07
   0.1937217E-01   0.4206957E-07
   0.1954670E-01   0.4180280E-07
   0.1972122E-01   0.4150614E-07
   0.1989574E-01   0.4107622E-07
   0.2007027E-01   0.4074290E-07
   0.2024479E-01   0.4029895E-07
   0.2041932E-01   0.3992155E-07
   0.2059384E-01   0.3951787E-07
   0.2076836E-01   0.3909409E-07
   0.2094289E-01   0.3866692E-07
   0.2111741E-01   0.3818984E-07
   0.2129194E-01   0.3772012E-07
   0.2146646E-01   0.3736024E-07
   0.2164098E-01   0.3691600E-07
   0.2181551E-01   0.3654553E-07
   0.2199003E-01   0.3614622E-07
   0.2216456E-01   0.3579425E-07
   0.2233908E-01   0.3533327E-07
   0.2251360E-01   0.3497659E-07
   0.2268813E-01   0.3451686E-07
   0.2286265E-01   0.3408783E-07
   0.2303718E-01   0.3364582E-07
   0.2321170E-01   0.3318545E-07
   0.2338623E-01   0.3270907E-07
   0.2356075E-01   0.3209054E-07
   0.2373527E-01   0.3151849E-07
   0.2390980E-01   0.3101868E-07
   0.2408432E-01   0.3035024E-07
   0.2425884E-01   0.2980558E-07
   0.2443337E-01   0.2919976E-07
   0.2460789E-01   0.2868626E-07
   0.2478242E-01   0.2812298E-07
   0.2495694E-01   0.2766524E-07
   0.2513147E-01   0.2728472E-07
   0.2530599E-01   0.2681385E-07
   0.2548051E-01   0.2642546E-07
   0.2565504E-01   0.2608249E-07
   0.2582956E-01   0.2579574E-07
   0.2600409E-01   0.2552555E-07
   0.2617861E-01   0.2522036E-07
   0.2635313E-01   0.2502720E-07
   0.2652766E-01   0.2487890E-07
   0.2670218E-01   0.2471306E-07
   0.2687671E-01   0.2464808E-07
   0.2705123E-01   0.2452013E-07
   0.2722575E-01   0.2453255E-07
   0.2740028E-01   0.2454967E-07
   0.2757480E-01   0.2450861E-07
   0.2774933E-01   0.2453270E-07
   0.2792385E-01   0.2450983E-07
   0.2809837E-01   0.2451219E-07
   0.2827290E-01   0.2448971E-07
   0.2844742E-01   0.2443268E-07
   0.2862195E-01   0.2437660E-07
   0.2879647E-01   0.2431593E-07
   0.2897099E-01   0.2409839E-07
   0.2914552E-01   0.2407398E-07
   0.2932004E-01   0.2401232E-07
   0.2949457E-01   0.2383658E-07
   0.2966909E-01   0.2382391E-07
   0.2984362E-01   0.2383177E-07
   0.3001814E-01   0.2382905E-07
   0.3019266E-01   0.2378077E-07
   0.3036719E-01   0.2380726E-07
   0.3054171E-01   0.2389611E-07
   0.3071623E-01   0.2389075E-07
   0.3089076E-01   0.2391359E-07
   0.3106528E-01   0.2392449E-07
   0.3123981E-01   0.2370567E-07
   0.3141433E-01   0.2373864E-07
   0.3158886E-01   0.2361599E-07
   0.3176338E-01   0.2350832E-07
   0.3193790E-01   0.2351094E-07
   0.3211243E-01   0.2342265E-07
   0.3228695E-01   0.2336978E-07
   0.3246148E-01   0.2330957E-07
   0.3263600E-01   0.2327938E-07
   0.3281052E-01   0.2328175E-07
   0.3298505E-01   0.2335681E-07
   0.3315957E-01   0.2334828E-07
   0.3333410E-01   0.2324142E-07
   0.3350862E-01   0.2321455E-07
   0.3368314E-01   0.2324858E-07
   0.3385767E-01   0.2313021E-07
   0.3403219E-01   0.2297804E-07
   0.3420672E-01   0.2285842E-07
   0.3438124E-01   0.2276011E-07
   0.3455576E-01   0.2260045E-07
   0.3473029E-01   0.2253327E-07
   0.3490481E-01   0.2246078E-07
