        4.80        3.90
NULL
$r$
radial profile
0 0 0
0
   0.1100000E+31  -0.1100000E+31    5
   0.1100000E+31  -0.1100000E+31    5
    0
CURVE
     201
NULL
black_solid
NULL
    0.000000       0.1455427E-05
   0.1745241E-03   0.1449087E-05
   0.3490481E-03   0.1386807E-05
   0.5235722E-03   0.1356666E-05
   0.6980962E-03   0.1317058E-05
   0.8726203E-03   0.1231435E-05
   0.1047144E-02   0.1147900E-05
   0.1221668E-02   0.1077068E-05
   0.1396192E-02   0.9817230E-06
   0.1570717E-02   0.8913192E-06
   0.1745241E-02   0.8045702E-06
   0.1919765E-02   0.7202289E-06
   0.2094289E-02   0.6457234E-06
   0.2268813E-02   0.5691389E-06
   0.2443337E-02   0.5039039E-06
   0.2617861E-02   0.4516748E-06
   0.2792385E-02   0.3973150E-06
   0.2966909E-02   0.3528941E-06
   0.3141433E-02   0.3184513E-06
   0.3315957E-02   0.2838074E-06
   0.3490481E-02   0.2558366E-06
   0.3665005E-02   0.2338373E-06
   0.3839529E-02   0.2125344E-06
   0.4014053E-02   0.1950113E-06
   0.4188578E-02   0.1798619E-06
   0.4363101E-02   0.1662965E-06
   0.4537626E-02   0.1554977E-06
   0.4712150E-02   0.1453959E-06
   0.4886674E-02   0.1363740E-06
   0.5061198E-02   0.1294489E-06
   0.5235722E-02   0.1224763E-06
   0.5410246E-02   0.1165642E-06
   0.5584770E-02   0.1117360E-06
   0.5759294E-02   0.1068297E-06
   0.5933818E-02   0.1023542E-06
   0.6108342E-02   0.9860743E-07
   0.6282866E-02   0.9443043E-07
   0.6457390E-02   0.9108194E-07
   0.6631915E-02   0.8798376E-07
   0.6806438E-02   0.8446030E-07
   0.6980963E-02   0.8168342E-07
   0.7155487E-02   0.7944652E-07
   0.7330011E-02   0.7722891E-07
   0.7504535E-02   0.7536154E-07
   0.7679059E-02   0.7411784E-07
   0.7853583E-02   0.7325292E-07
   0.8028107E-02   0.7197279E-07
   0.8202631E-02   0.7161074E-07
   0.8377155E-02   0.7116875E-07
   0.8551680E-02   0.7082669E-07
   0.8726203E-02   0.7077207E-07
   0.8900727E-02   0.7002460E-07
   0.9075251E-02   0.7000619E-07
   0.9249776E-02   0.6954172E-07
   0.9424300E-02   0.6877423E-07
   0.9598823E-02   0.6837526E-07
   0.9773348E-02   0.6769299E-07
   0.9947872E-02   0.6723280E-07
   0.1012240E-01   0.6611173E-07
   0.1029692E-01   0.6551449E-07
   0.1047144E-01   0.6441032E-07
   0.1064597E-01   0.6313523E-07
   0.1082049E-01   0.6215626E-07
   0.1099502E-01   0.6068275E-07
   0.1116954E-01   0.5919813E-07
   0.1134406E-01   0.5750438E-07
   0.1151859E-01   0.5594160E-07
   0.1169311E-01   0.5403892E-07
   0.1186764E-01   0.5222605E-07
   0.1204216E-01   0.5064520E-07
   0.1221668E-01   0.4851497E-07
   0.1239121E-01   0.4696758E-07
   0.1256573E-01   0.4544823E-07
   0.1274026E-01   0.4373863E-07
   0.1291478E-01   0.4257619E-07
   0.1308930E-01   0.4144358E-07
   0.1326383E-01   0.4032407E-07
   0.1343835E-01   0.3918280E-07
   0.1361288E-01   0.3836973E-07
   0.1378740E-01   0.3769956E-07
   0.1396193E-01   0.3637990E-07
   0.1413645E-01   0.3593545E-07
   0.1431097E-01   0.3523964E-07
   0.1448550E-01   0.3445422E-07
   0.1466002E-01   0.3404615E-07
   0.1483455E-01   0.3355742E-07
   0.1500907E-01   0.3309021E-07
   0.1518359E-01   0.3302468E-07
   0.1535812E-01   0.3307890E-07
   0.1553264E-01   0.3306467E-07
   0.1570717E-01   0.3367807E-07
   0.1588169E-01   0.3419796E-07
   0.1605621E-01   0.3479698E-07
   0.1623074E-01   0.3560325E-07
   0.1640526E-01   0.3624892E-07
   0.1657979E-01   0.3695245E-07
   0.1675431E-01   0.3788000E-07
   0.1692883E-01   0.3826588E-07
   0.1710336E-01   0.3867903E-07
   0.1727788E-01   0.3905238E-07
   0.1745241E-01   0.3893600E-07
   0.1762693E-01   0.3889851E-07
   0.1780145E-01   0.3842046E-07
   0.1797598E-01   0.3801124E-07
   0.1815050E-01   0.3723299E-07
   0.1832503E-01   0.3664140E-07
   0.1849955E-01   0.3579823E-07
   0.1867408E-01   0.3489990E-07
   0.1884860E-01   0.3421322E-07
   0.1902312E-01   0.3348815E-07
   0.1919765E-01   0.3288173E-07
   0.1937217E-01   0.3212468E-07
   0.1954670E-01   0.3169106E-07
   0.1972122E-01   0.3116709E-07
   0.1989574E-01   0.3065677E-07
   0.2007027E-01   0.3010310E-07
   0.2024479E-01   0.2950012E-07
   0.2041932E-01   0.2908904E-07
   0.2059384E-01   0.2858567E-07
   0.2076836E-01   0.2806282E-07
   0.2094289E-01   0.2762761E-07
   0.2111741E-01   0.2727793E-07
   0.2129194E-01   0.2674300E-07
   0.2146646E-01   0.2651958E-07
   0.2164098E-01   0.2629876E-07
   0.2181551E-01   0.2594697E-07
   0.2199003E-01   0.2568053E-07
   0.2216456E-01   0.2554287E-07
   0.2233908E-01   0.2517053E-07
   0.2251360E-01   0.2466110E-07
   0.2268813E-01   0.2427014E-07
   0.2286265E-01   0.2364824E-07
   0.2303718E-01   0.2305944E-07
   0.2321170E-01   0.2226041E-07
   0.2338623E-01   0.2122245E-07
   0.2356075E-01   0.2035426E-07
   0.2373527E-01   0.1926700E-07
   0.2390980E-01   0.1832831E-07
   0.2408432E-01   0.1738576E-07
   0.2425884E-01   0.1667819E-07
   0.2443337E-01   0.1602519E-07
   0.2460789E-01   0.1549683E-07
   0.2478242E-01   0.1515614E-07
   0.2495694E-01   0.1496603E-07
   0.2513147E-01   0.1518753E-07
   0.2530599E-01   0.1521782E-07
   0.2548051E-01   0.1550720E-07
   0.2565504E-01   0.1583869E-07
   0.2582956E-01   0.1608473E-07
   0.2600409E-01   0.1646886E-07
   0.2617861E-01   0.1646657E-07
   0.2635313E-01   0.1655007E-07
   0.2652766E-01   0.1661839E-07
   0.2670218E-01   0.1651186E-07
   0.2687671E-01   0.1635439E-07
   0.2705123E-01   0.1602055E-07
   0.2722575E-01   0.1577932E-07
   0.2740028E-01   0.1562971E-07
   0.2757480E-01   0.1531413E-07
   0.2774933E-01   0.1506360E-07
   0.2792385E-01   0.1505173E-07
   0.2809837E-01   0.1490821E-07
   0.2827290E-01   0.1484977E-07
   0.2844742E-01   0.1487749E-07
   0.2862195E-01   0.1501419E-07
   0.2879647E-01   0.1501603E-07
   0.2897099E-01   0.1491396E-07
   0.2914552E-01   0.1510505E-07
   0.2932004E-01   0.1501621E-07
   0.2949457E-01   0.1494221E-07
   0.2966909E-01   0.1497311E-07
   0.2984362E-01   0.1485785E-07
   0.3001814E-01   0.1473126E-07
   0.3019266E-01   0.1442211E-07
   0.3036719E-01   0.1427562E-07
   0.3054171E-01   0.1400079E-07
   0.3071623E-01   0.1382878E-07
   0.3089076E-01   0.1362715E-07
   0.3106528E-01   0.1342731E-07
   0.3123981E-01   0.1313947E-07
   0.3141433E-01   0.1309197E-07
   0.3158886E-01   0.1302310E-07
   0.3176338E-01   0.1297012E-07
   0.3193790E-01   0.1308592E-07
   0.3211243E-01   0.1304936E-07
   0.3228695E-01   0.1317852E-07
   0.3246148E-01   0.1331902E-07
   0.3263600E-01   0.1334442E-07
   0.3281052E-01   0.1353877E-07
   0.3298505E-01   0.1374395E-07
   0.3315957E-01   0.1379899E-07
   0.3333410E-01   0.1387253E-07
   0.3350862E-01   0.1392429E-07
   0.3368314E-01   0.1413083E-07
   0.3385767E-01   0.1408263E-07
   0.3403219E-01   0.1418150E-07
   0.3420672E-01   0.1424972E-07
   0.3438124E-01   0.1425729E-07
   0.3455576E-01   0.1440780E-07
   0.3473029E-01   0.1455324E-07
   0.3490481E-01   0.1463044E-07
