        4.80        3.90
NULL
$r$
radial profile
0 0 0
0
   0.1100000E+31  -0.1100000E+31    5
   0.1100000E+31  -0.1100000E+31    5
    0
CURVE
     201
NULL
black_solid
NULL
    0.000000       0.1428328E-05
   0.1745241E-03   0.1422240E-05
   0.3490481E-03   0.1361768E-05
   0.5235722E-03   0.1332310E-05
   0.6980962E-03   0.1294004E-05
   0.8726203E-03   0.1210789E-05
   0.1047144E-02   0.1129435E-05
   0.1221668E-02   0.1060985E-05
   0.1396192E-02   0.9683288E-06
   0.1570717E-02   0.8807677E-06
   0.1745241E-02   0.7959954E-06
   0.1919765E-02   0.7140123E-06
   0.2094289E-02   0.6415547E-06
   0.2268813E-02   0.5670128E-06
   0.2443337E-02   0.5034033E-06
   0.2617861E-02   0.4525949E-06
   0.2792385E-02   0.3994309E-06
   0.2966909E-02   0.3561252E-06
   0.3141433E-02   0.3224879E-06
   0.3315957E-02   0.2886136E-06
   0.3490481E-02   0.2610962E-06
   0.3665005E-02   0.2396628E-06
   0.3839529E-02   0.2182744E-06
   0.4014053E-02   0.2011435E-06
   0.4188578E-02   0.1864393E-06
   0.4363101E-02   0.1731465E-06
   0.4537626E-02   0.1622709E-06
   0.4712150E-02   0.1521660E-06
   0.4886674E-02   0.1436390E-06
   0.5061198E-02   0.1365721E-06
   0.5235722E-02   0.1297317E-06
   0.5410246E-02   0.1238961E-06
   0.5584770E-02   0.1191348E-06
   0.5759294E-02   0.1143640E-06
   0.5933818E-02   0.1098813E-06
   0.6108342E-02   0.1062301E-06
   0.6282866E-02   0.1022758E-06
   0.6457390E-02   0.9873017E-07
   0.6631915E-02   0.9576874E-07
   0.6806438E-02   0.9230137E-07
   0.6980963E-02   0.8960451E-07
   0.7155487E-02   0.8720749E-07
   0.7330011E-02   0.8492576E-07
   0.7504535E-02   0.8295666E-07
   0.7679059E-02   0.8154912E-07
   0.7853583E-02   0.8036513E-07
   0.8028107E-02   0.7888558E-07
   0.8202631E-02   0.7840831E-07
   0.8377155E-02   0.7729826E-07
   0.8551680E-02   0.7674847E-07
   0.8726203E-02   0.7609570E-07
   0.8900727E-02   0.7488154E-07
   0.9075251E-02   0.7437475E-07
   0.9249776E-02   0.7329816E-07
   0.9424300E-02   0.7213921E-07
   0.9598823E-02   0.7127133E-07
   0.9773348E-02   0.7015295E-07
   0.9947872E-02   0.6920417E-07
   0.1012240E-01   0.6806506E-07
   0.1029692E-01   0.6736839E-07
   0.1047144E-01   0.6624501E-07
   0.1064597E-01   0.6513781E-07
   0.1082049E-01   0.6451188E-07
   0.1099502E-01   0.6339166E-07
   0.1116954E-01   0.6244348E-07
   0.1134406E-01   0.6139253E-07
   0.1151859E-01   0.6039311E-07
   0.1169311E-01   0.5933554E-07
   0.1186764E-01   0.5793482E-07
   0.1204216E-01   0.5707871E-07
   0.1221668E-01   0.5562454E-07
   0.1239121E-01   0.5464626E-07
   0.1256573E-01   0.5362341E-07
   0.1274026E-01   0.5222609E-07
   0.1291478E-01   0.5141194E-07
   0.1308930E-01   0.5050587E-07
   0.1326383E-01   0.4936305E-07
   0.1343835E-01   0.4836214E-07
   0.1361288E-01   0.4774217E-07
   0.1378740E-01   0.4685694E-07
   0.1396193E-01   0.4567180E-07
   0.1413645E-01   0.4527055E-07
   0.1431097E-01   0.4455967E-07
   0.1448550E-01   0.4376300E-07
   0.1466002E-01   0.4334187E-07
   0.1483455E-01   0.4295185E-07
   0.1500907E-01   0.4264918E-07
   0.1518359E-01   0.4240297E-07
   0.1535812E-01   0.4235116E-07
   0.1553264E-01   0.4235608E-07
   0.1570717E-01   0.4259216E-07
   0.1588169E-01   0.4274304E-07
   0.1605621E-01   0.4309950E-07
   0.1623074E-01   0.4333496E-07
   0.1640526E-01   0.4352032E-07
   0.1657979E-01   0.4367990E-07
   0.1675431E-01   0.4408612E-07
   0.1692883E-01   0.4410895E-07
   0.1710336E-01   0.4406808E-07
   0.1727788E-01   0.4418034E-07
   0.1745241E-01   0.4396991E-07
   0.1762693E-01   0.4391034E-07
   0.1780145E-01   0.4350263E-07
   0.1797598E-01   0.4324077E-07
   0.1815050E-01   0.4290014E-07
   0.1832503E-01   0.4241138E-07
   0.1849955E-01   0.4195472E-07
   0.1867408E-01   0.4148898E-07
   0.1884860E-01   0.4098417E-07
   0.1902312E-01   0.4060790E-07
   0.1919765E-01   0.4019173E-07
   0.1937217E-01   0.3968676E-07
   0.1954670E-01   0.3932849E-07
   0.1972122E-01   0.3888459E-07
   0.1989574E-01   0.3839880E-07
   0.2007027E-01   0.3793847E-07
   0.2024479E-01   0.3735916E-07
   0.2041932E-01   0.3691927E-07
   0.2059384E-01   0.3641025E-07
   0.2076836E-01   0.3593457E-07
   0.2094289E-01   0.3546115E-07
   0.2111741E-01   0.3493334E-07
   0.2129194E-01   0.3443747E-07
   0.2146646E-01   0.3417392E-07
   0.2164098E-01   0.3371858E-07
   0.2181551E-01   0.3329198E-07
   0.2199003E-01   0.3304656E-07
   0.2216456E-01   0.3271517E-07
   0.2233908E-01   0.3227073E-07
   0.2251360E-01   0.3192665E-07
   0.2268813E-01   0.3156586E-07
   0.2286265E-01   0.3116167E-07
   0.2303718E-01   0.3070403E-07
   0.2321170E-01   0.3030615E-07
   0.2338623E-01   0.2977477E-07
   0.2356075E-01   0.2920593E-07
   0.2373527E-01   0.2858410E-07
   0.2390980E-01   0.2806116E-07
   0.2408432E-01   0.2740889E-07
   0.2425884E-01   0.2681979E-07
   0.2443337E-01   0.2624156E-07
   0.2460789E-01   0.2571731E-07
   0.2478242E-01   0.2519565E-07
   0.2495694E-01   0.2479676E-07
   0.2513147E-01   0.2451025E-07
   0.2530599E-01   0.2410946E-07
   0.2548051E-01   0.2383155E-07
   0.2565504E-01   0.2365537E-07
   0.2582956E-01   0.2349467E-07
   0.2600409E-01   0.2342118E-07
   0.2617861E-01   0.2325215E-07
   0.2635313E-01   0.2326158E-07
   0.2652766E-01   0.2318276E-07
   0.2670218E-01   0.2322465E-07
   0.2687671E-01   0.2328773E-07
   0.2705123E-01   0.2320900E-07
   0.2722575E-01   0.2336916E-07
   0.2740028E-01   0.2351978E-07
   0.2757480E-01   0.2350978E-07
   0.2774933E-01   0.2361014E-07
   0.2792385E-01   0.2376920E-07
   0.2809837E-01   0.2384812E-07
   0.2827290E-01   0.2388614E-07
   0.2844742E-01   0.2399042E-07
   0.2862195E-01   0.2413545E-07
   0.2879647E-01   0.2415950E-07
   0.2897099E-01   0.2407689E-07
   0.2914552E-01   0.2423216E-07
   0.2932004E-01   0.2430270E-07
   0.2949457E-01   0.2418588E-07
   0.2966909E-01   0.2418535E-07
   0.2984362E-01   0.2425083E-07
   0.3001814E-01   0.2419805E-07
   0.3019266E-01   0.2398339E-07
   0.3036719E-01   0.2391906E-07
   0.3054171E-01   0.2382674E-07
   0.3071623E-01   0.2361535E-07
   0.3089076E-01   0.2345792E-07
   0.3106528E-01   0.2326230E-07
   0.3123981E-01   0.2289043E-07
   0.3141433E-01   0.2282635E-07
   0.3158886E-01   0.2256552E-07
   0.3176338E-01   0.2239104E-07
   0.3193790E-01   0.2241631E-07
   0.3211243E-01   0.2228162E-07
   0.3228695E-01   0.2224954E-07
   0.3246148E-01   0.2226346E-07
   0.3263600E-01   0.2223488E-07
   0.3281052E-01   0.2223771E-07
   0.3298505E-01   0.2234241E-07
   0.3315957E-01   0.2235495E-07
   0.3333410E-01   0.2217178E-07
   0.3350862E-01   0.2214160E-07
   0.3368314E-01   0.2215758E-07
   0.3385767E-01   0.2195984E-07
   0.3403219E-01   0.2177030E-07
   0.3420672E-01   0.2166773E-07
   0.3438124E-01   0.2146735E-07
   0.3455576E-01   0.2134445E-07
   0.3473029E-01   0.2136457E-07
   0.3490481E-01   0.2128131E-07
