        4.80        3.90
NULL
$r$
radial profile
0 0 0
0
   0.1100000E+31  -0.1100000E+31    5
   0.1100000E+31  -0.1100000E+31    5
    0
CURVE
     201
NULL
black_solid
NULL
    0.000000        0.000000    
   0.1745241E-03   0.3818974E-07
   0.3490481E-03  -0.4241263E-07
   0.5235722E-03   0.5610036E-08
   0.6980962E-03   0.1899450E-07
   0.8726203E-03  -0.1809514E-07
   0.1047144E-02   0.5858869E-08
   0.1221668E-02   0.2484271E-07
   0.1396192E-02   0.2252457E-07
   0.1570717E-02   0.2214429E-07
   0.1745241E-02   0.2028446E-07
   0.1919765E-02   0.2489369E-07
   0.2094289E-02   0.3069983E-07
   0.2268813E-02   0.3829559E-07
   0.2443337E-02   0.4094215E-07
   0.2617861E-02   0.4191424E-07
   0.2792385E-02   0.3942340E-07
   0.2966909E-02   0.4222549E-07
   0.3141433E-02   0.4410088E-07
   0.3315957E-02   0.3854480E-07
   0.3490481E-02   0.3388097E-07
   0.3665005E-02   0.3519219E-07
   0.3839529E-02   0.3734608E-07
   0.4014053E-02   0.4130558E-07
   0.4188578E-02   0.4710069E-07
   0.4363101E-02   0.5030719E-07
   0.4537626E-02   0.5065075E-07
   0.4712150E-02   0.5525920E-07
   0.4886674E-02   0.6367372E-07
   0.5061198E-02   0.6852370E-07
   0.5235722E-02   0.6670863E-07
   0.5410246E-02   0.6090727E-07
   0.5584770E-02   0.5611729E-07
   0.5759294E-02   0.5247093E-07
   0.5933818E-02   0.5070265E-07
   0.6108342E-02   0.4307461E-07
   0.6282866E-02   0.3899437E-07
   0.6457390E-02   0.3900227E-07
   0.6631915E-02   0.3609688E-07
   0.6806438E-02   0.3307696E-07
   0.6980963E-02   0.3110563E-07
   0.7155487E-02   0.3070248E-07
   0.7330011E-02   0.3291249E-07
   0.7504535E-02   0.3735455E-07
   0.7679059E-02   0.4007697E-07
   0.7853583E-02   0.3857402E-07
   0.8028107E-02   0.3645306E-07
   0.8202631E-02   0.3516993E-07
   0.8377155E-02   0.3386189E-07
   0.8551680E-02   0.3360165E-07
   0.8726203E-02   0.3081819E-07
   0.8900727E-02   0.3071436E-07
   0.9075251E-02   0.3179474E-07
   0.9249776E-02   0.3415626E-07
   0.9424300E-02   0.3669667E-07
   0.9598823E-02   0.4108204E-07
   0.9773348E-02   0.4235140E-07
   0.9947872E-02   0.3826644E-07
   0.1012240E-01   0.3559207E-07
   0.1029692E-01   0.3823492E-07
   0.1047144E-01   0.4076742E-07
   0.1064597E-01   0.4008445E-07
   0.1082049E-01   0.3232693E-07
   0.1099502E-01   0.2928249E-07
   0.1116954E-01   0.3024849E-07
   0.1134406E-01   0.2810047E-07
   0.1151859E-01   0.2486605E-07
   0.1169311E-01   0.2621482E-07
   0.1186764E-01   0.2603241E-07
   0.1204216E-01   0.2856952E-07
   0.1221668E-01   0.3151543E-07
   0.1239121E-01   0.3310269E-07
   0.1256573E-01   0.3180017E-07
   0.1274026E-01   0.3068537E-07
   0.1291478E-01   0.3264173E-07
   0.1308930E-01   0.3484309E-07
   0.1326383E-01   0.3541735E-07
   0.1343835E-01   0.3250112E-07
   0.1361288E-01   0.3365394E-07
   0.1378740E-01   0.3622625E-07
   0.1396193E-01   0.3346777E-07
   0.1413645E-01   0.2992825E-07
   0.1431097E-01   0.2623207E-07
   0.1448550E-01   0.2482800E-07
   0.1466002E-01   0.2156584E-07
   0.1483455E-01   0.1986998E-07
   0.1500907E-01   0.1829858E-07
   0.1518359E-01   0.1668949E-07
   0.1535812E-01   0.1672286E-07
   0.1553264E-01   0.1693515E-07
   0.1570717E-01   0.2107912E-07
   0.1588169E-01   0.2237684E-07
   0.1605621E-01   0.2392619E-07
   0.1623074E-01   0.2230263E-07
   0.1640526E-01   0.2278632E-07
   0.1657979E-01   0.1910290E-07
   0.1675431E-01   0.1874924E-07
   0.1692883E-01   0.1931951E-07
   0.1710336E-01   0.1959096E-07
   0.1727788E-01   0.1682439E-07
   0.1745241E-01   0.1583570E-07
   0.1762693E-01   0.1659355E-07
   0.1780145E-01   0.1774665E-07
   0.1797598E-01   0.2072894E-07
   0.1815050E-01   0.2188016E-07
   0.1832503E-01   0.2362131E-07
   0.1849955E-01   0.2653330E-07
   0.1867408E-01   0.2613491E-07
   0.1884860E-01   0.2513666E-07
   0.1902312E-01   0.2197538E-07
   0.1919765E-01   0.1616687E-07
   0.1937217E-01   0.1291287E-07
   0.1954670E-01   0.9056362E-08
   0.1972122E-01   0.7848654E-08
   0.1989574E-01   0.9650703E-08
   0.2007027E-01   0.1116025E-07
   0.2024479E-01   0.1371871E-07
   0.2041932E-01   0.1615669E-07
   0.2059384E-01   0.1519562E-07
   0.2076836E-01   0.1092631E-07
   0.2094289E-01   0.9278955E-08
   0.2111741E-01   0.8686878E-08
   0.2129194E-01   0.1059735E-07
   0.2146646E-01   0.1251015E-07
   0.2164098E-01   0.1689267E-07
   0.2181551E-01   0.1904467E-07
   0.2199003E-01   0.1744050E-07
   0.2216456E-01   0.1537523E-07
   0.2233908E-01   0.1485018E-07
   0.2251360E-01   0.1168856E-07
   0.2268813E-01   0.8409549E-08
   0.2286265E-01   0.4689992E-08
   0.2303718E-01   0.3915127E-08
   0.2321170E-01   0.2735418E-08
   0.2338623E-01   0.4441040E-08
   0.2356075E-01   0.7621531E-08
   0.2373527E-01   0.9064076E-08
   0.2390980E-01   0.9584701E-08
   0.2408432E-01   0.9486268E-08
   0.2425884E-01   0.9766001E-08
   0.2443337E-01   0.9959781E-08
   0.2460789E-01   0.1158117E-07
   0.2478242E-01   0.1155156E-07
   0.2495694E-01   0.1219528E-07
   0.2513147E-01   0.1386332E-07
   0.2530599E-01   0.1563514E-07
   0.2548051E-01   0.1926228E-07
   0.2565504E-01   0.1906380E-07
   0.2582956E-01   0.1379172E-07
   0.2600409E-01   0.1113482E-07
   0.2617861E-01   0.9294013E-08
   0.2635313E-01   0.8307829E-08
   0.2652766E-01   0.6424876E-08
   0.2670218E-01   0.3483636E-08
   0.2687671E-01   0.3778685E-08
   0.2705123E-01   0.6467352E-08
   0.2722575E-01   0.1160648E-07
   0.2740028E-01   0.1653763E-07
   0.2757480E-01   0.1895660E-07
   0.2774933E-01   0.2049066E-07
   0.2792385E-01   0.2063919E-07
   0.2809837E-01   0.2012018E-07
   0.2827290E-01   0.2343420E-07
   0.2844742E-01   0.2559115E-07
   0.2862195E-01   0.2664893E-07
   0.2879647E-01   0.2235536E-07
   0.2897099E-01   0.1918101E-07
   0.2914552E-01   0.1748861E-07
   0.2932004E-01   0.1578065E-07
   0.2949457E-01   0.1376690E-07
   0.2966909E-01   0.1140887E-07
   0.2984362E-01   0.1103862E-07
   0.3001814E-01   0.1052547E-07
   0.3019266E-01   0.9246260E-08
   0.3036719E-01   0.8198839E-08
   0.3054171E-01   0.7009022E-08
   0.3071623E-01   0.4837440E-08
   0.3089076E-01   0.4177366E-08
   0.3106528E-01   0.5066748E-08
   0.3123981E-01   0.6217675E-08
   0.3141433E-01   0.6680360E-08
   0.3158886E-01   0.5836152E-08
   0.3176338E-01   0.7333007E-08
   0.3193790E-01   0.7219771E-08
   0.3211243E-01   0.5665899E-08
   0.3228695E-01   0.4365652E-08
   0.3246148E-01   0.3478665E-08
   0.3263600E-01   0.3831452E-08
   0.3281052E-01   0.4011089E-08
   0.3298505E-01   0.3769975E-08
   0.3315957E-01   0.6460715E-08
   0.3333410E-01   0.9002164E-08
   0.3350862E-01   0.8403389E-08
   0.3368314E-01   0.7541425E-08
   0.3385767E-01   0.6961963E-08
   0.3403219E-01   0.4678061E-08
   0.3420672E-01   0.3620633E-08
   0.3438124E-01   0.4546895E-08
   0.3455576E-01   0.2035017E-08
   0.3473029E-01   0.2213967E-08
   0.3490481E-01   0.4413323E-08
