        4.80        3.90
NULL
$r$
radial profile
0 0 0
0
   0.1100000E+31  -0.1100000E+31    5
   0.1100000E+31  -0.1100000E+31    5
    0
CURVE
     201
NULL
black_solid
NULL
    0.000000       0.1422253E-05
   0.1745241E-03   0.1416227E-05
   0.3490481E-03   0.1355836E-05
   0.5235722E-03   0.1326555E-05
   0.6980962E-03   0.1288530E-05
   0.8726203E-03   0.1204450E-05
   0.1047144E-02   0.1124144E-05
   0.1221668E-02   0.1055843E-05
   0.1396192E-02   0.9627225E-06
   0.1570717E-02   0.8759129E-06
   0.1745241E-02   0.7918010E-06
   0.1919765E-02   0.7094767E-06
   0.2094289E-02   0.6377315E-06
   0.2268813E-02   0.5635935E-06
   0.2443337E-02   0.5003099E-06
   0.2617861E-02   0.4500671E-06
   0.2792385E-02   0.3971892E-06
   0.2966909E-02   0.3544879E-06
   0.3141433E-02   0.3214971E-06
   0.3315957E-02   0.2879248E-06
   0.3490481E-02   0.2609029E-06
   0.3665005E-02   0.2400293E-06
   0.3839529E-02   0.2188027E-06
   0.4014053E-02   0.2018586E-06
   0.4188578E-02   0.1876262E-06
   0.4363101E-02   0.1742660E-06
   0.4537626E-02   0.1633562E-06
   0.4712150E-02   0.1534673E-06
   0.4886674E-02   0.1449812E-06
   0.5061198E-02   0.1378930E-06
   0.5235722E-02   0.1313562E-06
   0.5410246E-02   0.1257418E-06
   0.5584770E-02   0.1210135E-06
   0.5759294E-02   0.1166876E-06
   0.5933818E-02   0.1124578E-06
   0.6108342E-02   0.1090529E-06
   0.6282866E-02   0.1055147E-06
   0.6457390E-02   0.1021793E-06
   0.6631915E-02   0.9943680E-07
   0.6806438E-02   0.9607513E-07
   0.6980963E-02   0.9354217E-07
   0.7155487E-02   0.9101483E-07
   0.7330011E-02   0.8847205E-07
   0.7504535E-02   0.8636554E-07
   0.7679059E-02   0.8460490E-07
   0.7853583E-02   0.8277822E-07
   0.8028107E-02   0.8095714E-07
   0.8202631E-02   0.7986260E-07
   0.8377155E-02   0.7829188E-07
   0.8551680E-02   0.7716530E-07
   0.8726203E-02   0.7610474E-07
   0.8900727E-02   0.7470844E-07
   0.9075251E-02   0.7369714E-07
   0.9249776E-02   0.7256300E-07
   0.9424300E-02   0.7150131E-07
   0.9598823E-02   0.7045792E-07
   0.9773348E-02   0.6954858E-07
   0.9947872E-02   0.6871807E-07
   0.1012240E-01   0.6782633E-07
   0.1029692E-01   0.6729005E-07
   0.1047144E-01   0.6642529E-07
   0.1064597E-01   0.6568480E-07
   0.1082049E-01   0.6523750E-07
   0.1099502E-01   0.6437845E-07
   0.1116954E-01   0.6366366E-07
   0.1134406E-01   0.6293038E-07
   0.1151859E-01   0.6213321E-07
   0.1169311E-01   0.6128112E-07
   0.1186764E-01   0.6029099E-07
   0.1204216E-01   0.5952774E-07
   0.1221668E-01   0.5842157E-07
   0.1239121E-01   0.5764324E-07
   0.1256573E-01   0.5680011E-07
   0.1274026E-01   0.5569798E-07
   0.1291478E-01   0.5497047E-07
   0.1308930E-01   0.5414569E-07
   0.1326383E-01   0.5322184E-07
   0.1343835E-01   0.5222570E-07
   0.1361288E-01   0.5167316E-07
   0.1378740E-01   0.5087908E-07
   0.1396193E-01   0.4975001E-07
   0.1413645E-01   0.4929260E-07
   0.1431097E-01   0.4861434E-07
   0.1448550E-01   0.4783526E-07
   0.1466002E-01   0.4734399E-07
   0.1483455E-01   0.4686148E-07
   0.1500907E-01   0.4650635E-07
   0.1518359E-01   0.4615002E-07
   0.1535812E-01   0.4598528E-07
   0.1553264E-01   0.4581678E-07
   0.1570717E-01   0.4575731E-07
   0.1588169E-01   0.4567107E-07
   0.1605621E-01   0.4567811E-07
   0.1623074E-01   0.4563941E-07
   0.1640526E-01   0.4553078E-07
   0.1657979E-01   0.4544514E-07
   0.1675431E-01   0.4551016E-07
   0.1692883E-01   0.4524191E-07
   0.1710336E-01   0.4512083E-07
   0.1727788E-01   0.4496261E-07
   0.1745241E-01   0.4472933E-07
   0.1762693E-01   0.4448943E-07
   0.1780145E-01   0.4410120E-07
   0.1797598E-01   0.4385977E-07
   0.1815050E-01   0.4344655E-07
   0.1832503E-01   0.4318560E-07
   0.1849955E-01   0.4277089E-07
   0.1867408E-01   0.4241899E-07
   0.1884860E-01   0.4203879E-07
   0.1902312E-01   0.4170938E-07
   0.1919765E-01   0.4139793E-07
   0.1937217E-01   0.4098663E-07
   0.1954670E-01   0.4077284E-07
   0.1972122E-01   0.4041509E-07
   0.1989574E-01   0.3997277E-07
   0.2007027E-01   0.3966543E-07
   0.2024479E-01   0.3921166E-07
   0.2041932E-01   0.3882608E-07
   0.2059384E-01   0.3840998E-07
   0.2076836E-01   0.3797289E-07
   0.2094289E-01   0.3753469E-07
   0.2111741E-01   0.3702593E-07
   0.2129194E-01   0.3660865E-07
   0.2146646E-01   0.3624558E-07
   0.2164098E-01   0.3581520E-07
   0.2181551E-01   0.3549038E-07
   0.2199003E-01   0.3515396E-07
   0.2216456E-01   0.3488788E-07
   0.2233908E-01   0.3452476E-07
   0.2251360E-01   0.3429477E-07
   0.2268813E-01   0.3398097E-07
   0.2286265E-01   0.3367204E-07
   0.2303718E-01   0.3342195E-07
   0.2321170E-01   0.3309995E-07
   0.2338623E-01   0.3278857E-07
   0.2356075E-01   0.3234037E-07
   0.2373527E-01   0.3191039E-07
   0.2390980E-01   0.3151869E-07
   0.2408432E-01   0.3098070E-07
   0.2425884E-01   0.3049215E-07
   0.2443337E-01   0.2992762E-07
   0.2460789E-01   0.2944542E-07
   0.2478242E-01   0.2885620E-07
   0.2495694E-01   0.2832426E-07
   0.2513147E-01   0.2784856E-07
   0.2530599E-01   0.2731499E-07
   0.2548051E-01   0.2677812E-07
   0.2565504E-01   0.2630915E-07
   0.2582956E-01   0.2589141E-07
   0.2600409E-01   0.2551235E-07
   0.2617861E-01   0.2509148E-07
   0.2635313E-01   0.2479036E-07
   0.2652766E-01   0.2461682E-07
   0.2670218E-01   0.2438229E-07
   0.2687671E-01   0.2427599E-07
   0.2705123E-01   0.2417090E-07
   0.2722575E-01   0.2420605E-07
   0.2740028E-01   0.2419510E-07
   0.2757480E-01   0.2420613E-07
   0.2774933E-01   0.2426454E-07
   0.2792385E-01   0.2424492E-07
   0.2809837E-01   0.2426508E-07
   0.2827290E-01   0.2425329E-07
   0.2844742E-01   0.2419255E-07
   0.2862195E-01   0.2412907E-07
   0.2879647E-01   0.2407271E-07
   0.2897099E-01   0.2385034E-07
   0.2914552E-01   0.2379092E-07
   0.2932004E-01   0.2379140E-07
   0.2949457E-01   0.2359077E-07
   0.2966909E-01   0.2359972E-07
   0.2984362E-01   0.2366491E-07
   0.3001814E-01   0.2366591E-07
   0.3019266E-01   0.2371422E-07
   0.3036719E-01   0.2381185E-07
   0.3054171E-01   0.2398987E-07
   0.3071623E-01   0.2404582E-07
   0.3089076E-01   0.2413845E-07
   0.3106528E-01   0.2425943E-07
   0.3123981E-01   0.2410442E-07
   0.3141433E-01   0.2421101E-07
   0.3158886E-01   0.2416593E-07
   0.3176338E-01   0.2410863E-07
   0.3193790E-01   0.2414682E-07
   0.3211243E-01   0.2407971E-07
   0.3228695E-01   0.2405097E-07
   0.3246148E-01   0.2400832E-07
   0.3263600E-01   0.2394527E-07
   0.3281052E-01   0.2392840E-07
   0.3298505E-01   0.2395353E-07
   0.3315957E-01   0.2391653E-07
   0.3333410E-01   0.2376676E-07
   0.3350862E-01   0.2365495E-07
   0.3368314E-01   0.2362175E-07
   0.3385767E-01   0.2338779E-07
   0.3403219E-01   0.2318052E-07
   0.3420672E-01   0.2299380E-07
   0.3438124E-01   0.2281092E-07
   0.3455576E-01   0.2254250E-07
   0.3473029E-01   0.2240711E-07
   0.3490481E-01   0.2225022E-07
