        4.80        3.90
NULL
$r$
radial profile
0 0 0
0
   0.1100000E+31  -0.1100000E+31    5
   0.1100000E+31  -0.1100000E+31    5
    0
CURVE
     201
NULL
black_solid
NULL
    0.000000       0.1471843E-05
   0.1745241E-03   0.1465187E-05
   0.3490481E-03   0.1398574E-05
   0.5235722E-03   0.1366160E-05
   0.6980962E-03   0.1325904E-05
   0.8726203E-03   0.1233589E-05
   0.1047144E-02   0.1145748E-05
   0.1221668E-02   0.1071904E-05
   0.1396192E-02   0.9692693E-06
   0.1570717E-02   0.8760815E-06
   0.1745241E-02   0.7837252E-06
   0.1919765E-02   0.6953638E-06
   0.2094289E-02   0.6193748E-06
   0.2268813E-02   0.5388769E-06
   0.2443337E-02   0.4709844E-06
   0.2617861E-02   0.4177944E-06
   0.2792385E-02   0.3628209E-06
   0.2966909E-02   0.3170318E-06
   0.3141433E-02   0.2820909E-06
   0.3315957E-02   0.2481210E-06
   0.3490481E-02   0.2207442E-06
   0.3665005E-02   0.1980746E-06
   0.3839529E-02   0.1780725E-06
   0.4014053E-02   0.1610828E-06
   0.4188578E-02   0.1462650E-06
   0.4363101E-02   0.1335561E-06
   0.4537626E-02   0.1241765E-06
   0.4712150E-02   0.1147487E-06
   0.4886674E-02   0.1064345E-06
   0.5061198E-02   0.1009471E-06
   0.5235722E-02   0.9514181E-07
   0.5410246E-02   0.8962672E-07
   0.5584770E-02   0.8583913E-07
   0.5759294E-02   0.8153943E-07
   0.5933818E-02   0.7741474E-07
   0.6108342E-02   0.7382802E-07
   0.6282866E-02   0.7045853E-07
   0.6457390E-02   0.6769035E-07
   0.6631915E-02   0.6474609E-07
   0.6806438E-02   0.6156107E-07
   0.6980963E-02   0.5953974E-07
   0.7155487E-02   0.5861111E-07
   0.7330011E-02   0.5710615E-07
   0.7504535E-02   0.5602692E-07
   0.7679059E-02   0.5698600E-07
   0.7853583E-02   0.5697177E-07
   0.8028107E-02   0.5713935E-07
   0.8202631E-02   0.5819107E-07
   0.8377155E-02   0.5857595E-07
   0.8551680E-02   0.5853897E-07
   0.8726203E-02   0.5924847E-07
   0.8900727E-02   0.5886619E-07
   0.9075251E-02   0.5828633E-07
   0.9249776E-02   0.5710656E-07
   0.9424300E-02   0.5594078E-07
   0.9598823E-02   0.5468289E-07
   0.9773348E-02   0.5332811E-07
   0.9947872E-02   0.5256783E-07
   0.1012240E-01   0.5176994E-07
   0.1029692E-01   0.5121990E-07
   0.1047144E-01   0.5060200E-07
   0.1064597E-01   0.4996128E-07
   0.1082049E-01   0.5011678E-07
   0.1099502E-01   0.4972400E-07
   0.1116954E-01   0.4940281E-07
   0.1134406E-01   0.4834847E-07
   0.1151859E-01   0.4733699E-07
   0.1169311E-01   0.4607535E-07
   0.1186764E-01   0.4428126E-07
   0.1204216E-01   0.4291288E-07
   0.1221668E-01   0.4041075E-07
   0.1239121E-01   0.3865530E-07
   0.1256573E-01   0.3708640E-07
   0.1274026E-01   0.3504332E-07
   0.1291478E-01   0.3356140E-07
   0.1308930E-01   0.3280346E-07
   0.1326383E-01   0.3225657E-07
   0.1343835E-01   0.3185600E-07
   0.1361288E-01   0.3123703E-07
   0.1378740E-01   0.3154319E-07
   0.1396193E-01   0.3090214E-07
   0.1413645E-01   0.3079568E-07
   0.1431097E-01   0.3071938E-07
   0.1448550E-01   0.2979085E-07
   0.1466002E-01   0.2915653E-07
   0.1483455E-01   0.2848728E-07
   0.1500907E-01   0.2711235E-07
   0.1518359E-01   0.2659419E-07
   0.1535812E-01   0.2557539E-07
   0.1553264E-01   0.2456660E-07
   0.1570717E-01   0.2426527E-07
   0.1588169E-01   0.2408685E-07
   0.1605621E-01   0.2423989E-07
   0.1623074E-01   0.2500774E-07
   0.1640526E-01   0.2579937E-07
   0.1657979E-01   0.2645475E-07
   0.1675431E-01   0.2810446E-07
   0.1692883E-01   0.2946921E-07
   0.1710336E-01   0.3042544E-07
   0.1727788E-01   0.3183786E-07
   0.1745241E-01   0.3301794E-07
   0.1762693E-01   0.3387313E-07
   0.1780145E-01   0.3451539E-07
   0.1797598E-01   0.3494544E-07
   0.1815050E-01   0.3494578E-07
   0.1832503E-01   0.3490434E-07
   0.1849955E-01   0.3479973E-07
   0.1867408E-01   0.3436124E-07
   0.1884860E-01   0.3438592E-07
   0.1902312E-01   0.3405487E-07
   0.1919765E-01   0.3375133E-07
   0.1937217E-01   0.3342737E-07
   0.1954670E-01   0.3344067E-07
   0.1972122E-01   0.3286751E-07
   0.1989574E-01   0.3287359E-07
   0.2007027E-01   0.3230137E-07
   0.2024479E-01   0.3162792E-07
   0.2041932E-01   0.3114387E-07
   0.2059384E-01   0.3027760E-07
   0.2076836E-01   0.2895603E-07
   0.2094289E-01   0.2808964E-07
   0.2111741E-01   0.2709562E-07
   0.2129194E-01   0.2533394E-07
   0.2146646E-01   0.2426774E-07
   0.2164098E-01   0.2341889E-07
   0.2181551E-01   0.2181377E-07
   0.2199003E-01   0.2097859E-07
   0.2216456E-01   0.2023868E-07
   0.2233908E-01   0.1884504E-07
   0.2251360E-01   0.1849473E-07
   0.2268813E-01   0.1774767E-07
   0.2286265E-01   0.1651710E-07
   0.2303718E-01   0.1616471E-07
   0.2321170E-01   0.1561981E-07
   0.2338623E-01   0.1443625E-07
   0.2356075E-01   0.1372035E-07
   0.2373527E-01   0.1310274E-07
   0.2390980E-01   0.1220691E-07
   0.2408432E-01   0.1152362E-07
   0.2425884E-01   0.1111268E-07
   0.2443337E-01   0.1045996E-07
   0.2460789E-01   0.1064396E-07
   0.2478242E-01   0.1062998E-07
   0.2495694E-01   0.1080671E-07
   0.2513147E-01   0.1195866E-07
   0.2530599E-01   0.1249377E-07
   0.2548051E-01   0.1382602E-07
   0.2565504E-01   0.1468575E-07
   0.2582956E-01   0.1591922E-07
   0.2600409E-01   0.1734237E-07
   0.2617861E-01   0.1745162E-07
   0.2635313E-01   0.1808766E-07
   0.2652766E-01   0.1848591E-07
   0.2670218E-01   0.1827871E-07
   0.2687671E-01   0.1794904E-07
   0.2705123E-01   0.1697104E-07
   0.2722575E-01   0.1626841E-07
   0.2740028E-01   0.1505833E-07
   0.2757480E-01   0.1403476E-07
   0.2774933E-01   0.1272716E-07
   0.2792385E-01   0.1177653E-07
   0.2809837E-01   0.1097439E-07
   0.2827290E-01   0.9809967E-08
   0.2844742E-01   0.9673860E-08
   0.2862195E-01   0.9344760E-08
   0.2879647E-01   0.8873118E-08
   0.2897099E-01   0.8416507E-08
   0.2914552E-01   0.8407760E-08
   0.2932004E-01   0.8380616E-08
   0.2949457E-01   0.7607031E-08
   0.2966909E-01   0.7537198E-08
   0.2984362E-01   0.6963108E-08
   0.3001814E-01   0.6415525E-08
   0.3019266E-01   0.5734787E-08
   0.3036719E-01   0.4697917E-08
   0.3054171E-01   0.4311413E-08
   0.3071623E-01   0.3553371E-08
   0.3089076E-01   0.3048288E-08
   0.3106528E-01   0.2480281E-08
   0.3123981E-01   0.1600608E-08
   0.3141433E-01   0.1623157E-08
   0.3158886E-01   0.1530825E-08
   0.3176338E-01   0.1556048E-08
   0.3193790E-01   0.1777020E-08
   0.3211243E-01   0.2148212E-08
   0.3228695E-01   0.3014030E-08
   0.3246148E-01   0.3542624E-08
   0.3263600E-01   0.3963027E-08
   0.3281052E-01   0.5286911E-08
   0.3298505E-01   0.6274389E-08
   0.3315957E-01   0.7034844E-08
   0.3333410E-01   0.7772239E-08
   0.3350862E-01   0.9011425E-08
   0.3368314E-01   0.9667542E-08
   0.3385767E-01   0.9804999E-08
   0.3403219E-01   0.1037152E-07
   0.3420672E-01   0.1059010E-07
   0.3438124E-01   0.1054808E-07
   0.3455576E-01   0.1052682E-07
   0.3473029E-01   0.1068200E-07
   0.3490481E-01   0.1059089E-07
