        4.80        3.90
NULL
$r$
radial profile
0 0 0
0
   0.1100000E+31  -0.1100000E+31    5
   0.1100000E+31  -0.1100000E+31    5
    0
CURVE
     201
NULL
black_solid
NULL
    0.000000        0.000000    
   0.1745241E-03  -0.1445342E-08
   0.3490481E-03   0.3710504E-07
   0.5235722E-03   0.6326488E-07
   0.6980962E-03   0.8315843E-07
   0.8726203E-03   0.1626473E-06
   0.1047144E-02   0.2390819E-06
   0.1221668E-02   0.3045827E-06
   0.1396192E-02   0.3815464E-06
   0.1570717E-02   0.4449596E-06
   0.1745241E-02   0.5181686E-06
   0.1919765E-02   0.5743581E-06
   0.2094289E-02   0.6192961E-06
   0.2268813E-02   0.6739469E-06
   0.2443337E-02   0.7212898E-06
   0.2617861E-02   0.7502456E-06
   0.2792385E-02   0.7771142E-06
   0.2966909E-02   0.7947992E-06
   0.3141433E-02   0.8002229E-06
   0.3315957E-02   0.8031742E-06
   0.3490481E-02   0.7963800E-06
   0.3665005E-02   0.7842521E-06
   0.3839529E-02   0.7686627E-06
   0.4014053E-02   0.7577374E-06
   0.4188578E-02   0.7443992E-06
   0.4363101E-02   0.7226211E-06
   0.4537626E-02   0.6994596E-06
   0.4712150E-02   0.6759323E-06
   0.4886674E-02   0.6512686E-06
   0.5061198E-02   0.6275537E-06
   0.5235722E-02   0.5995116E-06
   0.5410246E-02   0.5754703E-06
   0.5584770E-02   0.5590819E-06
   0.5759294E-02   0.5417838E-06
   0.5933818E-02   0.5265218E-06
   0.6108342E-02   0.5117616E-06
   0.6282866E-02   0.4983401E-06
   0.6457390E-02   0.4849572E-06
   0.6631915E-02   0.4698605E-06
   0.6806438E-02   0.4519745E-06
   0.6980963E-02   0.4394091E-06
   0.7155487E-02   0.4279752E-06
   0.7330011E-02   0.4187233E-06
   0.7504535E-02   0.4100002E-06
   0.7679059E-02   0.4019504E-06
   0.7853583E-02   0.3886705E-06
   0.8028107E-02   0.3773617E-06
   0.8202631E-02   0.3672814E-06
   0.8377155E-02   0.3597788E-06
   0.8551680E-02   0.3524053E-06
   0.8726203E-02   0.3409934E-06
   0.8900727E-02   0.3324390E-06
   0.9075251E-02   0.3256574E-06
   0.9249776E-02   0.3190327E-06
   0.9424300E-02   0.3102055E-06
   0.9598823E-02   0.3032602E-06
   0.9773348E-02   0.2940338E-06
   0.9947872E-02   0.2878668E-06
   0.1012240E-01   0.2822321E-06
   0.1029692E-01   0.2801703E-06
   0.1047144E-01   0.2789580E-06
   0.1064597E-01   0.2765174E-06
   0.1082049E-01   0.2697425E-06
   0.1099502E-01   0.2635155E-06
   0.1116954E-01   0.2589465E-06
   0.1134406E-01   0.2530278E-06
   0.1151859E-01   0.2471379E-06
   0.1169311E-01   0.2410191E-06
   0.1186764E-01   0.2408505E-06
   0.1204216E-01   0.2367834E-06
   0.1221668E-01   0.2301346E-06
   0.1239121E-01   0.2234491E-06
   0.1256573E-01   0.2179463E-06
   0.1274026E-01   0.2139551E-06
   0.1291478E-01   0.2077010E-06
   0.1308930E-01   0.2045242E-06
   0.1326383E-01   0.2053256E-06
   0.1343835E-01   0.2058435E-06
   0.1361288E-01   0.2039495E-06
   0.1378740E-01   0.2061811E-06
   0.1396193E-01   0.2084170E-06
   0.1413645E-01   0.2105716E-06
   0.1431097E-01   0.2056036E-06
   0.1448550E-01   0.2022648E-06
   0.1466002E-01   0.2007502E-06
   0.1483455E-01   0.1964368E-06
   0.1500907E-01   0.1924434E-06
   0.1518359E-01   0.1917816E-06
   0.1535812E-01   0.1913880E-06
   0.1553264E-01   0.1881308E-06
   0.1570717E-01   0.1820600E-06
   0.1588169E-01   0.1741700E-06
   0.1605621E-01   0.1715603E-06
   0.1623074E-01   0.1673116E-06
   0.1640526E-01   0.1645355E-06
   0.1657979E-01   0.1601918E-06
   0.1675431E-01   0.1571672E-06
   0.1692883E-01   0.1551790E-06
   0.1710336E-01   0.1530190E-06
   0.1727788E-01   0.1498041E-06
   0.1745241E-01   0.1476369E-06
   0.1762693E-01   0.1430467E-06
   0.1780145E-01   0.1410419E-06
   0.1797598E-01   0.1423080E-06
   0.1815050E-01   0.1453019E-06
   0.1832503E-01   0.1490661E-06
   0.1849955E-01   0.1487544E-06
   0.1867408E-01   0.1475842E-06
   0.1884860E-01   0.1466544E-06
   0.1902312E-01   0.1472631E-06
   0.1919765E-01   0.1496530E-06
   0.1937217E-01   0.1503756E-06
   0.1954670E-01   0.1490039E-06
   0.1972122E-01   0.1472491E-06
   0.1989574E-01   0.1455986E-06
   0.2007027E-01   0.1442829E-06
   0.2024479E-01   0.1417360E-06
   0.2041932E-01   0.1369852E-06
   0.2059384E-01   0.1330708E-06
   0.2076836E-01   0.1311533E-06
   0.2094289E-01   0.1285501E-06
   0.2111741E-01   0.1294675E-06
   0.2129194E-01   0.1276524E-06
   0.2146646E-01   0.1244984E-06
   0.2164098E-01   0.1250007E-06
   0.2181551E-01   0.1243117E-06
   0.2199003E-01   0.1228324E-06
   0.2216456E-01   0.1214684E-06
   0.2233908E-01   0.1200444E-06
   0.2251360E-01   0.1176835E-06
   0.2268813E-01   0.1131295E-06
   0.2286265E-01   0.1101623E-06
   0.2303718E-01   0.1089641E-06
   0.2321170E-01   0.1071168E-06
   0.2338623E-01   0.1066694E-06
   0.2356075E-01   0.1090242E-06
   0.2373527E-01   0.1099740E-06
   0.2390980E-01   0.1104642E-06
   0.2408432E-01   0.1101659E-06
   0.2425884E-01   0.1068086E-06
   0.2443337E-01   0.1045138E-06
   0.2460789E-01   0.1015259E-06
   0.2478242E-01   0.9763659E-07
   0.2495694E-01   0.9390546E-07
   0.2513147E-01   0.8994689E-07
   0.2530599E-01   0.8817638E-07
   0.2548051E-01   0.8985560E-07
   0.2565504E-01   0.8975365E-07
   0.2582956E-01   0.8804950E-07
   0.2600409E-01   0.8804572E-07
   0.2617861E-01   0.8955460E-07
   0.2635313E-01   0.9022532E-07
   0.2652766E-01   0.8918309E-07
   0.2670218E-01   0.8422098E-07
   0.2687671E-01   0.8223868E-07
   0.2705123E-01   0.8012331E-07
   0.2722575E-01   0.7831035E-07
   0.2740028E-01   0.7898707E-07
   0.2757480E-01   0.8040139E-07
   0.2774933E-01   0.8367138E-07
   0.2792385E-01   0.8474449E-07
   0.2809837E-01   0.8641360E-07
   0.2827290E-01   0.8780273E-07
   0.2844742E-01   0.8830983E-07
   0.2862195E-01   0.8722702E-07
   0.2879647E-01   0.8234312E-07
   0.2897099E-01   0.7864438E-07
   0.2914552E-01   0.7568606E-07
   0.2932004E-01   0.7312815E-07
   0.2949457E-01   0.7155273E-07
   0.2966909E-01   0.7278491E-07
   0.2984362E-01   0.7416045E-07
   0.3001814E-01   0.7533509E-07
   0.3019266E-01   0.7879805E-07
   0.3036719E-01   0.8209845E-07
   0.3054171E-01   0.8496436E-07
   0.3071623E-01   0.8765240E-07
   0.3089076E-01   0.8860704E-07
   0.3106528E-01   0.8859122E-07
   0.3123981E-01   0.8842046E-07
   0.3141433E-01   0.9055238E-07
   0.3158886E-01   0.8954847E-07
   0.3176338E-01   0.8828146E-07
   0.3193790E-01   0.8616473E-07
   0.3211243E-01   0.8437938E-07
   0.3228695E-01   0.8343137E-07
   0.3246148E-01   0.8152820E-07
   0.3263600E-01   0.8169335E-07
   0.3281052E-01   0.8065165E-07
   0.3298505E-01   0.7453430E-07
   0.3315957E-01   0.7143003E-07
   0.3333410E-01   0.7154642E-07
   0.3350862E-01   0.7154247E-07
   0.3368314E-01   0.7013350E-07
   0.3385767E-01   0.6953277E-07
   0.3403219E-01   0.7055127E-07
   0.3420672E-01   0.7092805E-07
   0.3438124E-01   0.7041768E-07
   0.3455576E-01   0.6966248E-07
   0.3473029E-01   0.6786979E-07
   0.3490481E-01   0.6549070E-07
