        4.80        3.90
NULL
$r$
radial profile
0 0 0
0
   0.1100000E+31  -0.1100000E+31    5
   0.1100000E+31  -0.1100000E+31    5
    0
CURVE
     201
NULL
black_solid
NULL
    0.000000       0.1451539E-05
   0.1745241E-03   0.1445226E-05
   0.3490481E-03   0.1383418E-05
   0.5235722E-03   0.1352974E-05
   0.6980962E-03   0.1314119E-05
   0.8726203E-03   0.1227651E-05
   0.1047144E-02   0.1145138E-05
   0.1221668E-02   0.1075715E-05
   0.1396192E-02   0.9799209E-06
   0.1570717E-02   0.8903627E-06
   0.1745241E-02   0.8043210E-06
   0.1919765E-02   0.7202044E-06
   0.2094289E-02   0.6466778E-06
   0.2268813E-02   0.5705413E-06
   0.2443337E-02   0.5053163E-06
   0.2617861E-02   0.4530078E-06
   0.2792385E-02   0.3985819E-06
   0.2966909E-02   0.3538105E-06
   0.3141433E-02   0.3185592E-06
   0.3315957E-02   0.2836987E-06
   0.3490481E-02   0.2550192E-06
   0.3665005E-02   0.2318393E-06
   0.3839529E-02   0.2103070E-06
   0.4014053E-02   0.1919057E-06
   0.4188578E-02   0.1761671E-06
   0.4363101E-02   0.1626246E-06
   0.4537626E-02   0.1516664E-06
   0.4712150E-02   0.1415781E-06
   0.4886674E-02   0.1328682E-06
   0.5061198E-02   0.1268709E-06
   0.5235722E-02   0.1204182E-06
   0.5410246E-02   0.1153435E-06
   0.5584770E-02   0.1117242E-06
   0.5759294E-02   0.1077932E-06
   0.5933818E-02   0.1041893E-06
   0.6108342E-02   0.1013191E-06
   0.6282866E-02   0.9834057E-07
   0.6457390E-02   0.9594888E-07
   0.6631915E-02   0.9339924E-07
   0.6806438E-02   0.9063816E-07
   0.6980963E-02   0.8838077E-07
   0.7155487E-02   0.8679142E-07
   0.7330011E-02   0.8475151E-07
   0.7504535E-02   0.8296523E-07
   0.7679059E-02   0.8197798E-07
   0.7853583E-02   0.8083141E-07
   0.8028107E-02   0.7964815E-07
   0.8202631E-02   0.7874022E-07
   0.8377155E-02   0.7785194E-07
   0.8551680E-02   0.7715992E-07
   0.8726203E-02   0.7665636E-07
   0.8900727E-02   0.7555617E-07
   0.9075251E-02   0.7497763E-07
   0.9249776E-02   0.7425082E-07
   0.9424300E-02   0.7320887E-07
   0.9598823E-02   0.7277622E-07
   0.9773348E-02   0.7215769E-07
   0.9947872E-02   0.7195619E-07
   0.1012240E-01   0.7120528E-07
   0.1029692E-01   0.7105974E-07
   0.1047144E-01   0.7063250E-07
   0.1064597E-01   0.6977210E-07
   0.1082049E-01   0.6934407E-07
   0.1099502E-01   0.6848287E-07
   0.1116954E-01   0.6743281E-07
   0.1134406E-01   0.6614570E-07
   0.1151859E-01   0.6470385E-07
   0.1169311E-01   0.6296855E-07
   0.1186764E-01   0.6116224E-07
   0.1204216E-01   0.5942141E-07
   0.1221668E-01   0.5706347E-07
   0.1239121E-01   0.5522809E-07
   0.1256573E-01   0.5336212E-07
   0.1274026E-01   0.5122590E-07
   0.1291478E-01   0.4951470E-07
   0.1308930E-01   0.4798222E-07
   0.1326383E-01   0.4622603E-07
   0.1343835E-01   0.4478121E-07
   0.1361288E-01   0.4355246E-07
   0.1378740E-01   0.4235124E-07
   0.1396193E-01   0.4091754E-07
   0.1413645E-01   0.3983717E-07
   0.1431097E-01   0.3926106E-07
   0.1448550E-01   0.3826894E-07
   0.1466002E-01   0.3751625E-07
   0.1483455E-01   0.3702731E-07
   0.1500907E-01   0.3666862E-07
   0.1518359E-01   0.3662125E-07
   0.1535812E-01   0.3645705E-07
   0.1553264E-01   0.3639833E-07
   0.1570717E-01   0.3691418E-07
   0.1588169E-01   0.3711498E-07
   0.1605621E-01   0.3759535E-07
   0.1623074E-01   0.3819415E-07
   0.1640526E-01   0.3851972E-07
   0.1657979E-01   0.3877812E-07
   0.1675431E-01   0.3948974E-07
   0.1692883E-01   0.3976188E-07
   0.1710336E-01   0.3971140E-07
   0.1727788E-01   0.4008991E-07
   0.1745241E-01   0.3996181E-07
   0.1762693E-01   0.3977086E-07
   0.1780145E-01   0.3965813E-07
   0.1797598E-01   0.3939115E-07
   0.1815050E-01   0.3893507E-07
   0.1832503E-01   0.3859686E-07
   0.1849955E-01   0.3818213E-07
   0.1867408E-01   0.3771695E-07
   0.1884860E-01   0.3759266E-07
   0.1902312E-01   0.3731605E-07
   0.1919765E-01   0.3725712E-07
   0.1937217E-01   0.3706847E-07
   0.1954670E-01   0.3701544E-07
   0.1972122E-01   0.3703876E-07
   0.1989574E-01   0.3703303E-07
   0.2007027E-01   0.3692397E-07
   0.2024479E-01   0.3681733E-07
   0.2041932E-01   0.3683687E-07
   0.2059384E-01   0.3662922E-07
   0.2076836E-01   0.3642522E-07
   0.2094289E-01   0.3621275E-07
   0.2111741E-01   0.3582755E-07
   0.2129194E-01   0.3540231E-07
   0.2146646E-01   0.3502382E-07
   0.2164098E-01   0.3469712E-07
   0.2181551E-01   0.3398853E-07
   0.2199003E-01   0.3339418E-07
   0.2216456E-01   0.3291713E-07
   0.2233908E-01   0.3186699E-07
   0.2251360E-01   0.3128769E-07
   0.2268813E-01   0.3047192E-07
   0.2286265E-01   0.2946343E-07
   0.2303718E-01   0.2898842E-07
   0.2321170E-01   0.2824204E-07
   0.2338623E-01   0.2717718E-07
   0.2356075E-01   0.2657299E-07
   0.2373527E-01   0.2593554E-07
   0.2390980E-01   0.2523759E-07
   0.2408432E-01   0.2469744E-07
   0.2425884E-01   0.2438074E-07
   0.2443337E-01   0.2400611E-07
   0.2460789E-01   0.2379057E-07
   0.2478242E-01   0.2358148E-07
   0.2495694E-01   0.2336334E-07
   0.2513147E-01   0.2365017E-07
   0.2530599E-01   0.2358927E-07
   0.2548051E-01   0.2372343E-07
   0.2565504E-01   0.2364003E-07
   0.2582956E-01   0.2380342E-07
   0.2600409E-01   0.2388310E-07
   0.2617861E-01   0.2349062E-07
   0.2635313E-01   0.2338015E-07
   0.2652766E-01   0.2318585E-07
   0.2670218E-01   0.2283587E-07
   0.2687671E-01   0.2262918E-07
   0.2705123E-01   0.2212836E-07
   0.2722575E-01   0.2166212E-07
   0.2740028E-01   0.2162450E-07
   0.2757480E-01   0.2120631E-07
   0.2774933E-01   0.2075421E-07
   0.2792385E-01   0.2062304E-07
   0.2809837E-01   0.2050607E-07
   0.2827290E-01   0.2023568E-07
   0.2844742E-01   0.2024755E-07
   0.2862195E-01   0.2031132E-07
   0.2879647E-01   0.2016329E-07
   0.2897099E-01   0.2005539E-07
   0.2914552E-01   0.2001676E-07
   0.2932004E-01   0.1973426E-07
   0.2949457E-01   0.1953642E-07
   0.2966909E-01   0.1959642E-07
   0.2984362E-01   0.1913533E-07
   0.3001814E-01   0.1885096E-07
   0.3019266E-01   0.1858631E-07
   0.3036719E-01   0.1812635E-07
   0.3054171E-01   0.1772549E-07
   0.3071623E-01   0.1752907E-07
   0.3089076E-01   0.1730612E-07
   0.3106528E-01   0.1708143E-07
   0.3123981E-01   0.1677526E-07
   0.3141433E-01   0.1692410E-07
   0.3158886E-01   0.1694424E-07
   0.3176338E-01   0.1716544E-07
   0.3193790E-01   0.1729354E-07
   0.3211243E-01   0.1756419E-07
   0.3228695E-01   0.1793584E-07
   0.3246148E-01   0.1822224E-07
   0.3263600E-01   0.1840184E-07
   0.3281052E-01   0.1881674E-07
   0.3298505E-01   0.1915384E-07
   0.3315957E-01   0.1931590E-07
   0.3333410E-01   0.1924272E-07
   0.3350862E-01   0.1926601E-07
   0.3368314E-01   0.1921864E-07
   0.3385767E-01   0.1875815E-07
   0.3403219E-01   0.1843693E-07
   0.3420672E-01   0.1807563E-07
   0.3438124E-01   0.1746111E-07
   0.3455576E-01   0.1697637E-07
   0.3473029E-01   0.1659848E-07
   0.3490481E-01   0.1612542E-07
