        4.80        3.90
NULL
$r$
radial profile
0 0 0
0
   0.1100000E+31  -0.1100000E+31    5
   0.1100000E+31  -0.1100000E+31    5
    0
CURVE
     201
NULL
black_solid
NULL
    0.000000       0.1434680E-05
   0.1745241E-03   0.1428632E-05
   0.3490481E-03   0.1367950E-05
   0.5235722E-03   0.1338565E-05
   0.6980962E-03   0.1300395E-05
   0.8726203E-03   0.1215453E-05
   0.1047144E-02   0.1135042E-05
   0.1221668E-02   0.1066342E-05
   0.1396192E-02   0.9722550E-06
   0.1570717E-02   0.8850492E-06
   0.1745241E-02   0.8004423E-06
   0.1919765E-02   0.7170317E-06
   0.2094289E-02   0.6447132E-06
   0.2268813E-02   0.5700903E-06
   0.2443337E-02   0.5059599E-06
   0.2617861E-02   0.4551846E-06
   0.2792385E-02   0.4020140E-06
   0.2966909E-02   0.3586628E-06
   0.3141433E-02   0.3253291E-06
   0.3315957E-02   0.2914843E-06
   0.3490481E-02   0.2642763E-06
   0.3665005E-02   0.2431903E-06
   0.3839529E-02   0.2219695E-06
   0.4014053E-02   0.2050239E-06
   0.4188578E-02   0.1908660E-06
   0.4363101E-02   0.1777021E-06
   0.4537626E-02   0.1669578E-06
   0.4712150E-02   0.1573022E-06
   0.4886674E-02   0.1490363E-06
   0.5061198E-02   0.1421320E-06
   0.5235722E-02   0.1358772E-06
   0.5410246E-02   0.1303637E-06
   0.5584770E-02   0.1257583E-06
   0.5759294E-02   0.1215978E-06
   0.5933818E-02   0.1174606E-06
   0.6108342E-02   0.1140384E-06
   0.6282866E-02   0.1104228E-06
   0.6457390E-02   0.1070469E-06
   0.6631915E-02   0.1041751E-06
   0.6806438E-02   0.1005450E-06
   0.6980963E-02   0.9785457E-07
   0.7155487E-02   0.9503645E-07
   0.7330011E-02   0.9221161E-07
   0.7504535E-02   0.8990595E-07
   0.7679059E-02   0.8782095E-07
   0.7853583E-02   0.8584222E-07
   0.8028107E-02   0.8388201E-07
   0.8202631E-02   0.8264598E-07
   0.8377155E-02   0.8103892E-07
   0.8551680E-02   0.7989995E-07
   0.8726203E-02   0.7890875E-07
   0.8900727E-02   0.7762273E-07
   0.9075251E-02   0.7676891E-07
   0.9249776E-02   0.7582567E-07
   0.9424300E-02   0.7502559E-07
   0.9598823E-02   0.7421945E-07
   0.9773348E-02   0.7354005E-07
   0.9947872E-02   0.7295741E-07
   0.1012240E-01   0.7230899E-07
   0.1029692E-01   0.7195879E-07
   0.1047144E-01   0.7126311E-07
   0.1064597E-01   0.7076235E-07
   0.1082049E-01   0.7043525E-07
   0.1099502E-01   0.6966724E-07
   0.1116954E-01   0.6904335E-07
   0.1134406E-01   0.6837500E-07
   0.1151859E-01   0.6761724E-07
   0.1169311E-01   0.6683003E-07
   0.1186764E-01   0.6589431E-07
   0.1204216E-01   0.6512498E-07
   0.1221668E-01   0.6409478E-07
   0.1239121E-01   0.6329145E-07
   0.1256573E-01   0.6231254E-07
   0.1274026E-01   0.6120968E-07
   0.1291478E-01   0.6041613E-07
   0.1308930E-01   0.5937146E-07
   0.1326383E-01   0.5828867E-07
   0.1343835E-01   0.5717122E-07
   0.1361288E-01   0.5635160E-07
   0.1378740E-01   0.5528122E-07
   0.1396193E-01   0.5400688E-07
   0.1413645E-01   0.5318850E-07
   0.1431097E-01   0.5222003E-07
   0.1448550E-01   0.5120790E-07
   0.1466002E-01   0.5039003E-07
   0.1483455E-01   0.4963807E-07
   0.1500907E-01   0.4900812E-07
   0.1518359E-01   0.4838449E-07
   0.1535812E-01   0.4799271E-07
   0.1553264E-01   0.4756856E-07
   0.1570717E-01   0.4721754E-07
   0.1588169E-01   0.4695579E-07
   0.1605621E-01   0.4672888E-07
   0.1623074E-01   0.4650528E-07
   0.1640526E-01   0.4627220E-07
   0.1657979E-01   0.4605634E-07
   0.1675431E-01   0.4601465E-07
   0.1692883E-01   0.4569900E-07
   0.1710336E-01   0.4553606E-07
   0.1727788E-01   0.4535813E-07
   0.1745241E-01   0.4514579E-07
   0.1762693E-01   0.4499659E-07
   0.1780145E-01   0.4473155E-07
   0.1797598E-01   0.4464650E-07
   0.1815050E-01   0.4443008E-07
   0.1832503E-01   0.4433578E-07
   0.1849955E-01   0.4414325E-07
   0.1867408E-01   0.4397650E-07
   0.1884860E-01   0.4374435E-07
   0.1902312E-01   0.4353765E-07
   0.1919765E-01   0.4333621E-07
   0.1937217E-01   0.4299597E-07
   0.1954670E-01   0.4278004E-07
   0.1972122E-01   0.4239639E-07
   0.1989574E-01   0.4191773E-07
   0.2007027E-01   0.4156932E-07
   0.2024479E-01   0.4094749E-07
   0.2041932E-01   0.4047932E-07
   0.2059384E-01   0.3995284E-07
   0.2076836E-01   0.3934509E-07
   0.2094289E-01   0.3882444E-07
   0.2111741E-01   0.3823272E-07
   0.2129194E-01   0.3771186E-07
   0.2146646E-01   0.3730552E-07
   0.2164098E-01   0.3684986E-07
   0.2181551E-01   0.3650742E-07
   0.2199003E-01   0.3613078E-07
   0.2216456E-01   0.3590570E-07
   0.2233908E-01   0.3556917E-07
   0.2251360E-01   0.3537991E-07
   0.2268813E-01   0.3513626E-07
   0.2286265E-01   0.3489654E-07
   0.2303718E-01   0.3469196E-07
   0.2321170E-01   0.3443873E-07
   0.2338623E-01   0.3427365E-07
   0.2356075E-01   0.3392825E-07
   0.2373527E-01   0.3361175E-07
   0.2390980E-01   0.3333614E-07
   0.2408432E-01   0.3292669E-07
   0.2425884E-01   0.3253598E-07
   0.2443337E-01   0.3209619E-07
   0.2460789E-01   0.3172789E-07
   0.2478242E-01   0.3122236E-07
   0.2495694E-01   0.3072584E-07
   0.2513147E-01   0.3026661E-07
   0.2530599E-01   0.2973873E-07
   0.2548051E-01   0.2915216E-07
   0.2565504E-01   0.2862037E-07
   0.2582956E-01   0.2810902E-07
   0.2600409E-01   0.2759187E-07
   0.2617861E-01   0.2704483E-07
   0.2635313E-01   0.2660712E-07
   0.2652766E-01   0.2629095E-07
   0.2670218E-01   0.2588831E-07
   0.2687671E-01   0.2563013E-07
   0.2705123E-01   0.2542321E-07
   0.2722575E-01   0.2533180E-07
   0.2740028E-01   0.2520384E-07
   0.2757480E-01   0.2514793E-07
   0.2774933E-01   0.2514219E-07
   0.2792385E-01   0.2506003E-07
   0.2809837E-01   0.2502214E-07
   0.2827290E-01   0.2496661E-07
   0.2844742E-01   0.2484003E-07
   0.2862195E-01   0.2475501E-07
   0.2879647E-01   0.2463899E-07
   0.2897099E-01   0.2433969E-07
   0.2914552E-01   0.2420889E-07
   0.2932004E-01   0.2415203E-07
   0.2949457E-01   0.2386973E-07
   0.2966909E-01   0.2383400E-07
   0.2984362E-01   0.2384689E-07
   0.3001814E-01   0.2377506E-07
   0.3019266E-01   0.2379386E-07
   0.3036719E-01   0.2386297E-07
   0.3054171E-01   0.2400482E-07
   0.3071623E-01   0.2403276E-07
   0.3089076E-01   0.2411058E-07
   0.3106528E-01   0.2424977E-07
   0.3123981E-01   0.2409049E-07
   0.3141433E-01   0.2420915E-07
   0.3158886E-01   0.2414797E-07
   0.3176338E-01   0.2409928E-07
   0.3193790E-01   0.2406153E-07
   0.3211243E-01   0.2396134E-07
   0.3228695E-01   0.2392197E-07
   0.3246148E-01   0.2377644E-07
   0.3263600E-01   0.2363027E-07
   0.3281052E-01   0.2355082E-07
   0.3298505E-01   0.2348331E-07
   0.3315957E-01   0.2332376E-07
   0.3333410E-01   0.2310380E-07
   0.3350862E-01   0.2295849E-07
   0.3368314E-01   0.2277718E-07
   0.3385767E-01   0.2248555E-07
   0.3403219E-01   0.2226356E-07
   0.3420672E-01   0.2199168E-07
   0.3438124E-01   0.2175100E-07
   0.3455576E-01   0.2144098E-07
   0.3473029E-01   0.2125984E-07
   0.3490481E-01   0.2108139E-07
