        4.80        3.90
NULL
$r$
radial profile
0 0 0
0
   0.1100000E+31  -0.1100000E+31    5
   0.1100000E+31  -0.1100000E+31    5
    0
CURVE
     201
NULL
black_solid
NULL
    0.000000        0.000000    
   0.1745241E-03   0.7358190E-10
   0.3490481E-03   0.5175658E-07
   0.5235722E-03   0.7721336E-07
   0.6980962E-03   0.1129276E-06
   0.8726203E-03   0.1891840E-06
   0.1047144E-02   0.2607036E-06
   0.1221668E-02   0.3179211E-06
   0.1396192E-02   0.3958627E-06
   0.1570717E-02   0.4631641E-06
   0.1745241E-02   0.5237176E-06
   0.1919765E-02   0.5779898E-06
   0.2094289E-02   0.6196753E-06
   0.2268813E-02   0.6564302E-06
   0.2443337E-02   0.6822956E-06
   0.2617861E-02   0.6962243E-06
   0.2792385E-02   0.7041722E-06
   0.2966909E-02   0.7049418E-06
   0.3141433E-02   0.6993480E-06
   0.3315957E-02   0.6873286E-06
   0.3490481E-02   0.6733636E-06
   0.3665005E-02   0.6573444E-06
   0.3839529E-02   0.6368716E-06
   0.4014053E-02   0.6170989E-06
   0.4188578E-02   0.5966571E-06
   0.4363101E-02   0.5742795E-06
   0.4537626E-02   0.5533619E-06
   0.4712150E-02   0.5316962E-06
   0.4886674E-02   0.5101094E-06
   0.5061198E-02   0.4906574E-06
   0.5235722E-02   0.4701608E-06
   0.5410246E-02   0.4507591E-06
   0.5584770E-02   0.4334523E-06
   0.5759294E-02   0.4162050E-06
   0.5933818E-02   0.4001174E-06
   0.6108342E-02   0.3858824E-06
   0.6282866E-02   0.3722533E-06
   0.6457390E-02   0.3598171E-06
   0.6631915E-02   0.3481825E-06
   0.6806438E-02   0.3369726E-06
   0.6980963E-02   0.3267987E-06
   0.7155487E-02   0.3165928E-06
   0.7330011E-02   0.3064724E-06
   0.7504535E-02   0.2974130E-06
   0.7679059E-02   0.2881793E-06
   0.7853583E-02   0.2788406E-06
   0.8028107E-02   0.2707726E-06
   0.8202631E-02   0.2630449E-06
   0.8377155E-02   0.2554280E-06
   0.8551680E-02   0.2486790E-06
   0.8726203E-02   0.2427048E-06
   0.8900727E-02   0.2369618E-06
   0.9075251E-02   0.2317957E-06
   0.9249776E-02   0.2272066E-06
   0.9424300E-02   0.2225678E-06
   0.9598823E-02   0.2185025E-06
   0.9773348E-02   0.2143931E-06
   0.9947872E-02   0.2102295E-06
   0.1012240E-01   0.2061032E-06
   0.1029692E-01   0.2017387E-06
   0.1047144E-01   0.1975344E-06
   0.1064597E-01   0.1933665E-06
   0.1082049E-01   0.1888869E-06
   0.1099502E-01   0.1848036E-06
   0.1116954E-01   0.1809703E-06
   0.1134406E-01   0.1768569E-06
   0.1151859E-01   0.1731697E-06
   0.1169311E-01   0.1698111E-06
   0.1186764E-01   0.1662972E-06
   0.1204216E-01   0.1631730E-06
   0.1221668E-01   0.1601731E-06
   0.1239121E-01   0.1573602E-06
   0.1256573E-01   0.1546965E-06
   0.1274026E-01   0.1521633E-06
   0.1291478E-01   0.1498223E-06
   0.1308930E-01   0.1474620E-06
   0.1326383E-01   0.1452913E-06
   0.1343835E-01   0.1434206E-06
   0.1361288E-01   0.1415797E-06
   0.1378740E-01   0.1397362E-06
   0.1396193E-01   0.1380479E-06
   0.1413645E-01   0.1362878E-06
   0.1431097E-01   0.1344657E-06
   0.1448550E-01   0.1328648E-06
   0.1466002E-01   0.1311526E-06
   0.1483455E-01   0.1292726E-06
   0.1500907E-01   0.1274111E-06
   0.1518359E-01   0.1255762E-06
   0.1535812E-01   0.1237749E-06
   0.1553264E-01   0.1219569E-06
   0.1570717E-01   0.1202412E-06
   0.1588169E-01   0.1185708E-06
   0.1605621E-01   0.1172006E-06
   0.1623074E-01   0.1157235E-06
   0.1640526E-01   0.1144861E-06
   0.1657979E-01   0.1134132E-06
   0.1675431E-01   0.1121595E-06
   0.1692883E-01   0.1111962E-06
   0.1710336E-01   0.1101697E-06
   0.1727788E-01   0.1090680E-06
   0.1745241E-01   0.1078771E-06
   0.1762693E-01   0.1069204E-06
   0.1780145E-01   0.1054665E-06
   0.1797598E-01   0.1042525E-06
   0.1815050E-01   0.1029525E-06
   0.1832503E-01   0.1015206E-06
   0.1849955E-01   0.1003293E-06
   0.1867408E-01   0.9914567E-07
   0.1884860E-01   0.9807837E-07
   0.1902312E-01   0.9707899E-07
   0.1919765E-01   0.9619556E-07
   0.1937217E-01   0.9533942E-07
   0.1954670E-01   0.9454541E-07
   0.1972122E-01   0.9390212E-07
   0.1989574E-01   0.9318458E-07
   0.2007027E-01   0.9242333E-07
   0.2024479E-01   0.9178615E-07
   0.2041932E-01   0.9104519E-07
   0.2059384E-01   0.9016982E-07
   0.2076836E-01   0.8941696E-07
   0.2094289E-01   0.8859477E-07
   0.2111741E-01   0.8789994E-07
   0.2129194E-01   0.8703675E-07
   0.2146646E-01   0.8622523E-07
   0.2164098E-01   0.8542155E-07
   0.2181551E-01   0.8475211E-07
   0.2199003E-01   0.8400814E-07
   0.2216456E-01   0.8340234E-07
   0.2233908E-01   0.8279907E-07
   0.2251360E-01   0.8215095E-07
   0.2268813E-01   0.8166367E-07
   0.2286265E-01   0.8093951E-07
   0.2303718E-01   0.8048462E-07
   0.2321170E-01   0.8006019E-07
   0.2338623E-01   0.7948328E-07
   0.2356075E-01   0.7902000E-07
   0.2373527E-01   0.7857511E-07
   0.2390980E-01   0.7799853E-07
   0.2408432E-01   0.7737902E-07
   0.2425884E-01   0.7669010E-07
   0.2443337E-01   0.7609810E-07
   0.2460789E-01   0.7536058E-07
   0.2478242E-01   0.7461593E-07
   0.2495694E-01   0.7387582E-07
   0.2513147E-01   0.7315174E-07
   0.2530599E-01   0.7235170E-07
   0.2548051E-01   0.7141747E-07
   0.2565504E-01   0.7061611E-07
   0.2582956E-01   0.7007296E-07
   0.2600409E-01   0.6930542E-07
   0.2617861E-01   0.6875099E-07
   0.2635313E-01   0.6840150E-07
   0.2652766E-01   0.6796711E-07
   0.2670218E-01   0.6762803E-07
   0.2687671E-01   0.6744008E-07
   0.2705123E-01   0.6732522E-07
   0.2722575E-01   0.6716603E-07
   0.2740028E-01   0.6712926E-07
   0.2757480E-01   0.6715926E-07
   0.2774933E-01   0.6702999E-07
   0.2792385E-01   0.6710265E-07
   0.2809837E-01   0.6723383E-07
   0.2827290E-01   0.6718702E-07
   0.2844742E-01   0.6727621E-07
   0.2862195E-01   0.6739294E-07
   0.2879647E-01   0.6746810E-07
   0.2897099E-01   0.6736769E-07
   0.2914552E-01   0.6738671E-07
   0.2932004E-01   0.6728424E-07
   0.2949457E-01   0.6699048E-07
   0.2966909E-01   0.6674337E-07
   0.2984362E-01   0.6655451E-07
   0.3001814E-01   0.6597668E-07
   0.3019266E-01   0.6559709E-07
   0.3036719E-01   0.6502745E-07
   0.3054171E-01   0.6440230E-07
   0.3071623E-01   0.6389291E-07
   0.3089076E-01   0.6328241E-07
   0.3106528E-01   0.6246832E-07
   0.3123981E-01   0.6172716E-07
   0.3141433E-01   0.6097984E-07
   0.3158886E-01   0.6015778E-07
   0.3176338E-01   0.5929416E-07
   0.3193790E-01   0.5841087E-07
   0.3211243E-01   0.5759006E-07
   0.3228695E-01   0.5668035E-07
   0.3246148E-01   0.5573127E-07
   0.3263600E-01   0.5486152E-07
   0.3281052E-01   0.5406389E-07
   0.3298505E-01   0.5322843E-07
   0.3315957E-01   0.5250226E-07
   0.3333410E-01   0.5182267E-07
   0.3350862E-01   0.5136028E-07
   0.3368314E-01   0.5093829E-07
   0.3385767E-01   0.5050254E-07
   0.3403219E-01   0.5036045E-07
   0.3420672E-01   0.5021209E-07
   0.3438124E-01   0.5000880E-07
   0.3455576E-01   0.4998971E-07
   0.3473029E-01   0.4996891E-07
   0.3490481E-01   0.4988146E-07
