        4.80        3.90
NULL
$r$
radial profile
0 0 0
0
   0.1100000E+31  -0.1100000E+31    5
   0.1100000E+31  -0.1100000E+31    5
    0
CURVE
     201
NULL
black_solid
NULL
    0.000000        0.000000    
   0.1745241E-03   0.2794046E-09
   0.3490481E-03   0.2723548E-08
   0.5235722E-03   0.2151593E-08
   0.6980962E-03   0.1955523E-08
   0.8726203E-03   0.1848332E-07
   0.1047144E-02   0.1485313E-07
   0.1221668E-02   0.1239918E-07
   0.1396192E-02   0.7921731E-08
   0.1570717E-02   0.1239041E-07
   0.1745241E-02   0.1482870E-07
   0.1919765E-02   0.1254127E-07
   0.2094289E-02   0.1625312E-07
   0.2268813E-02   0.2300876E-07
   0.2443337E-02   0.2295382E-07
   0.2617861E-02   0.2066870E-07
   0.2792385E-02   0.2174595E-07
   0.2966909E-02   0.1964541E-07
   0.3141433E-02   0.1618658E-07
   0.3315957E-02   0.1288995E-07
   0.3490481E-02   0.9949980E-08
   0.3665005E-02   0.1715672E-08
   0.3839529E-02  -0.1897736E-07
   0.4014053E-02  -0.3118587E-07
   0.4188578E-02  -0.3826968E-07
   0.4363101E-02  -0.4146543E-07
   0.4537626E-02  -0.4144395E-07
   0.4712150E-02  -0.3495747E-07
   0.4886674E-02  -0.2982241E-07
   0.5061198E-02  -0.2741417E-07
   0.5235722E-02  -0.2552969E-07
   0.5410246E-02  -0.2248320E-07
   0.5584770E-02  -0.2700893E-07
   0.5759294E-02  -0.2915823E-07
   0.5933818E-02  -0.2477533E-07
   0.6108342E-02  -0.2511608E-07
   0.6282866E-02  -0.2720136E-07
   0.6457390E-02  -0.2764503E-07
   0.6631915E-02  -0.2559323E-07
   0.6806438E-02  -0.2266090E-07
   0.6980963E-02  -0.1971859E-07
   0.7155487E-02  -0.2080787E-07
   0.7330011E-02  -0.2570784E-07
   0.7504535E-02  -0.3067658E-07
   0.7679059E-02  -0.3307502E-07
   0.7853583E-02  -0.2792107E-07
   0.8028107E-02  -0.2372818E-07
   0.8202631E-02  -0.1914211E-07
   0.8377155E-02  -0.1261016E-07
   0.8551680E-02  -0.7330376E-08
   0.8726203E-02  -0.1138470E-07
   0.8900727E-02  -0.8084825E-08
   0.9075251E-02  -0.3335630E-08
   0.9249776E-02  -0.3663365E-08
   0.9424300E-02  -0.3504290E-08
   0.9598823E-02   0.2889053E-08
   0.9773348E-02   0.4687225E-08
   0.9947872E-02   0.3907005E-08
   0.1012240E-01   0.6450667E-09
   0.1029692E-01  -0.2515007E-09
   0.1047144E-01  -0.1869697E-08
   0.1064597E-01  -0.4803773E-08
   0.1082049E-01  -0.5182425E-08
   0.1099502E-01  -0.5783808E-08
   0.1116954E-01  -0.1665156E-08
   0.1134406E-01   0.2079248E-08
   0.1151859E-01   0.3630715E-08
   0.1169311E-01   0.5626918E-08
   0.1186764E-01   0.5625189E-08
   0.1204216E-01   0.2493507E-08
   0.1221668E-01  -0.1973194E-08
   0.1239121E-01  -0.5005215E-08
   0.1256573E-01  -0.4600897E-08
   0.1274026E-01  -0.5354456E-08
   0.1291478E-01  -0.4944659E-08
   0.1308930E-01  -0.4426587E-10
   0.1326383E-01   0.4011491E-08
   0.1343835E-01   0.1027729E-07
   0.1361288E-01   0.1157336E-07
   0.1378740E-01   0.1060433E-07
   0.1396193E-01   0.1007173E-07
   0.1413645E-01   0.9085065E-08
   0.1431097E-01   0.5865973E-08
   0.1448550E-01  -0.2954858E-09
   0.1466002E-01  -0.5451191E-08
   0.1483455E-01  -0.9030384E-08
   0.1500907E-01  -0.1592809E-07
   0.1518359E-01  -0.2357009E-07
   0.1535812E-01  -0.2685795E-07
   0.1553264E-01  -0.2244790E-07
   0.1570717E-01  -0.1790727E-07
   0.1588169E-01  -0.1298056E-07
   0.1605621E-01  -0.1020271E-07
   0.1623074E-01  -0.7273452E-08
   0.1640526E-01  -0.6445855E-08
   0.1657979E-01  -0.2140284E-08
   0.1675431E-01   0.6364113E-09
   0.1692883E-01  -0.1876882E-08
   0.1710336E-01  -0.3107852E-08
   0.1727788E-01  -0.6692174E-08
   0.1745241E-01  -0.9453134E-08
   0.1762693E-01  -0.1318324E-07
   0.1780145E-01  -0.1803654E-07
   0.1797598E-01  -0.1898019E-07
   0.1815050E-01  -0.1983000E-07
   0.1832503E-01  -0.1886959E-07
   0.1849955E-01  -0.1422307E-07
   0.1867408E-01  -0.1131479E-07
   0.1884860E-01  -0.9735227E-08
   0.1902312E-01  -0.7215517E-08
   0.1919765E-01  -0.4382715E-08
   0.1937217E-01  -0.2680434E-08
   0.1954670E-01  -0.9484161E-09
   0.1972122E-01   0.1366231E-08
   0.1989574E-01   0.2513513E-08
   0.2007027E-01   0.3787576E-08
   0.2024479E-01   0.4393597E-08
   0.2041932E-01   0.3394667E-08
   0.2059384E-01   0.5020406E-08
   0.2076836E-01   0.5393548E-08
   0.2094289E-01   0.6836569E-08
   0.2111741E-01   0.5595714E-08
   0.2129194E-01   0.6783911E-08
   0.2146646E-01   0.9542520E-08
   0.2164098E-01   0.1171389E-07
   0.2181551E-01   0.1360366E-07
   0.2199003E-01   0.1406011E-07
   0.2216456E-01   0.1422370E-07
   0.2233908E-01   0.1229471E-07
   0.2251360E-01   0.9008245E-08
   0.2268813E-01   0.7329363E-08
   0.2286265E-01   0.2788701E-08
   0.2303718E-01  -0.3172120E-09
   0.2321170E-01  -0.8981178E-09
   0.2338623E-01  -0.2275581E-08
   0.2356075E-01  -0.3442169E-08
   0.2373527E-01  -0.6100977E-08
   0.2390980E-01  -0.2230667E-08
   0.2408432E-01  -0.8262402E-09
   0.2425884E-01   0.3299171E-09
   0.2443337E-01   0.9550912E-09
   0.2460789E-01   0.4360793E-09
   0.2478242E-01  -0.1511811E-08
   0.2495694E-01  -0.3893150E-08
   0.2513147E-01  -0.4097580E-08
   0.2530599E-01  -0.3332103E-08
   0.2548051E-01  -0.3076778E-08
   0.2565504E-01  -0.1105987E-08
   0.2582956E-01  -0.2397935E-09
   0.2600409E-01   0.1608623E-08
   0.2617861E-01   0.5201342E-09
   0.2635313E-01  -0.1150262E-09
   0.2652766E-01  -0.2071073E-08
   0.2670218E-01  -0.1953745E-08
   0.2687671E-01   0.3306919E-09
   0.2705123E-01   0.2754732E-08
   0.2722575E-01   0.3326395E-08
   0.2740028E-01   0.2439939E-08
   0.2757480E-01   0.1212996E-08
   0.2774933E-01   0.1772857E-08
   0.2792385E-01   0.2106234E-09
   0.2809837E-01  -0.4749638E-09
   0.2827290E-01  -0.4837108E-09
   0.2844742E-01  -0.2583814E-08
   0.2862195E-01  -0.3488091E-08
   0.2879647E-01  -0.4770732E-08
   0.2897099E-01  -0.5680221E-08
   0.2914552E-01  -0.5661515E-08
   0.2932004E-01  -0.4676667E-08
   0.2949457E-01  -0.2339225E-08
   0.2966909E-01  -0.6212615E-09
   0.2984362E-01   0.3941934E-08
   0.3001814E-01   0.8159557E-08
   0.3019266E-01   0.1025709E-07
   0.3036719E-01   0.1069323E-07
   0.3054171E-01   0.1267121E-07
   0.3071623E-01   0.1232211E-07
   0.3089076E-01   0.9413378E-08
   0.3106528E-01   0.6093855E-08
   0.3123981E-01   0.2680384E-08
   0.3141433E-01   0.1138835E-09
   0.3158886E-01  -0.1220224E-08
   0.3176338E-01  -0.3666481E-08
   0.3193790E-01  -0.6731715E-08
   0.3211243E-01  -0.1017069E-07
   0.3228695E-01  -0.1018387E-07
   0.3246148E-01  -0.1176870E-07
   0.3263600E-01  -0.1277749E-07
   0.3281052E-01  -0.1083718E-07
   0.3298505E-01  -0.9067812E-08
   0.3315957E-01  -0.7619456E-08
   0.3333410E-01  -0.4525178E-08
   0.3350862E-01  -0.2859105E-08
   0.3368314E-01  -0.1893892E-08
   0.3385767E-01  -0.3213746E-08
   0.3403219E-01  -0.4170186E-08
   0.3420672E-01  -0.3807622E-08
   0.3438124E-01  -0.6441130E-08
   0.3455576E-01  -0.8530875E-08
   0.3473029E-01  -0.9380924E-08
   0.3490481E-01  -0.1082933E-07
