        4.80        3.90
NULL
$r$
radial profile
0 0 0
0
   0.1100000E+31  -0.1100000E+31    5
   0.1100000E+31  -0.1100000E+31    5
    0
CURVE
      71
NULL
black_solid
NULL
    0.000000       0.3646024E-06
   0.4986402E-03   0.3441714E-06
   0.9972804E-03   0.4098489E-06
   0.1495921E-02   0.4678374E-06
   0.1994561E-02   0.4700409E-06
   0.2493201E-02   0.4436770E-06
   0.2991841E-02   0.4023872E-06
   0.3490481E-02   0.3793785E-06
   0.3989121E-02   0.3774305E-06
   0.4487762E-02   0.3684268E-06
   0.4986402E-02   0.3502973E-06
   0.5485042E-02   0.3417086E-06
   0.5983682E-02   0.3372352E-06
   0.6482322E-02   0.3404905E-06
   0.6980963E-02   0.3343810E-06
   0.7479603E-02   0.3228245E-06
   0.7978243E-02   0.3208793E-06
   0.8476883E-02   0.3218519E-06
   0.8975524E-02   0.3183979E-06
   0.9474164E-02   0.3194353E-06
   0.9972803E-02   0.3190241E-06
   0.1047144E-01   0.3118262E-06
   0.1097008E-01   0.3130609E-06
   0.1146872E-01   0.3144835E-06
   0.1196736E-01   0.3132350E-06
   0.1246601E-01   0.3137019E-06
   0.1296464E-01   0.3140435E-06
   0.1346328E-01   0.3094485E-06
   0.1396193E-01   0.3116486E-06
   0.1446057E-01   0.3148293E-06
   0.1495921E-01   0.3135440E-06
   0.1545785E-01   0.3066054E-06
   0.1595649E-01   0.3025585E-06
   0.1645513E-01   0.3025660E-06
   0.1695377E-01   0.3025650E-06
   0.1745241E-01   0.3067997E-06
   0.1795105E-01   0.3138098E-06
   0.1844969E-01   0.3154681E-06
   0.1894833E-01   0.3141217E-06
   0.1944697E-01   0.3123592E-06
   0.1994561E-01   0.3083853E-06
   0.2044425E-01   0.3050385E-06
   0.2094289E-01   0.3040652E-06
   0.2144153E-01   0.3043257E-06
   0.2194017E-01   0.3047992E-06
   0.2243881E-01   0.3045001E-06
   0.2293745E-01   0.3031175E-06
   0.2343609E-01   0.3033047E-06
   0.2393473E-01   0.3020710E-06
   0.2443337E-01   0.3028027E-06
   0.2493201E-01   0.3019445E-06
   0.2543065E-01   0.3002502E-06
   0.2592929E-01   0.3030874E-06
   0.2642793E-01   0.3025958E-06
   0.2692657E-01   0.3010686E-06
   0.2742521E-01   0.3023163E-06
   0.2792385E-01   0.3015509E-06
   0.2842249E-01   0.2988541E-06
   0.2892113E-01   0.2939938E-06
   0.2941977E-01   0.2928033E-06
   0.2991841E-01   0.2949534E-06
   0.3041705E-01   0.2977958E-06
   0.3091569E-01   0.2973069E-06
   0.3141433E-01   0.2947093E-06
   0.3191297E-01   0.2963031E-06
   0.3241161E-01   0.2979877E-06
   0.3291025E-01   0.2977615E-06
   0.3340889E-01   0.2945638E-06
   0.3390753E-01   0.2959645E-06
   0.3440617E-01   0.2978609E-06
   0.3490481E-01   0.2971867E-06
