        4.80        3.90
NULL
$r$
radial profile
0 0 0
0
   0.1100000E+31  -0.1100000E+31    5
   0.1100000E+31  -0.1100000E+31    5
    0
CURVE
     201
NULL
black_solid
NULL
    0.000000        0.000000    
   0.1745241E-03   0.7605008E-08
   0.3490481E-03  -0.8863822E-08
   0.5235722E-03   0.1732340E-08
   0.6980962E-03   0.3375358E-08
   0.8726203E-03  -0.4444898E-09
   0.1047144E-02   0.7076488E-09
   0.1221668E-02   0.2970585E-08
   0.1396192E-02   0.2022195E-09
   0.1570717E-02  -0.1833457E-08
   0.1745241E-02  -0.1517856E-08
   0.1919765E-02  -0.1722219E-09
   0.2094289E-02  -0.1281295E-08
   0.2268813E-02  -0.2376638E-08
   0.2443337E-02  -0.1928673E-08
   0.2617861E-02  -0.1473614E-08
   0.2792385E-02  -0.3197469E-08
   0.2966909E-02  -0.2849944E-08
   0.3141433E-02  -0.2281396E-08
   0.3315957E-02  -0.3047769E-08
   0.3490481E-02  -0.2945497E-08
   0.3665005E-02  -0.2859480E-08
   0.3839529E-02  -0.2635824E-08
   0.4014053E-02  -0.2129318E-08
   0.4188578E-02  -0.1838961E-08
   0.4363101E-02  -0.1138255E-08
   0.4537626E-02  -0.4891829E-09
   0.4712150E-02   0.1487321E-09
   0.4886674E-02   0.9249204E-09
   0.5061198E-02   0.1529252E-08
   0.5235722E-02   0.2401765E-08
   0.5410246E-02   0.3170477E-08
   0.5584770E-02   0.3522040E-08
   0.5759294E-02   0.4037958E-08
   0.5933818E-02   0.4420745E-08
   0.6108342E-02   0.4534098E-08
   0.6282866E-02   0.4566145E-08
   0.6457390E-02   0.4675174E-08
   0.6631915E-02   0.4683358E-08
   0.6806438E-02   0.4300425E-08
   0.6980963E-02   0.4163291E-08
   0.7155487E-02   0.3945700E-08
   0.7330011E-02   0.3536187E-08
   0.7504535E-02   0.3246347E-08
   0.7679059E-02   0.3085600E-08
   0.7853583E-02   0.2810762E-08
   0.8028107E-02   0.2561974E-08
   0.8202631E-02   0.2491879E-08
   0.8377155E-02   0.2350468E-08
   0.8551680E-02   0.2297679E-08
   0.8726203E-02   0.2169314E-08
   0.8900727E-02   0.1978973E-08
   0.9075251E-02   0.1999076E-08
   0.9249776E-02   0.1957916E-08
   0.9424300E-02   0.1973432E-08
   0.9598823E-02   0.1994535E-08
   0.9773348E-02   0.1921057E-08
   0.9947872E-02   0.1903067E-08
   0.1012240E-01   0.1825762E-08
   0.1029692E-01   0.1684892E-08
   0.1047144E-01   0.1424657E-08
   0.1064597E-01   0.1253568E-08
   0.1082049E-01   0.9931962E-09
   0.1099502E-01   0.7441511E-09
   0.1116954E-01   0.3924509E-09
   0.1134406E-01   0.1243634E-09
   0.1151859E-01  -0.1864820E-09
   0.1169311E-01  -0.5779268E-09
   0.1186764E-01  -0.8335851E-09
   0.1204216E-01  -0.1140827E-08
   0.1221668E-01  -0.1250517E-08
   0.1239121E-01  -0.1489506E-08
   0.1256573E-01  -0.1583753E-08
   0.1274026E-01  -0.1525044E-08
   0.1291478E-01  -0.1493523E-08
   0.1308930E-01  -0.1413093E-08
   0.1326383E-01  -0.1272536E-08
   0.1343835E-01  -0.1132170E-08
   0.1361288E-01  -0.9165512E-09
   0.1378740E-01  -0.8638126E-09
   0.1396193E-01  -0.7490750E-09
   0.1413645E-01  -0.6287996E-09
   0.1431097E-01  -0.6775687E-09
   0.1448550E-01  -0.7602495E-09
   0.1466002E-01  -0.8030621E-09
   0.1483455E-01  -0.1042178E-08
   0.1500907E-01  -0.1161894E-08
   0.1518359E-01  -0.1315637E-08
   0.1535812E-01  -0.1407905E-08
   0.1553264E-01  -0.1520655E-08
   0.1570717E-01  -0.1610922E-08
   0.1588169E-01  -0.1522722E-08
   0.1605621E-01  -0.1426217E-08
   0.1623074E-01  -0.1366769E-08
   0.1640526E-01  -0.1192210E-08
   0.1657979E-01  -0.8725193E-09
   0.1675431E-01  -0.6876125E-09
   0.1692883E-01  -0.4096500E-09
   0.1710336E-01  -0.8361426E-10
   0.1727788E-01   0.1922595E-09
   0.1745241E-01   0.4618832E-09
   0.1762693E-01   0.6966839E-09
   0.1780145E-01   0.9370228E-09
   0.1797598E-01   0.1183952E-08
   0.1815050E-01   0.1326687E-08
   0.1832503E-01   0.1459938E-08
   0.1849955E-01   0.1546147E-08
   0.1867408E-01   0.1665388E-08
   0.1884860E-01   0.1697971E-08
   0.1902312E-01   0.1690062E-08
   0.1919765E-01   0.1680155E-08
   0.1937217E-01   0.1639995E-08
   0.1954670E-01   0.1594382E-08
   0.1972122E-01   0.1440187E-08
   0.1989574E-01   0.1285601E-08
   0.2007027E-01   0.1270326E-08
   0.2024479E-01   0.1133475E-08
   0.2041932E-01   0.9534479E-09
   0.2059384E-01   0.9291941E-09
   0.2076836E-01   0.9488135E-09
   0.2094289E-01   0.9411955E-09
   0.2111741E-01   0.9709568E-09
   0.2129194E-01   0.1094330E-08
   0.2146646E-01   0.1178257E-08
   0.2164098E-01   0.1388439E-08
   0.2181551E-01   0.1529352E-08
   0.2199003E-01   0.1612509E-08
   0.2216456E-01   0.1823094E-08
   0.2233908E-01   0.1896379E-08
   0.2251360E-01   0.1879327E-08
   0.2268813E-01   0.1985055E-08
   0.2286265E-01   0.2042385E-08
   0.2303718E-01   0.1828272E-08
   0.2321170E-01   0.1701230E-08
   0.2338623E-01   0.1530816E-08
   0.2356075E-01   0.1246907E-08
   0.2373527E-01   0.1073019E-08
   0.2390980E-01   0.8869074E-09
   0.2408432E-01   0.7461623E-09
   0.2425884E-01   0.6219282E-09
   0.2443337E-01   0.4968896E-09
   0.2460789E-01   0.5261831E-09
   0.2478242E-01   0.5857833E-09
   0.2495694E-01   0.7422160E-09
   0.2513147E-01   0.8819273E-09
   0.2530599E-01   0.1039097E-08
   0.2548051E-01   0.1313011E-08
   0.2565504E-01   0.1548183E-08
   0.2582956E-01   0.1698693E-08
   0.2600409E-01   0.1857317E-08
   0.2617861E-01   0.1939197E-08
   0.2635313E-01   0.1971763E-08
   0.2652766E-01   0.1922331E-08
   0.2670218E-01   0.1806854E-08
   0.2687671E-01   0.1668203E-08
   0.2705123E-01   0.1478462E-08
   0.2722575E-01   0.1144554E-08
   0.2740028E-01   0.9271879E-09
   0.2757480E-01   0.6708111E-09
   0.2774933E-01   0.2889246E-09
   0.2792385E-01   0.8392030E-10
   0.2809837E-01  -0.4267657E-10
   0.2827290E-01  -0.2411811E-09
   0.2844742E-01  -0.3991730E-09
   0.2862195E-01  -0.3918037E-09
   0.2879647E-01  -0.5243685E-09
   0.2897099E-01  -0.5897618E-09
   0.2914552E-01  -0.5749937E-09
   0.2932004E-01  -0.6137071E-09
   0.2949457E-01  -0.6287232E-09
   0.2966909E-01  -0.6583447E-09
   0.2984362E-01  -0.7047575E-09
   0.3001814E-01  -0.7444794E-09
   0.3019266E-01  -0.7986948E-09
   0.3036719E-01  -0.9241891E-09
   0.3054171E-01  -0.9517951E-09
   0.3071623E-01  -0.1050722E-08
   0.3089076E-01  -0.1102610E-08
   0.3106528E-01  -0.1112171E-08
   0.3123981E-01  -0.1179071E-08
   0.3141433E-01  -0.1176883E-08
   0.3158886E-01  -0.1129220E-08
   0.3176338E-01  -0.1100379E-08
   0.3193790E-01  -0.1029203E-08
   0.3211243E-01  -0.9808531E-09
   0.3228695E-01  -0.8508246E-09
   0.3246148E-01  -0.9229343E-09
   0.3263600E-01  -0.8765493E-09
   0.3281052E-01  -0.8591765E-09
   0.3298505E-01  -0.8381844E-09
   0.3315957E-01  -0.8741516E-09
   0.3333410E-01  -0.9450242E-09
   0.3350862E-01  -0.1066004E-08
   0.3368314E-01  -0.1077982E-08
   0.3385767E-01  -0.1208578E-08
   0.3403219E-01  -0.1258922E-08
   0.3420672E-01  -0.1262755E-08
   0.3438124E-01  -0.1337830E-08
   0.3455576E-01  -0.1309198E-08
   0.3473029E-01  -0.1259220E-08
   0.3490481E-01  -0.1220558E-08
