        4.80        3.90
NULL
$r$
radial profile
0 0 0
0
   0.1100000E+31  -0.1100000E+31    5
   0.1100000E+31  -0.1100000E+31    5
    0
CURVE
     201
NULL
black_solid
NULL
    0.000000       0.7993900E-06
   0.1745241E-03   0.7958733E-06
   0.3490481E-03   0.7622529E-06
   0.5235722E-03   0.7456026E-06
   0.6980962E-03   0.7240097E-06
   0.8726203E-03   0.6766126E-06
   0.1047144E-02   0.6306274E-06
   0.1221668E-02   0.5910508E-06
   0.1396192E-02   0.5384052E-06
   0.1570717E-02   0.4877388E-06
   0.1745241E-02   0.4385354E-06
   0.1919765E-02   0.3910003E-06
   0.2094289E-02   0.3488780E-06
   0.2268813E-02   0.3050191E-06
   0.2443337E-02   0.2679950E-06
   0.2617861E-02   0.2381124E-06
   0.2792385E-02   0.2072194E-06
   0.2966909E-02   0.1823708E-06
   0.3141433E-02   0.1632054E-06
   0.3315957E-02   0.1442400E-06
   0.3490481E-02   0.1291452E-06
   0.3665005E-02   0.1177469E-06
   0.3839529E-02   0.1066444E-06
   0.4014053E-02   0.9782806E-07
   0.4188578E-02   0.9060354E-07
   0.4363101E-02   0.8412109E-07
   0.4537626E-02   0.7869711E-07
   0.4712150E-02   0.7382865E-07
   0.4886674E-02   0.6959285E-07
   0.5061198E-02   0.6602108E-07
   0.5235722E-02   0.6274939E-07
   0.5410246E-02   0.5979594E-07
   0.5584770E-02   0.5739500E-07
   0.5759294E-02   0.5509287E-07
   0.5933818E-02   0.5275402E-07
   0.6108342E-02   0.5115568E-07
   0.6282866E-02   0.4940961E-07
   0.6457390E-02   0.4760860E-07
   0.6631915E-02   0.4644088E-07
   0.6806438E-02   0.4505977E-07
   0.6980963E-02   0.4393274E-07
   0.7155487E-02   0.4274109E-07
   0.7330011E-02   0.4199289E-07
   0.7504535E-02   0.4118899E-07
   0.7679059E-02   0.4024984E-07
   0.7853583E-02   0.3967968E-07
   0.8028107E-02   0.3916787E-07
   0.8202631E-02   0.3856348E-07
   0.8377155E-02   0.3794714E-07
   0.8551680E-02   0.3750474E-07
   0.8726203E-02   0.3720402E-07
   0.8900727E-02   0.3670558E-07
   0.9075251E-02   0.3611346E-07
   0.9249776E-02   0.3569624E-07
   0.9424300E-02   0.3529394E-07
   0.9598823E-02   0.3463049E-07
   0.9773348E-02   0.3420582E-07
   0.9947872E-02   0.3358167E-07
   0.1012240E-01   0.3325732E-07
   0.1029692E-01   0.3247694E-07
   0.1047144E-01   0.3190675E-07
   0.1064597E-01   0.3122089E-07
   0.1082049E-01   0.3038386E-07
   0.1099502E-01   0.2974079E-07
   0.1116954E-01   0.2879419E-07
   0.1134406E-01   0.2793151E-07
   0.1151859E-01   0.2704990E-07
   0.1169311E-01   0.2619706E-07
   0.1186764E-01   0.2538029E-07
   0.1204216E-01   0.2461877E-07
   0.1221668E-01   0.2396832E-07
   0.1239121E-01   0.2337986E-07
   0.1256573E-01   0.2292690E-07
   0.1274026E-01   0.2254577E-07
   0.1291478E-01   0.2230027E-07
   0.1308930E-01   0.2213514E-07
   0.1326383E-01   0.2197384E-07
   0.1343835E-01   0.2181376E-07
   0.1361288E-01   0.2179243E-07
   0.1378740E-01   0.2171845E-07
   0.1396193E-01   0.2152585E-07
   0.1413645E-01   0.2150645E-07
   0.1431097E-01   0.2135955E-07
   0.1448550E-01   0.2116561E-07
   0.1466002E-01   0.2087184E-07
   0.1483455E-01   0.2066000E-07
   0.1500907E-01   0.2029914E-07
   0.1518359E-01   0.1991923E-07
   0.1535812E-01   0.1962425E-07
   0.1553264E-01   0.1927566E-07
   0.1570717E-01   0.1892774E-07
   0.1588169E-01   0.1863393E-07
   0.1605621E-01   0.1818353E-07
   0.1623074E-01   0.1789021E-07
   0.1640526E-01   0.1756925E-07
   0.1657979E-01   0.1722400E-07
   0.1675431E-01   0.1691636E-07
   0.1692883E-01   0.1650595E-07
   0.1710336E-01   0.1644164E-07
   0.1727788E-01   0.1614690E-07
   0.1745241E-01   0.1595861E-07
   0.1762693E-01   0.1588416E-07
   0.1780145E-01   0.1579923E-07
   0.1797598E-01   0.1582714E-07
   0.1815050E-01   0.1581444E-07
   0.1832503E-01   0.1607466E-07
   0.1849955E-01   0.1616276E-07
   0.1867408E-01   0.1634780E-07
   0.1884860E-01   0.1662619E-07
   0.1902312E-01   0.1670509E-07
   0.1919765E-01   0.1703383E-07
   0.1937217E-01   0.1709254E-07
   0.1954670E-01   0.1729150E-07
   0.1972122E-01   0.1746444E-07
   0.1989574E-01   0.1738719E-07
   0.2007027E-01   0.1751662E-07
   0.2024479E-01   0.1740875E-07
   0.2041932E-01   0.1734098E-07
   0.2059384E-01   0.1712321E-07
   0.2076836E-01   0.1686934E-07
   0.2094289E-01   0.1676479E-07
   0.2111741E-01   0.1633640E-07
   0.2129194E-01   0.1601683E-07
   0.2146646E-01   0.1567288E-07
   0.2164098E-01   0.1534071E-07
   0.2181551E-01   0.1493491E-07
   0.2199003E-01   0.1446200E-07
   0.2216456E-01   0.1425532E-07
   0.2233908E-01   0.1392707E-07
   0.2251360E-01   0.1367138E-07
   0.2268813E-01   0.1341803E-07
   0.2286265E-01   0.1321002E-07
   0.2303718E-01   0.1314218E-07
   0.2321170E-01   0.1287428E-07
   0.2338623E-01   0.1285466E-07
   0.2356075E-01   0.1263698E-07
   0.2373527E-01   0.1255542E-07
   0.2390980E-01   0.1243612E-07
   0.2408432E-01   0.1225824E-07
   0.2425884E-01   0.1212284E-07
   0.2443337E-01   0.1198541E-07
   0.2460789E-01   0.1181294E-07
   0.2478242E-01   0.1152880E-07
   0.2495694E-01   0.1137821E-07
   0.2513147E-01   0.1107476E-07
   0.2530599E-01   0.1078401E-07
   0.2548051E-01   0.1067587E-07
   0.2565504E-01   0.1040011E-07
   0.2582956E-01   0.1026439E-07
   0.2600409E-01   0.1019285E-07
   0.2617861E-01   0.9998838E-08
   0.2635313E-01   0.1000422E-07
   0.2652766E-01   0.1002611E-07
   0.2670218E-01   0.1002243E-07
   0.2687671E-01   0.1005109E-07
   0.2705123E-01   0.1009517E-07
   0.2722575E-01   0.1027195E-07
   0.2740028E-01   0.1025481E-07
   0.2757480E-01   0.1047138E-07
   0.2774933E-01   0.1052665E-07
   0.2792385E-01   0.1047071E-07
   0.2809837E-01   0.1057368E-07
   0.2827290E-01   0.1047463E-07
   0.2844742E-01   0.1035686E-07
   0.2862195E-01   0.1026967E-07
   0.2879647E-01   0.1023489E-07
   0.2897099E-01   0.9995095E-08
   0.2914552E-01   0.9894409E-08
   0.2932004E-01   0.9877415E-08
   0.2949457E-01   0.9573927E-08
   0.2966909E-01   0.9577647E-08
   0.2984362E-01   0.9573796E-08
   0.3001814E-01   0.9426576E-08
   0.3019266E-01   0.9488922E-08
   0.3036719E-01   0.9494138E-08
   0.3054171E-01   0.9520762E-08
   0.3071623E-01   0.9490003E-08
   0.3089076E-01   0.9468908E-08
   0.3106528E-01   0.9429427E-08
   0.3123981E-01   0.9355674E-08
   0.3141433E-01   0.9296753E-08
   0.3158886E-01   0.9100474E-08
   0.3176338E-01   0.9034705E-08
   0.3193790E-01   0.8879242E-08
   0.3211243E-01   0.8685562E-08
   0.3228695E-01   0.8561162E-08
   0.3246148E-01   0.8559081E-08
   0.3263600E-01   0.8430761E-08
   0.3281052E-01   0.8511661E-08
   0.3298505E-01   0.8577675E-08
   0.3315957E-01   0.8669878E-08
   0.3333410E-01   0.8854348E-08
   0.3350862E-01   0.9115364E-08
   0.3368314E-01   0.9262160E-08
   0.3385767E-01   0.9466187E-08
   0.3403219E-01   0.9657292E-08
   0.3420672E-01   0.9829515E-08
   0.3438124E-01   0.9947027E-08
   0.3455576E-01   0.1000371E-07
   0.3473029E-01   0.1019829E-07
   0.3490481E-01   0.1024384E-07
