        4.80        3.90
NULL
$r$
radial profile
0 0 0
0
   0.1100000E+31  -0.1100000E+31    5
   0.1100000E+31  -0.1100000E+31    5
    0
CURVE
     201
NULL
black_solid
NULL
    0.000000        0.000000    
   0.1745241E-03   0.7530297E-08
   0.3490481E-03  -0.8820220E-08
   0.5235722E-03   0.1615787E-08
   0.6980962E-03   0.3417644E-08
   0.8726203E-03   0.3122762E-09
   0.1047144E-02   0.1129637E-08
   0.1221668E-02   0.3705584E-08
   0.1396192E-02   0.1745810E-08
   0.1570717E-02   0.4499670E-09
   0.1745241E-02   0.8113690E-09
   0.1919765E-02   0.3098105E-08
   0.2094289E-02   0.3569474E-08
   0.2268813E-02   0.3076627E-08
   0.2443337E-02   0.4444290E-08
   0.2617861E-02   0.6006146E-08
   0.2792385E-02   0.5749472E-08
   0.2966909E-02   0.6804061E-08
   0.3141433E-02   0.8216619E-08
   0.3315957E-02   0.8469578E-08
   0.3490481E-02   0.9112855E-08
   0.3665005E-02   0.9627923E-08
   0.3839529E-02   0.9983464E-08
   0.4014053E-02   0.1074189E-07
   0.4188578E-02   0.1107424E-07
   0.4363101E-02   0.1152148E-07
   0.4537626E-02   0.1191876E-07
   0.4712150E-02   0.1230090E-07
   0.4886674E-02   0.1253165E-07
   0.5061198E-02   0.1285404E-07
   0.5235722E-02   0.1316751E-07
   0.5410246E-02   0.1328642E-07
   0.5584770E-02   0.1334076E-07
   0.5759294E-02   0.1334649E-07
   0.5933818E-02   0.1355938E-07
   0.6108342E-02   0.1361097E-07
   0.6282866E-02   0.1372381E-07
   0.6457390E-02   0.1366950E-07
   0.6631915E-02   0.1390363E-07
   0.6806438E-02   0.1400319E-07
   0.6980963E-02   0.1412147E-07
   0.7155487E-02   0.1436741E-07
   0.7330011E-02   0.1459025E-07
   0.7504535E-02   0.1476966E-07
   0.7679059E-02   0.1482177E-07
   0.7853583E-02   0.1495421E-07
   0.8028107E-02   0.1487475E-07
   0.8202631E-02   0.1496941E-07
   0.8377155E-02   0.1459302E-07
   0.8551680E-02   0.1419152E-07
   0.8726203E-02   0.1395436E-07
   0.8900727E-02   0.1345887E-07
   0.9075251E-02   0.1288749E-07
   0.9249776E-02   0.1244000E-07
   0.9424300E-02   0.1188465E-07
   0.9598823E-02   0.1140980E-07
   0.9773348E-02   0.1096332E-07
   0.9947872E-02   0.1080516E-07
   0.1012240E-01   0.1046323E-07
   0.1029692E-01   0.1045511E-07
   0.1047144E-01   0.1031697E-07
   0.1064597E-01   0.1028897E-07
   0.1082049E-01   0.1043638E-07
   0.1099502E-01   0.1041896E-07
   0.1116954E-01   0.1080574E-07
   0.1134406E-01   0.1094993E-07
   0.1151859E-01   0.1120988E-07
   0.1169311E-01   0.1142183E-07
   0.1186764E-01   0.1164778E-07
   0.1204216E-01   0.1195654E-07
   0.1221668E-01   0.1205749E-07
   0.1239121E-01   0.1230312E-07
   0.1256573E-01   0.1234107E-07
   0.1274026E-01   0.1244633E-07
   0.1291478E-01   0.1248339E-07
   0.1308930E-01   0.1230110E-07
   0.1326383E-01   0.1220237E-07
   0.1343835E-01   0.1180071E-07
   0.1361288E-01   0.1113366E-07
   0.1378740E-01   0.1063167E-07
   0.1396193E-01   0.9966947E-08
   0.1413645E-01   0.9217593E-08
   0.1431097E-01   0.8584772E-08
   0.1448550E-01   0.7845316E-08
   0.1466002E-01   0.7194961E-08
   0.1483455E-01   0.6756765E-08
   0.1500907E-01   0.6435242E-08
   0.1518359E-01   0.5920755E-08
   0.1535812E-01   0.6004690E-08
   0.1553264E-01   0.5888056E-08
   0.1570717E-01   0.5962491E-08
   0.1588169E-01   0.6248321E-08
   0.1605621E-01   0.6396659E-08
   0.1623074E-01   0.6856634E-08
   0.1640526E-01   0.7091212E-08
   0.1657979E-01   0.7416712E-08
   0.1675431E-01   0.7883631E-08
   0.1692883E-01   0.8025243E-08
   0.1710336E-01   0.8342999E-08
   0.1727788E-01   0.8637895E-08
   0.1745241E-01   0.8970960E-08
   0.1762693E-01   0.9136535E-08
   0.1780145E-01   0.9328363E-08
   0.1797598E-01   0.9547030E-08
   0.1815050E-01   0.9916560E-08
   0.1832503E-01   0.9999962E-08
   0.1849955E-01   0.1027301E-07
   0.1867408E-01   0.1057112E-07
   0.1884860E-01   0.1060498E-07
   0.1902312E-01   0.1078100E-07
   0.1919765E-01   0.1084531E-07
   0.1937217E-01   0.1094617E-07
   0.1954670E-01   0.1083669E-07
   0.1972122E-01   0.1072996E-07
   0.1989574E-01   0.1053982E-07
   0.2007027E-01   0.1041682E-07
   0.2024479E-01   0.1014442E-07
   0.2041932E-01   0.9845492E-08
   0.2059384E-01   0.9617254E-08
   0.2076836E-01   0.9274923E-08
   0.2094289E-01   0.8928619E-08
   0.2111741E-01   0.8688165E-08
   0.2129194E-01   0.8276897E-08
   0.2146646E-01   0.8092528E-08
   0.2164098E-01   0.7808191E-08
   0.2181551E-01   0.7606131E-08
   0.2199003E-01   0.7381361E-08
   0.2216456E-01   0.7222847E-08
   0.2233908E-01   0.7041648E-08
   0.2251360E-01   0.6881403E-08
   0.2268813E-01   0.6856846E-08
   0.2286265E-01   0.6644234E-08
   0.2303718E-01   0.6656332E-08
   0.2321170E-01   0.6533823E-08
   0.2338623E-01   0.6496183E-08
   0.2356075E-01   0.6410483E-08
   0.2373527E-01   0.6362453E-08
   0.2390980E-01   0.6349375E-08
   0.2408432E-01   0.6062556E-08
   0.2425884E-01   0.6032362E-08
   0.2443337E-01   0.5949520E-08
   0.2460789E-01   0.5798793E-08
   0.2478242E-01   0.5625426E-08
   0.2495694E-01   0.5553502E-08
   0.2513147E-01   0.5487480E-08
   0.2530599E-01   0.5346895E-08
   0.2548051E-01   0.5250297E-08
   0.2565504E-01   0.5333401E-08
   0.2582956E-01   0.5238164E-08
   0.2600409E-01   0.5331244E-08
   0.2617861E-01   0.5385511E-08
   0.2635313E-01   0.5430238E-08
   0.2652766E-01   0.5628021E-08
   0.2670218E-01   0.5690926E-08
   0.2687671E-01   0.5769873E-08
   0.2705123E-01   0.6020043E-08
   0.2722575E-01   0.6184658E-08
   0.2740028E-01   0.6144474E-08
   0.2757480E-01   0.6333395E-08
   0.2774933E-01   0.6316551E-08
   0.2792385E-01   0.6327763E-08
   0.2809837E-01   0.6311109E-08
   0.2827290E-01   0.6253350E-08
   0.2844742E-01   0.6258114E-08
   0.2862195E-01   0.6161269E-08
   0.2879647E-01   0.6097785E-08
   0.2897099E-01   0.6094531E-08
   0.2914552E-01   0.6007329E-08
   0.2932004E-01   0.6034037E-08
   0.2949457E-01   0.5959580E-08
   0.2966909E-01   0.6043037E-08
   0.2984362E-01   0.6099111E-08
   0.3001814E-01   0.6122482E-08
   0.3019266E-01   0.6219822E-08
   0.3036719E-01   0.6208147E-08
   0.3054171E-01   0.6330577E-08
   0.3071623E-01   0.6472953E-08
   0.3089076E-01   0.6458010E-08
   0.3106528E-01   0.6555729E-08
   0.3123981E-01   0.6599451E-08
   0.3141433E-01   0.6621646E-08
   0.3158886E-01   0.6721850E-08
   0.3176338E-01   0.6632601E-08
   0.3193790E-01   0.6557620E-08
   0.3211243E-01   0.6495439E-08
   0.3228695E-01   0.6311373E-08
   0.3246148E-01   0.6151092E-08
   0.3263600E-01   0.5911031E-08
   0.3281052E-01   0.5682351E-08
   0.3298505E-01   0.5467714E-08
   0.3315957E-01   0.5147601E-08
   0.3333410E-01   0.4999105E-08
   0.3350862E-01   0.4759195E-08
   0.3368314E-01   0.4547463E-08
   0.3385767E-01   0.4419334E-08
   0.3403219E-01   0.4281905E-08
   0.3420672E-01   0.4228260E-08
   0.3438124E-01   0.4170926E-08
   0.3455576E-01   0.4140889E-08
   0.3473029E-01   0.4247954E-08
   0.3490481E-01   0.4380197E-08
