   0.00000E+00   0.00000E+00
   0.17452E-03   0.74961E-08
   0.34905E-03  -0.87906E-08
   0.52357E-03   0.17173E-08
   0.69810E-03   0.35490E-08
   0.87262E-03   0.12074E-09
   0.10471E-02   0.95578E-09
   0.12217E-02   0.37269E-08
   0.13962E-02   0.16267E-08
   0.15707E-02   0.25441E-09
   0.17452E-02   0.54967E-09
   0.19198E-02   0.28631E-08
   0.20943E-02   0.33443E-08
   0.22688E-02   0.26892E-08
   0.24433E-02   0.40293E-08
   0.26179E-02   0.54849E-08
   0.27924E-02   0.51753E-08
   0.29669E-02   0.61465E-08
   0.31414E-02   0.75002E-08
   0.33160E-02   0.78472E-08
   0.34905E-02   0.84058E-08
   0.36650E-02   0.89618E-08
   0.38395E-02   0.93700E-08
   0.40141E-02   0.10238E-07
   0.41886E-02   0.10736E-07
   0.43631E-02   0.11389E-07
   0.45376E-02   0.11882E-07
   0.47121E-02   0.12492E-07
   0.48867E-02   0.12951E-07
   0.50612E-02   0.13322E-07
   0.52357E-02   0.13798E-07
   0.54102E-02   0.14073E-07
   0.55848E-02   0.14177E-07
   0.57593E-02   0.14237E-07
   0.59338E-02   0.14467E-07
   0.61083E-02   0.14534E-07
   0.62829E-02   0.14687E-07
   0.64574E-02   0.14575E-07
   0.66319E-02   0.14835E-07
   0.68064E-02   0.14953E-07
   0.69810E-02   0.15081E-07
   0.71555E-02   0.15296E-07
   0.73300E-02   0.15631E-07
   0.75045E-02   0.15843E-07
   0.76791E-02   0.15975E-07
   0.78536E-02   0.16122E-07
   0.80281E-02   0.16100E-07
   0.82026E-02   0.16272E-07
   0.83772E-02   0.15838E-07
   0.85517E-02   0.15481E-07
   0.87262E-02   0.15239E-07
   0.89007E-02   0.14647E-07
   0.90753E-02   0.14064E-07
   0.92498E-02   0.13515E-07
   0.94243E-02   0.12890E-07
   0.95988E-02   0.12318E-07
   0.97733E-02   0.11752E-07
   0.99479E-02   0.11580E-07
   0.10122E-01   0.11150E-07
   0.10297E-01   0.11110E-07
   0.10471E-01   0.10963E-07
   0.10646E-01   0.10905E-07
   0.10820E-01   0.11106E-07
   0.10995E-01   0.11070E-07
   0.11170E-01   0.11460E-07
   0.11344E-01   0.11647E-07
   0.11519E-01   0.11883E-07
   0.11693E-01   0.12072E-07
   0.11868E-01   0.12234E-07
   0.12042E-01   0.12505E-07
   0.12217E-01   0.12473E-07
   0.12391E-01   0.12631E-07
   0.12566E-01   0.12584E-07
   0.12740E-01   0.12501E-07
   0.12915E-01   0.12419E-07
   0.13089E-01   0.12173E-07
   0.13264E-01   0.11929E-07
   0.13438E-01   0.11413E-07
   0.13613E-01   0.10750E-07
   0.13787E-01   0.10220E-07
   0.13962E-01   0.95493E-08
   0.14136E-01   0.88286E-08
   0.14311E-01   0.82221E-08
   0.14485E-01   0.75508E-08
   0.14660E-01   0.69165E-08
   0.14835E-01   0.65070E-08
   0.15009E-01   0.62229E-08
   0.15184E-01   0.57590E-08
   0.15358E-01   0.58273E-08
   0.15533E-01   0.56535E-08
   0.15707E-01   0.56746E-08
   0.15882E-01   0.58882E-08
   0.16056E-01   0.59398E-08
   0.16231E-01   0.62506E-08
   0.16405E-01   0.63596E-08
   0.16580E-01   0.65416E-08
   0.16754E-01   0.68785E-08
   0.16929E-01   0.69180E-08
   0.17103E-01   0.71171E-08
   0.17278E-01   0.73684E-08
   0.17452E-01   0.76402E-08
   0.17627E-01   0.77741E-08
   0.17801E-01   0.79527E-08
   0.17976E-01   0.81929E-08
   0.18151E-01   0.86023E-08
   0.18325E-01   0.87258E-08
   0.18500E-01   0.90445E-08
   0.18674E-01   0.93951E-08
   0.18849E-01   0.94537E-08
   0.19023E-01   0.96802E-08
   0.19198E-01   0.98373E-08
   0.19372E-01   0.99578E-08
   0.19547E-01   0.98910E-08
   0.19721E-01   0.98450E-08
   0.19896E-01   0.96917E-08
   0.20070E-01   0.96088E-08
   0.20245E-01   0.93950E-08
   0.20419E-01   0.91401E-08
   0.20594E-01   0.89213E-08
   0.20768E-01   0.86799E-08
   0.20943E-01   0.83443E-08
   0.21117E-01   0.81321E-08
   0.21292E-01   0.77692E-08
   0.21466E-01   0.76043E-08
   0.21641E-01   0.73268E-08
   0.21816E-01   0.71157E-08
   0.21990E-01   0.68677E-08
   0.22165E-01   0.66815E-08
   0.22339E-01   0.64884E-08
   0.22514E-01   0.63037E-08
   0.22688E-01   0.62439E-08
   0.22863E-01   0.60435E-08
   0.23037E-01   0.60891E-08
   0.23212E-01   0.59986E-08
   0.23386E-01   0.59848E-08
   0.23561E-01   0.59901E-08
   0.23735E-01   0.60201E-08
   0.23910E-01   0.60844E-08
   0.24084E-01   0.59477E-08
   0.24259E-01   0.60294E-08
   0.24433E-01   0.60625E-08
   0.24608E-01   0.60531E-08
   0.24782E-01   0.59788E-08
   0.24957E-01   0.59981E-08
   0.25131E-01   0.60261E-08
   0.25306E-01   0.59436E-08
   0.25481E-01   0.58563E-08
   0.25655E-01   0.60100E-08
   0.25830E-01   0.58780E-08
   0.26004E-01   0.59540E-08
   0.26179E-01   0.60048E-08
   0.26353E-01   0.59885E-08
   0.26528E-01   0.61277E-08
   0.26702E-01   0.61599E-08
   0.26877E-01   0.61754E-08
   0.27051E-01   0.63696E-08
   0.27226E-01   0.64940E-08
   0.27400E-01   0.63791E-08
   0.27575E-01   0.65022E-08
   0.27749E-01   0.64210E-08
   0.27924E-01   0.63822E-08
   0.28098E-01   0.63042E-08
   0.28273E-01   0.62119E-08
   0.28447E-01   0.61991E-08
   0.28622E-01   0.60825E-08
   0.28796E-01   0.59814E-08
   0.28971E-01   0.59728E-08
   0.29146E-01   0.58579E-08
   0.29320E-01   0.59103E-08
   0.29495E-01   0.58124E-08
   0.29669E-01   0.59212E-08
   0.29844E-01   0.60114E-08
   0.30018E-01   0.60488E-08
   0.30193E-01   0.61592E-08
   0.30367E-01   0.61541E-08
   0.30542E-01   0.62893E-08
   0.30716E-01   0.64218E-08
   0.30891E-01   0.64364E-08
   0.31065E-01   0.65259E-08
   0.31240E-01   0.65747E-08
   0.31414E-01   0.65942E-08
   0.31589E-01   0.66906E-08
   0.31763E-01   0.66386E-08
   0.31938E-01   0.65785E-08
   0.32112E-01   0.65286E-08
   0.32287E-01   0.63550E-08
   0.32461E-01   0.61960E-08
   0.32636E-01   0.59368E-08
   0.32811E-01   0.56731E-08
   0.32985E-01   0.54334E-08
   0.33160E-01   0.50945E-08
   0.33334E-01   0.48251E-08
   0.33509E-01   0.45191E-08
   0.33683E-01   0.41909E-08
   0.33858E-01   0.39539E-08
   0.34032E-01   0.37008E-08
   0.34207E-01   0.35181E-08
   0.34381E-01   0.33502E-08
   0.34556E-01   0.31691E-08
   0.34730E-01   0.32102E-08
   0.34905E-01   0.32465E-08
