        4.80        3.90
NULL
$r$
radial profile
0 0 0
0
   0.1100000E+31  -0.1100000E+31    5
   0.1100000E+31  -0.1100000E+31    5
    0
CURVE
     201
NULL
black_solid
NULL
    0.000000        0.000000    
   0.1745241E-03   0.7385320E-08
   0.3490481E-03  -0.8624397E-08
   0.5235722E-03   0.1826665E-08
   0.6980962E-03   0.3244011E-08
   0.8726203E-03   0.6147247E-10
   0.1047144E-02   0.1040650E-08
   0.1221668E-02   0.3835064E-08
   0.1396192E-02   0.1974593E-08
   0.1570717E-02   0.6607737E-09
   0.1745241E-02   0.1258532E-08
   0.1919765E-02   0.4076694E-08
   0.2094289E-02   0.4583863E-08
   0.2268813E-02   0.4079037E-08
   0.2443337E-02   0.5920614E-08
   0.2617861E-02   0.7730460E-08
   0.2792385E-02   0.7598020E-08
   0.2966909E-02   0.8882997E-08
   0.3141433E-02   0.1047661E-07
   0.3315957E-02   0.1076404E-07
   0.3490481E-02   0.1135333E-07
   0.3665005E-02   0.1212477E-07
   0.3839529E-02   0.1244830E-07
   0.4014053E-02   0.1310372E-07
   0.4188578E-02   0.1362327E-07
   0.4363101E-02   0.1420558E-07
   0.4537626E-02   0.1452597E-07
   0.4712150E-02   0.1486981E-07
   0.4886674E-02   0.1530705E-07
   0.5061198E-02   0.1552249E-07
   0.5235722E-02   0.1571638E-07
   0.5410246E-02   0.1593102E-07
   0.5584770E-02   0.1602897E-07
   0.5759294E-02   0.1586001E-07
   0.5933818E-02   0.1615588E-07
   0.6108342E-02   0.1616150E-07
   0.6282866E-02   0.1601945E-07
   0.6457390E-02   0.1602025E-07
   0.6631915E-02   0.1615583E-07
   0.6806438E-02   0.1616871E-07
   0.6980963E-02   0.1644613E-07
   0.7155487E-02   0.1643192E-07
   0.7330011E-02   0.1684346E-07
   0.7504535E-02   0.1704686E-07
   0.7679059E-02   0.1726072E-07
   0.7853583E-02   0.1750288E-07
   0.8028107E-02   0.1754726E-07
   0.8202631E-02   0.1772491E-07
   0.8377155E-02   0.1735840E-07
   0.8551680E-02   0.1702170E-07
   0.8726203E-02   0.1671058E-07
   0.8900727E-02   0.1606981E-07
   0.9075251E-02   0.1557010E-07
   0.9249776E-02   0.1497506E-07
   0.9424300E-02   0.1435632E-07
   0.9598823E-02   0.1382365E-07
   0.9773348E-02   0.1352188E-07
   0.9947872E-02   0.1332435E-07
   0.1012240E-01   0.1279025E-07
   0.1029692E-01   0.1293634E-07
   0.1047144E-01   0.1304024E-07
   0.1064597E-01   0.1295370E-07
   0.1082049E-01   0.1326862E-07
   0.1099502E-01   0.1337433E-07
   0.1116954E-01   0.1381492E-07
   0.1134406E-01   0.1400689E-07
   0.1151859E-01   0.1421905E-07
   0.1169311E-01   0.1436211E-07
   0.1186764E-01   0.1453498E-07
   0.1204216E-01   0.1475557E-07
   0.1221668E-01   0.1453051E-07
   0.1239121E-01   0.1456128E-07
   0.1256573E-01   0.1443193E-07
   0.1274026E-01   0.1410032E-07
   0.1291478E-01   0.1409876E-07
   0.1308930E-01   0.1377295E-07
   0.1326383E-01   0.1350163E-07
   0.1343835E-01   0.1308092E-07
   0.1361288E-01   0.1262227E-07
   0.1378740E-01   0.1216803E-07
   0.1396193E-01   0.1152374E-07
   0.1413645E-01   0.1088796E-07
   0.1431097E-01   0.1039970E-07
   0.1448550E-01   0.9751658E-08
   0.1466002E-01   0.9207525E-08
   0.1483455E-01   0.9000060E-08
   0.1500907E-01   0.8767260E-08
   0.1518359E-01   0.8230753E-08
   0.1535812E-01   0.8539451E-08
   0.1553264E-01   0.8431828E-08
   0.1570717E-01   0.8410639E-08
   0.1588169E-01   0.8810607E-08
   0.1605621E-01   0.8903587E-08
   0.1623074E-01   0.9209400E-08
   0.1640526E-01   0.9449655E-08
   0.1657979E-01   0.9624868E-08
   0.1675431E-01   0.1003982E-07
   0.1692883E-01   0.1005925E-07
   0.1710336E-01   0.1035099E-07
   0.1727788E-01   0.1044179E-07
   0.1745241E-01   0.1071584E-07
   0.1762693E-01   0.1080218E-07
   0.1780145E-01   0.1093976E-07
   0.1797598E-01   0.1113943E-07
   0.1815050E-01   0.1145177E-07
   0.1832503E-01   0.1150741E-07
   0.1849955E-01   0.1166704E-07
   0.1867408E-01   0.1172789E-07
   0.1884860E-01   0.1152705E-07
   0.1902312E-01   0.1157402E-07
   0.1919765E-01   0.1124062E-07
   0.1937217E-01   0.1095377E-07
   0.1954670E-01   0.1063590E-07
   0.1972122E-01   0.1015875E-07
   0.1989574E-01   0.9651019E-08
   0.2007027E-01   0.9405893E-08
   0.2024479E-01   0.9060896E-08
   0.2041932E-01   0.8782429E-08
   0.2059384E-01   0.8602836E-08
   0.2076836E-01   0.8609599E-08
   0.2094289E-01   0.8457937E-08
   0.2111741E-01   0.8514476E-08
   0.2129194E-01   0.8565370E-08
   0.2146646E-01   0.8651178E-08
   0.2164098E-01   0.8755356E-08
   0.2181551E-01   0.8729407E-08
   0.2199003E-01   0.8664772E-08
   0.2216456E-01   0.8669648E-08
   0.2233908E-01   0.8295650E-08
   0.2251360E-01   0.8193721E-08
   0.2268813E-01   0.7920783E-08
   0.2286265E-01   0.7499272E-08
   0.2303718E-01   0.7560504E-08
   0.2321170E-01   0.7285707E-08
   0.2338623E-01   0.7269749E-08
   0.2356075E-01   0.7407518E-08
   0.2373527E-01   0.7501057E-08
   0.2390980E-01   0.7776070E-08
   0.2408432E-01   0.7807793E-08
   0.2425884E-01   0.8226881E-08
   0.2443337E-01   0.8532242E-08
   0.2460789E-01   0.8752849E-08
   0.2478242E-01   0.8930810E-08
   0.2495694E-01   0.9035901E-08
   0.2513147E-01   0.9137497E-08
   0.2530599E-01   0.9075220E-08
   0.2548051E-01   0.8775738E-08
   0.2565504E-01   0.8718670E-08
   0.2582956E-01   0.8258366E-08
   0.2600409E-01   0.7888888E-08
   0.2617861E-01   0.7509689E-08
   0.2635313E-01   0.7170871E-08
   0.2652766E-01   0.6730497E-08
   0.2670218E-01   0.6357056E-08
   0.2687671E-01   0.5946247E-08
   0.2705123E-01   0.5837336E-08
   0.2722575E-01   0.5669097E-08
   0.2740028E-01   0.5275367E-08
   0.2757480E-01   0.5128501E-08
   0.2774933E-01   0.4911695E-08
   0.2792385E-01   0.4774106E-08
   0.2809837E-01   0.4522340E-08
   0.2827290E-01   0.4484117E-08
   0.2844742E-01   0.4485279E-08
   0.2862195E-01   0.4404641E-08
   0.2879647E-01   0.4312793E-08
   0.2897099E-01   0.4271154E-08
   0.2914552E-01   0.4251461E-08
   0.2932004E-01   0.4310229E-08
   0.2949457E-01   0.4286937E-08
   0.2966909E-01   0.4471593E-08
   0.2984362E-01   0.4665651E-08
   0.3001814E-01   0.4853764E-08
   0.3019266E-01   0.5032496E-08
   0.3036719E-01   0.5187332E-08
   0.3054171E-01   0.5547256E-08
   0.3071623E-01   0.5828605E-08
   0.3089076E-01   0.6014493E-08
   0.3106528E-01   0.6343881E-08
   0.3123981E-01   0.6530739E-08
   0.3141433E-01   0.6763009E-08
   0.3158886E-01   0.6923607E-08
   0.3176338E-01   0.6921077E-08
   0.3193790E-01   0.7014872E-08
   0.3211243E-01   0.7046329E-08
   0.3228695E-01   0.6814036E-08
   0.3246148E-01   0.6640293E-08
   0.3263600E-01   0.6525843E-08
   0.3281052E-01   0.6146934E-08
   0.3298505E-01   0.5815950E-08
   0.3315957E-01   0.5604174E-08
   0.3333410E-01   0.5304691E-08
   0.3350862E-01   0.5099137E-08
   0.3368314E-01   0.4936291E-08
   0.3385767E-01   0.4877173E-08
   0.3403219E-01   0.4874499E-08
   0.3420672E-01   0.4847067E-08
   0.3438124E-01   0.4920772E-08
   0.3455576E-01   0.4963091E-08
   0.3473029E-01   0.5039921E-08
   0.3490481E-01   0.5163909E-08
