   0.00000E+00   0.14718E-05
   0.17452E-03   0.14652E-05
   0.34905E-03   0.13986E-05
   0.52357E-03   0.13662E-05
   0.69810E-03   0.13259E-05
   0.87262E-03   0.12336E-05
   0.10471E-02   0.11457E-05
   0.12217E-02   0.10719E-05
   0.13962E-02   0.96927E-06
   0.15707E-02   0.87608E-06
   0.17452E-02   0.78373E-06
   0.19198E-02   0.69536E-06
   0.20943E-02   0.61937E-06
   0.22688E-02   0.53888E-06
   0.24433E-02   0.47098E-06
   0.26179E-02   0.41779E-06
   0.27924E-02   0.36282E-06
   0.29669E-02   0.31703E-06
   0.31414E-02   0.28209E-06
   0.33160E-02   0.24812E-06
   0.34905E-02   0.22074E-06
   0.36650E-02   0.19807E-06
   0.38395E-02   0.17807E-06
   0.40141E-02   0.16108E-06
   0.41886E-02   0.14627E-06
   0.43631E-02   0.13356E-06
   0.45376E-02   0.12418E-06
   0.47121E-02   0.11475E-06
   0.48867E-02   0.10643E-06
   0.50612E-02   0.10095E-06
   0.52357E-02   0.95142E-07
   0.54102E-02   0.89627E-07
   0.55848E-02   0.85839E-07
   0.57593E-02   0.81539E-07
   0.59338E-02   0.77415E-07
   0.61083E-02   0.73828E-07
   0.62829E-02   0.70459E-07
   0.64574E-02   0.67690E-07
   0.66319E-02   0.64746E-07
   0.68064E-02   0.61561E-07
   0.69810E-02   0.59540E-07
   0.71555E-02   0.58611E-07
   0.73300E-02   0.57106E-07
   0.75045E-02   0.56027E-07
   0.76791E-02   0.56986E-07
   0.78536E-02   0.56972E-07
   0.80281E-02   0.57139E-07
   0.82026E-02   0.58191E-07
   0.83772E-02   0.58576E-07
   0.85517E-02   0.58539E-07
   0.87262E-02   0.59248E-07
   0.89007E-02   0.58866E-07
   0.90753E-02   0.58286E-07
   0.92498E-02   0.57107E-07
   0.94243E-02   0.55941E-07
   0.95988E-02   0.54683E-07
   0.97733E-02   0.53328E-07
   0.99479E-02   0.52568E-07
   0.10122E-01   0.51770E-07
   0.10297E-01   0.51220E-07
   0.10471E-01   0.50602E-07
   0.10646E-01   0.49961E-07
   0.10820E-01   0.50117E-07
   0.10995E-01   0.49724E-07
   0.11170E-01   0.49403E-07
   0.11344E-01   0.48348E-07
   0.11519E-01   0.47337E-07
   0.11693E-01   0.46075E-07
   0.11868E-01   0.44281E-07
   0.12042E-01   0.42913E-07
   0.12217E-01   0.40411E-07
   0.12391E-01   0.38655E-07
   0.12566E-01   0.37086E-07
   0.12740E-01   0.35043E-07
   0.12915E-01   0.33561E-07
   0.13089E-01   0.32803E-07
   0.13264E-01   0.32257E-07
   0.13438E-01   0.31856E-07
   0.13613E-01   0.31237E-07
   0.13787E-01   0.31543E-07
   0.13962E-01   0.30902E-07
   0.14136E-01   0.30796E-07
   0.14311E-01   0.30719E-07
   0.14485E-01   0.29791E-07
   0.14660E-01   0.29157E-07
   0.14835E-01   0.28487E-07
   0.15009E-01   0.27112E-07
   0.15184E-01   0.26594E-07
   0.15358E-01   0.25575E-07
   0.15533E-01   0.24567E-07
   0.15707E-01   0.24265E-07
   0.15882E-01   0.24087E-07
   0.16056E-01   0.24240E-07
   0.16231E-01   0.25008E-07
   0.16405E-01   0.25799E-07
   0.16580E-01   0.26455E-07
   0.16754E-01   0.28104E-07
   0.16929E-01   0.29469E-07
   0.17103E-01   0.30425E-07
   0.17278E-01   0.31838E-07
   0.17452E-01   0.33018E-07
   0.17627E-01   0.33873E-07
   0.17801E-01   0.34515E-07
   0.17976E-01   0.34945E-07
   0.18151E-01   0.34946E-07
   0.18325E-01   0.34904E-07
   0.18500E-01   0.34800E-07
   0.18674E-01   0.34361E-07
   0.18849E-01   0.34386E-07
   0.19023E-01   0.34055E-07
   0.19198E-01   0.33751E-07
   0.19372E-01   0.33427E-07
   0.19547E-01   0.33441E-07
   0.19721E-01   0.32868E-07
   0.19896E-01   0.32874E-07
   0.20070E-01   0.32301E-07
   0.20245E-01   0.31628E-07
   0.20419E-01   0.31144E-07
   0.20594E-01   0.30278E-07
   0.20768E-01   0.28956E-07
   0.20943E-01   0.28090E-07
   0.21117E-01   0.27096E-07
   0.21292E-01   0.25334E-07
   0.21466E-01   0.24268E-07
   0.21641E-01   0.23419E-07
   0.21816E-01   0.21814E-07
   0.21990E-01   0.20979E-07
   0.22165E-01   0.20239E-07
   0.22339E-01   0.18845E-07
   0.22514E-01   0.18495E-07
   0.22688E-01   0.17748E-07
   0.22863E-01   0.16517E-07
   0.23037E-01   0.16165E-07
   0.23212E-01   0.15620E-07
   0.23386E-01   0.14436E-07
   0.23561E-01   0.13720E-07
   0.23735E-01   0.13103E-07
   0.23910E-01   0.12207E-07
   0.24084E-01   0.11524E-07
   0.24259E-01   0.11113E-07
   0.24433E-01   0.10460E-07
   0.24608E-01   0.10644E-07
   0.24782E-01   0.10630E-07
   0.24957E-01   0.10807E-07
   0.25131E-01   0.11959E-07
   0.25306E-01   0.12494E-07
   0.25481E-01   0.13826E-07
   0.25655E-01   0.14686E-07
   0.25830E-01   0.15919E-07
   0.26004E-01   0.17342E-07
   0.26179E-01   0.17452E-07
   0.26353E-01   0.18088E-07
   0.26528E-01   0.18486E-07
   0.26702E-01   0.18279E-07
   0.26877E-01   0.17949E-07
   0.27051E-01   0.16971E-07
   0.27226E-01   0.16268E-07
   0.27400E-01   0.15058E-07
   0.27575E-01   0.14035E-07
   0.27749E-01   0.12727E-07
   0.27924E-01   0.11777E-07
   0.28098E-01   0.10974E-07
   0.28273E-01   0.98100E-08
   0.28447E-01   0.96739E-08
   0.28622E-01   0.93448E-08
   0.28796E-01   0.88731E-08
   0.28971E-01   0.84165E-08
   0.29146E-01   0.84078E-08
   0.29320E-01   0.83806E-08
   0.29495E-01   0.76070E-08
   0.29669E-01   0.75372E-08
   0.29844E-01   0.69631E-08
   0.30018E-01   0.64155E-08
   0.30193E-01   0.57348E-08
   0.30367E-01   0.46979E-08
   0.30542E-01   0.43114E-08
   0.30716E-01   0.35534E-08
   0.30891E-01   0.30483E-08
   0.31065E-01   0.24803E-08
   0.31240E-01   0.16006E-08
   0.31414E-01   0.16232E-08
   0.31589E-01   0.15308E-08
   0.31763E-01   0.15560E-08
   0.31938E-01   0.17770E-08
   0.32112E-01   0.21482E-08
   0.32287E-01   0.30140E-08
   0.32461E-01   0.35426E-08
   0.32636E-01   0.39630E-08
   0.32811E-01   0.52869E-08
   0.32985E-01   0.62744E-08
   0.33160E-01   0.70348E-08
   0.33334E-01   0.77722E-08
   0.33509E-01   0.90114E-08
   0.33683E-01   0.96675E-08
   0.33858E-01   0.98050E-08
   0.34032E-01   0.10372E-07
   0.34207E-01   0.10590E-07
   0.34381E-01   0.10548E-07
   0.34556E-01   0.10527E-07
   0.34730E-01   0.10682E-07
   0.34905E-01   0.10591E-07
