   0.00000E+00   0.00000E+00
   0.17452E-03   0.33580E-07
   0.34905E-03  -0.49002E-07
   0.52357E-03   0.10063E-07
   0.69810E-03   0.13434E-07
   0.87262E-03  -0.19285E-07
   0.10471E-02  -0.30341E-08
   0.12217E-02   0.18640E-07
   0.13962E-02   0.15078E-07
   0.15707E-02   0.56121E-08
   0.17452E-02   0.17570E-08
   0.19198E-02   0.76592E-08
   0.20943E-02   0.39688E-08
   0.22688E-02  -0.26358E-09
   0.24433E-02   0.24477E-08
   0.26179E-02  -0.13603E-08
   0.27924E-02  -0.72131E-08
   0.29669E-02  -0.46680E-08
   0.31414E-02  -0.20351E-08
   0.33160E-02  -0.33866E-09
   0.34905E-02  -0.19766E-09
   0.36650E-02   0.45204E-08
   0.38395E-02  -0.48336E-08
   0.40141E-02  -0.73378E-08
   0.41886E-02  -0.45225E-08
   0.43631E-02  -0.47646E-08
   0.45376E-02  -0.11296E-07
   0.47121E-02  -0.14856E-07
   0.48867E-02  -0.17837E-07
   0.50612E-02  -0.14716E-07
   0.52357E-02  -0.18232E-07
   0.54102E-02  -0.21038E-07
   0.55848E-02  -0.18103E-07
   0.57593E-02  -0.20037E-07
   0.59338E-02  -0.17758E-07
   0.61083E-02  -0.11742E-07
   0.62829E-02  -0.90691E-08
   0.64574E-02  -0.10715E-07
   0.66319E-02  -0.11837E-07
   0.68064E-02  -0.13177E-07
   0.69810E-02  -0.17886E-07
   0.71555E-02  -0.22279E-07
   0.73300E-02  -0.26128E-07
   0.75045E-02  -0.29360E-07
   0.76791E-02  -0.27118E-07
   0.78536E-02  -0.28356E-07
   0.80281E-02  -0.16623E-07
   0.82026E-02  -0.51750E-08
   0.83772E-02   0.31213E-08
   0.85517E-02   0.78595E-08
   0.87262E-02   0.12401E-07
   0.89007E-02   0.14501E-07
   0.90753E-02   0.15855E-07
   0.92498E-02   0.22144E-07
   0.94243E-02   0.21639E-07
   0.95988E-02   0.21174E-07
   0.97733E-02   0.17596E-07
   0.99479E-02   0.14974E-07
   0.10122E-01   0.13481E-07
   0.10297E-01   0.13673E-07
   0.10471E-01   0.13145E-07
   0.10646E-01   0.13349E-07
   0.10820E-01   0.12969E-07
   0.10995E-01   0.11050E-07
   0.11170E-01   0.11883E-07
   0.11344E-01   0.98154E-08
   0.11519E-01   0.81025E-08
   0.11693E-01   0.18816E-08
   0.11868E-01  -0.10181E-08
   0.12042E-01  -0.49882E-08
   0.12217E-01  -0.82255E-08
   0.12391E-01  -0.11343E-07
   0.12566E-01  -0.15394E-07
   0.12740E-01  -0.13080E-07
   0.12915E-01  -0.88266E-08
   0.13089E-01  -0.95412E-08
   0.13264E-01  -0.12847E-07
   0.13438E-01  -0.17895E-07
   0.13613E-01  -0.20983E-07
   0.13787E-01  -0.23384E-07
   0.13962E-01  -0.23996E-07
   0.14136E-01  -0.24147E-07
   0.14311E-01  -0.24509E-07
   0.14485E-01  -0.23118E-07
   0.14660E-01  -0.19318E-07
   0.14835E-01  -0.15902E-07
   0.15009E-01  -0.11007E-07
   0.15184E-01  -0.64682E-08
   0.15358E-01  -0.23940E-08
   0.15533E-01   0.45405E-08
   0.15707E-01   0.92731E-08
   0.15882E-01   0.62833E-08
   0.16056E-01   0.68450E-08
   0.16231E-01   0.10134E-07
   0.16405E-01   0.88087E-08
   0.16580E-01   0.56101E-08
   0.16754E-01   0.38678E-08
   0.16929E-01   0.14389E-08
   0.17103E-01  -0.16862E-08
   0.17278E-01  -0.98413E-09
   0.17452E-01   0.45471E-09
   0.17627E-01  -0.82215E-09
   0.17801E-01   0.78878E-09
   0.17976E-01   0.64485E-09
   0.18151E-01   0.13108E-08
   0.18325E-01  -0.14642E-09
   0.18500E-01   0.16760E-08
   0.18674E-01   0.14457E-08
   0.18849E-01   0.19192E-08
   0.19023E-01   0.22763E-08
   0.19198E-01   0.22120E-08
   0.19372E-01   0.37574E-08
   0.19547E-01   0.22464E-08
   0.19721E-01   0.32088E-09
   0.19896E-01  -0.10093E-09
   0.20070E-01   0.12359E-08
   0.20245E-01   0.32159E-08
   0.20419E-01   0.50264E-08
   0.20594E-01   0.57651E-08
   0.20768E-01   0.57850E-08
   0.20943E-01   0.63871E-08
   0.21117E-01   0.22493E-08
   0.21292E-01  -0.42049E-10
   0.21466E-01  -0.10307E-08
   0.21641E-01   0.83502E-09
   0.21816E-01   0.27895E-08
   0.21990E-01   0.10955E-09
   0.22165E-01  -0.28583E-08
   0.22339E-01  -0.47660E-08
   0.22514E-01  -0.39690E-08
   0.22688E-01  -0.19885E-08
   0.22863E-01  -0.59720E-09
   0.23037E-01  -0.19048E-08
   0.23212E-01  -0.24088E-08
   0.23386E-01   0.41890E-10
   0.23561E-01   0.94591E-09
   0.23735E-01   0.15143E-08
   0.23910E-01   0.23983E-08
   0.24084E-01   0.31478E-08
   0.24259E-01   0.58702E-08
   0.24433E-01   0.40774E-08
   0.24608E-01   0.17901E-08
   0.24782E-01  -0.81571E-10
   0.24957E-01  -0.16282E-08
   0.25131E-01  -0.10415E-08
   0.25306E-01  -0.25157E-09
   0.25481E-01   0.19567E-08
   0.25655E-01   0.35146E-08
   0.25830E-01   0.28342E-08
   0.26004E-01   0.26988E-08
   0.26179E-01   0.31485E-08
   0.26353E-01   0.39821E-08
   0.26528E-01   0.45059E-08
   0.26702E-01   0.65026E-09
   0.26877E-01  -0.24007E-08
   0.27051E-01  -0.47177E-08
   0.27226E-01  -0.57502E-08
   0.27400E-01  -0.39078E-08
   0.27575E-01  -0.52895E-08
   0.27749E-01  -0.45890E-08
   0.27924E-01  -0.51671E-08
   0.28098E-01  -0.76296E-08
   0.28273E-01  -0.85703E-08
   0.28447E-01  -0.10066E-07
   0.28622E-01  -0.11645E-07
   0.28796E-01  -0.10846E-07
   0.28971E-01  -0.10166E-07
   0.29146E-01  -0.11789E-07
   0.29320E-01  -0.12998E-07
   0.29495E-01  -0.12000E-07
   0.29669E-01  -0.10846E-07
   0.29844E-01  -0.10379E-07
   0.30018E-01  -0.94665E-08
   0.30193E-01  -0.10355E-07
   0.30367E-01  -0.11324E-07
   0.30542E-01  -0.92447E-08
   0.30716E-01  -0.69227E-08
   0.30891E-01  -0.11766E-08
   0.31065E-01   0.28109E-08
   0.31240E-01   0.46338E-08
   0.31414E-01   0.35469E-08
   0.31589E-01   0.26835E-08
   0.31763E-01   0.11256E-08
   0.31938E-01   0.25355E-08
   0.32112E-01   0.32460E-08
   0.32287E-01   0.25076E-08
   0.32461E-01   0.40692E-08
   0.32636E-01   0.48935E-08
   0.32811E-01   0.52024E-08
   0.32985E-01   0.35736E-08
   0.33160E-01   0.33284E-08
   0.33334E-01   0.60972E-08
   0.33509E-01   0.64480E-08
   0.33683E-01   0.70193E-08
   0.33858E-01   0.75733E-08
   0.34032E-01   0.78748E-08
   0.34207E-01   0.85423E-08
   0.34381E-01   0.73039E-08
   0.34556E-01   0.83942E-08
   0.34730E-01   0.67951E-08
   0.34905E-01   0.37955E-08
