        4.80        3.90
NULL
$r$
radial profile
0 0 0
0
   0.1100000E+31  -0.1100000E+31    5
   0.1100000E+31  -0.1100000E+31    5
    0
CURVE
      71
NULL
black_solid
NULL
    0.000000        50181.95    
   0.4986402E-03    47290.07    
   0.9972804E-03    42200.95    
   0.1495921E-02    37845.75    
   0.1994561E-02    35442.83    
   0.2493201E-02    33736.36    
   0.2991841E-02    32422.43    
   0.3490481E-02    31791.74    
   0.3989121E-02    31741.88    
   0.4487762E-02    32000.34    
   0.4986402E-02    32249.06    
   0.5485042E-02    32540.13    
   0.5983682E-02    32727.67    
   0.6482322E-02    32826.11    
   0.6980963E-02    32876.69    
   0.7479603E-02    32834.93    
   0.7978243E-02    32774.46    
   0.8476883E-02    32746.25    
   0.8975524E-02    32709.13    
   0.9474164E-02    32697.41    
   0.9972803E-02    32694.54    
   0.1047144E-01    32733.16    
   0.1097008E-01    32750.78    
   0.1146872E-01    32767.87    
   0.1196736E-01    32768.70    
   0.1246601E-01    32744.34    
   0.1296464E-01    32724.32    
   0.1346328E-01    32707.82    
   0.1396193E-01    32697.21    
   0.1446057E-01    32721.63    
   0.1495921E-01    32698.93    
   0.1545785E-01    32675.34    
   0.1595649E-01    32673.58    
   0.1645513E-01    32697.67    
   0.1695377E-01    32683.73    
   0.1745241E-01    32671.29    
   0.1795105E-01    32647.11    
   0.1844969E-01    32624.70    
   0.1894833E-01    32618.76    
   0.1944697E-01    32600.25    
   0.1994561E-01    32604.71    
   0.2044425E-01    32587.10    
   0.2094289E-01    32589.13    
   0.2144153E-01    32573.29    
   0.2194017E-01    32568.93    
   0.2243881E-01    32554.52    
   0.2293745E-01    32515.90    
   0.2343609E-01    32503.13    
   0.2393473E-01    32473.21    
   0.2443337E-01    32492.75    
   0.2493201E-01    32534.01    
   0.2543065E-01    32523.13    
   0.2592929E-01    32501.57    
   0.2642793E-01    32472.05    
   0.2692657E-01    32434.54    
   0.2742521E-01    32434.32    
   0.2792385E-01    32430.37    
   0.2842249E-01    32429.26    
   0.2892113E-01    32425.79    
   0.2941977E-01    32446.95    
   0.2991841E-01    32456.24    
   0.3041705E-01    32481.50    
   0.3091569E-01    32456.50    
   0.3141433E-01    32433.99    
   0.3191297E-01    32400.13    
   0.3241161E-01    32408.43    
   0.3291025E-01    32425.95    
   0.3340889E-01    32435.79    
   0.3390753E-01    32453.50    
   0.3440617E-01    32469.20    
   0.3490481E-01    32478.89    
