        4.80        3.90
NULL
$r$
radial profile
0 0 0
0
   0.1100000E+31  -0.1100000E+31    5
   0.1100000E+31  -0.1100000E+31    5
    0
CURVE
     201
NULL
black_solid
NULL
    0.000000        0.000000    
   0.1745241E-03   0.3191895E-10
   0.3490481E-03   0.5230435E-07
   0.5235722E-03   0.7677846E-07
   0.6980962E-03   0.1121220E-06
   0.8726203E-03   0.1894684E-06
   0.1047144E-02   0.2599562E-06
   0.1221668E-02   0.3168999E-06
   0.1396192E-02   0.3939626E-06
   0.1570717E-02   0.4611574E-06
   0.1745241E-02   0.5205347E-06
   0.1919765E-02   0.5743946E-06
   0.2094289E-02   0.6153106E-06
   0.2268813E-02   0.6511803E-06
   0.2443337E-02   0.6756401E-06
   0.2617861E-02   0.6888412E-06
   0.2792385E-02   0.6959573E-06
   0.2966909E-02   0.6954832E-06
   0.3141433E-02   0.6892401E-06
   0.3315957E-02   0.6768079E-06
   0.3490481E-02   0.6627005E-06
   0.3665005E-02   0.6465432E-06
   0.3839529E-02   0.6268758E-06
   0.4014053E-02   0.6073279E-06
   0.4188578E-02   0.5873739E-06
   0.4363101E-02   0.5662328E-06
   0.4537626E-02   0.5467125E-06
   0.4712150E-02   0.5258283E-06
   0.4886674E-02   0.5057050E-06
   0.5061198E-02   0.4878056E-06
   0.5235722E-02   0.4684690E-06
   0.5410246E-02   0.4498575E-06
   0.5584770E-02   0.4336057E-06
   0.5759294E-02   0.4172929E-06
   0.5933818E-02   0.4014874E-06
   0.6108342E-02   0.3874834E-06
   0.6282866E-02   0.3737906E-06
   0.6457390E-02   0.3612707E-06
   0.6631915E-02   0.3489695E-06
   0.6806438E-02   0.3370476E-06
   0.6980963E-02   0.3260396E-06
   0.7155487E-02   0.3151552E-06
   0.7330011E-02   0.3040554E-06
   0.7504535E-02   0.2940366E-06
   0.7679059E-02   0.2838895E-06
   0.7853583E-02   0.2739114E-06
   0.8028107E-02   0.2650324E-06
   0.8202631E-02   0.2566842E-06
   0.8377155E-02   0.2490747E-06
   0.8551680E-02   0.2422004E-06
   0.8726203E-02   0.2361998E-06
   0.8900727E-02   0.2304005E-06
   0.9075251E-02   0.2257348E-06
   0.9249776E-02   0.2212890E-06
   0.9424300E-02   0.2171852E-06
   0.9598823E-02   0.2137865E-06
   0.9773348E-02   0.2101747E-06
   0.9947872E-02   0.2068012E-06
   0.1012240E-01   0.2035728E-06
   0.1029692E-01   0.1999336E-06
   0.1047144E-01   0.1966968E-06
   0.1064597E-01   0.1936486E-06
   0.1082049E-01   0.1902163E-06
   0.1099502E-01   0.1868762E-06
   0.1116954E-01   0.1838029E-06
   0.1134406E-01   0.1806035E-06
   0.1151859E-01   0.1770404E-06
   0.1169311E-01   0.1742159E-06
   0.1186764E-01   0.1708851E-06
   0.1204216E-01   0.1676266E-06
   0.1221668E-01   0.1641862E-06
   0.1239121E-01   0.1608440E-06
   0.1256573E-01   0.1571262E-06
   0.1274026E-01   0.1535357E-06
   0.1291478E-01   0.1502228E-06
   0.1308930E-01   0.1462989E-06
   0.1326383E-01   0.1429600E-06
   0.1343835E-01   0.1400612E-06
   0.1361288E-01   0.1371036E-06
   0.1378740E-01   0.1342499E-06
   0.1396193E-01   0.1321114E-06
   0.1413645E-01   0.1298154E-06
   0.1431097E-01   0.1277441E-06
   0.1448550E-01   0.1260487E-06
   0.1466002E-01   0.1245010E-06
   0.1483455E-01   0.1228229E-06
   0.1500907E-01   0.1213778E-06
   0.1518359E-01   0.1198126E-06
   0.1535812E-01   0.1184266E-06
   0.1553264E-01   0.1169079E-06
   0.1570717E-01   0.1156385E-06
   0.1588169E-01   0.1144543E-06
   0.1605621E-01   0.1134624E-06
   0.1623074E-01   0.1123902E-06
   0.1640526E-01   0.1117265E-06
   0.1657979E-01   0.1113053E-06
   0.1675431E-01   0.1105059E-06
   0.1692883E-01   0.1101646E-06
   0.1710336E-01   0.1097650E-06
   0.1727788E-01   0.1090608E-06
   0.1745241E-01   0.1083511E-06
   0.1762693E-01   0.1078769E-06
   0.1780145E-01   0.1067771E-06
   0.1797598E-01   0.1053701E-06
   0.1815050E-01   0.1039482E-06
   0.1832503E-01   0.1023434E-06
   0.1849955E-01   0.1005155E-06
   0.1867408E-01   0.9876092E-07
   0.1884860E-01   0.9710494E-07
   0.1902312E-01   0.9525230E-07
   0.1919765E-01   0.9353383E-07
   0.1937217E-01   0.9211448E-07
   0.1954670E-01   0.9048165E-07
   0.1972122E-01   0.8920293E-07
   0.1989574E-01   0.8829548E-07
   0.2007027E-01   0.8700514E-07
   0.2024479E-01   0.8617003E-07
   0.2041932E-01   0.8551848E-07
   0.2059384E-01   0.8467419E-07
   0.2076836E-01   0.8370662E-07
   0.2094289E-01   0.8304549E-07
   0.2111741E-01   0.8233209E-07
   0.2129194E-01   0.8144781E-07
   0.2146646E-01   0.8095925E-07
   0.2164098E-01   0.8021382E-07
   0.2181551E-01   0.7953668E-07
   0.2199003E-01   0.7906260E-07
   0.2216456E-01   0.7852183E-07
   0.2233908E-01   0.7807137E-07
   0.2251360E-01   0.7769000E-07
   0.2268813E-01   0.7736020E-07
   0.2286265E-01   0.7666464E-07
   0.2303718E-01   0.7646661E-07
   0.2321170E-01   0.7638585E-07
   0.2338623E-01   0.7564837E-07
   0.2356075E-01   0.7536971E-07
   0.2373527E-01   0.7492613E-07
   0.2390980E-01   0.7431761E-07
   0.2408432E-01   0.7391942E-07
   0.2425884E-01   0.7317274E-07
   0.2443337E-01   0.7261637E-07
   0.2460789E-01   0.7184116E-07
   0.2478242E-01   0.7140241E-07
   0.2495694E-01   0.7075372E-07
   0.2513147E-01   0.7030717E-07
   0.2530599E-01   0.6975098E-07
   0.2548051E-01   0.6909950E-07
   0.2565504E-01   0.6849785E-07
   0.2582956E-01   0.6814957E-07
   0.2600409E-01   0.6765711E-07
   0.2617861E-01   0.6717762E-07
   0.2635313E-01   0.6700643E-07
   0.2652766E-01   0.6643319E-07
   0.2670218E-01   0.6611991E-07
   0.2687671E-01   0.6578759E-07
   0.2705123E-01   0.6550559E-07
   0.2722575E-01   0.6512366E-07
   0.2740028E-01   0.6497813E-07
   0.2757480E-01   0.6475643E-07
   0.2774933E-01   0.6447938E-07
   0.2792385E-01   0.6458146E-07
   0.2809837E-01   0.6461864E-07
   0.2827290E-01   0.6435929E-07
   0.2844742E-01   0.6456839E-07
   0.2862195E-01   0.6443324E-07
   0.2879647E-01   0.6431832E-07
   0.2897099E-01   0.6429245E-07
   0.2914552E-01   0.6413533E-07
   0.2932004E-01   0.6392852E-07
   0.2949457E-01   0.6343380E-07
   0.2966909E-01   0.6316317E-07
   0.2984362E-01   0.6296093E-07
   0.3001814E-01   0.6221358E-07
   0.3019266E-01   0.6194202E-07
   0.3036719E-01   0.6140107E-07
   0.3054171E-01   0.6095238E-07
   0.3071623E-01   0.6066822E-07
   0.3089076E-01   0.6036411E-07
   0.3106528E-01   0.5980646E-07
   0.3123981E-01   0.5954442E-07
   0.3141433E-01   0.5917713E-07
   0.3158886E-01   0.5851343E-07
   0.3176338E-01   0.5823306E-07
   0.3193790E-01   0.5770064E-07
   0.3211243E-01   0.5685454E-07
   0.3228695E-01   0.5609984E-07
   0.3246148E-01   0.5534365E-07
   0.3263600E-01   0.5444809E-07
   0.3281052E-01   0.5345546E-07
   0.3298505E-01   0.5238616E-07
   0.3315957E-01   0.5149938E-07
   0.3333410E-01   0.5050141E-07
   0.3350862E-01   0.4962195E-07
   0.3368314E-01   0.4885524E-07
   0.3385767E-01   0.4826283E-07
   0.3403219E-01   0.4762759E-07
   0.3420672E-01   0.4723053E-07
   0.3438124E-01   0.4692718E-07
   0.3455576E-01   0.4658346E-07
   0.3473029E-01   0.4645625E-07
   0.3490481E-01   0.4632835E-07
