        4.80        3.90
NULL
$r$
radial profile
0 0 0
0
   0.1100000E+31  -0.1100000E+31    5
   0.1100000E+31  -0.1100000E+31    5
    0
CURVE
     201
NULL
black_solid
NULL
    0.000000        0.000000    
   0.1745241E-03   0.7551002E-08
   0.3490481E-03  -0.8935750E-08
   0.5235722E-03   0.1611598E-08
   0.6980962E-03   0.3483129E-08
   0.8726203E-03   0.1524485E-09
   0.1047144E-02   0.1115419E-08
   0.1221668E-02   0.3720849E-08
   0.1396192E-02   0.1412650E-08
   0.1570717E-02   0.1252912E-09
   0.1745241E-02   0.3844131E-09
   0.1919765E-02   0.2640352E-08
   0.2094289E-02   0.2924158E-08
   0.2268813E-02   0.2412773E-08
   0.2443337E-02   0.3783082E-08
   0.2617861E-02   0.5303439E-08
   0.2792385E-02   0.4934499E-08
   0.2966909E-02   0.6167619E-08
   0.3141433E-02   0.7606370E-08
   0.3315957E-02   0.7825968E-08
   0.3490481E-02   0.8695527E-08
   0.3665005E-02   0.9272527E-08
   0.3839529E-02   0.9681512E-08
   0.4014053E-02   0.1053173E-07
   0.4188578E-02   0.1096511E-07
   0.4363101E-02   0.1145022E-07
   0.4537626E-02   0.1188441E-07
   0.4712150E-02   0.1223155E-07
   0.4886674E-02   0.1249072E-07
   0.5061198E-02   0.1273252E-07
   0.5235722E-02   0.1298721E-07
   0.5410246E-02   0.1300485E-07
   0.5584770E-02   0.1305717E-07
   0.5759294E-02   0.1299769E-07
   0.5933818E-02   0.1303696E-07
   0.6108342E-02   0.1308988E-07
   0.6282866E-02   0.1299222E-07
   0.6457390E-02   0.1286740E-07
   0.6631915E-02   0.1309524E-07
   0.6806438E-02   0.1309741E-07
   0.6980963E-02   0.1314177E-07
   0.7155487E-02   0.1338707E-07
   0.7330011E-02   0.1356008E-07
   0.7504535E-02   0.1366035E-07
   0.7679059E-02   0.1378439E-07
   0.7853583E-02   0.1394774E-07
   0.8028107E-02   0.1394154E-07
   0.8202631E-02   0.1408499E-07
   0.8377155E-02   0.1388588E-07
   0.8551680E-02   0.1359547E-07
   0.8726203E-02   0.1348463E-07
   0.8900727E-02   0.1314315E-07
   0.9075251E-02   0.1265115E-07
   0.9249776E-02   0.1233168E-07
   0.9424300E-02   0.1189050E-07
   0.9598823E-02   0.1140178E-07
   0.9773348E-02   0.1100665E-07
   0.9947872E-02   0.1093814E-07
   0.1012240E-01   0.1056978E-07
   0.1029692E-01   0.1052730E-07
   0.1047144E-01   0.1049860E-07
   0.1064597E-01   0.1045601E-07
   0.1082049E-01   0.1053403E-07
   0.1099502E-01   0.1058589E-07
   0.1116954E-01   0.1088455E-07
   0.1134406E-01   0.1104673E-07
   0.1151859E-01   0.1124908E-07
   0.1169311E-01   0.1150172E-07
   0.1186764E-01   0.1172036E-07
   0.1204216E-01   0.1187392E-07
   0.1221668E-01   0.1204593E-07
   0.1239121E-01   0.1216503E-07
   0.1256573E-01   0.1218522E-07
   0.1274026E-01   0.1222601E-07
   0.1291478E-01   0.1210290E-07
   0.1308930E-01   0.1199262E-07
   0.1326383E-01   0.1184627E-07
   0.1343835E-01   0.1141449E-07
   0.1361288E-01   0.1085906E-07
   0.1378740E-01   0.1045251E-07
   0.1396193E-01   0.9865613E-08
   0.1413645E-01   0.9175416E-08
   0.1431097E-01   0.8663442E-08
   0.1448550E-01   0.8018601E-08
   0.1466002E-01   0.7432766E-08
   0.1483455E-01   0.7008322E-08
   0.1500907E-01   0.6652848E-08
   0.1518359E-01   0.6137583E-08
   0.1535812E-01   0.6159417E-08
   0.1553264E-01   0.5957389E-08
   0.1570717E-01   0.5806176E-08
   0.1588169E-01   0.6018153E-08
   0.1605621E-01   0.6028510E-08
   0.1623074E-01   0.6287722E-08
   0.1640526E-01   0.6410180E-08
   0.1657979E-01   0.6622255E-08
   0.1675431E-01   0.7000453E-08
   0.1692883E-01   0.7115341E-08
   0.1710336E-01   0.7439192E-08
   0.1727788E-01   0.7818862E-08
   0.1745241E-01   0.8175140E-08
   0.1762693E-01   0.8409930E-08
   0.1780145E-01   0.8791201E-08
   0.1797598E-01   0.9154326E-08
   0.1815050E-01   0.9629979E-08
   0.1832503E-01   0.9934819E-08
   0.1849955E-01   0.1035158E-07
   0.1867408E-01   0.1080916E-07
   0.1884860E-01   0.1105142E-07
   0.1902312E-01   0.1134264E-07
   0.1919765E-01   0.1162253E-07
   0.1937217E-01   0.1181036E-07
   0.1954670E-01   0.1182110E-07
   0.1972122E-01   0.1188842E-07
   0.1989574E-01   0.1178922E-07
   0.2007027E-01   0.1175589E-07
   0.2024479E-01   0.1158264E-07
   0.2041932E-01   0.1138868E-07
   0.2059384E-01   0.1114589E-07
   0.2076836E-01   0.1083768E-07
   0.2094289E-01   0.1057049E-07
   0.2111741E-01   0.1028698E-07
   0.2129194E-01   0.9919280E-08
   0.2146646E-01   0.9640770E-08
   0.2164098E-01   0.9356880E-08
   0.2181551E-01   0.9059407E-08
   0.2199003E-01   0.8788149E-08
   0.2216456E-01   0.8584114E-08
   0.2233908E-01   0.8299407E-08
   0.2251360E-01   0.8144039E-08
   0.2268813E-01   0.8038548E-08
   0.2286265E-01   0.7786868E-08
   0.2303718E-01   0.7768902E-08
   0.2321170E-01   0.7657683E-08
   0.2338623E-01   0.7585937E-08
   0.2356075E-01   0.7525713E-08
   0.2373527E-01   0.7507441E-08
   0.2390980E-01   0.7483155E-08
   0.2408432E-01   0.7329909E-08
   0.2425884E-01   0.7320048E-08
   0.2443337E-01   0.7295087E-08
   0.2460789E-01   0.7192686E-08
   0.2478242E-01   0.7083374E-08
   0.2495694E-01   0.7016106E-08
   0.2513147E-01   0.6946538E-08
   0.2530599E-01   0.6805824E-08
   0.2548051E-01   0.6705466E-08
   0.2565504E-01   0.6685562E-08
   0.2582956E-01   0.6591772E-08
   0.2600409E-01   0.6601722E-08
   0.2617861E-01   0.6583107E-08
   0.2635313E-01   0.6606238E-08
   0.2652766E-01   0.6700072E-08
   0.2670218E-01   0.6756757E-08
   0.2687671E-01   0.6812332E-08
   0.2705123E-01   0.6990819E-08
   0.2722575E-01   0.7169529E-08
   0.2740028E-01   0.7141423E-08
   0.2757480E-01   0.7352158E-08
   0.2774933E-01   0.7366571E-08
   0.2792385E-01   0.7373169E-08
   0.2809837E-01   0.7397162E-08
   0.2827290E-01   0.7385642E-08
   0.2844742E-01   0.7393831E-08
   0.2862195E-01   0.7289156E-08
   0.2879647E-01   0.7247424E-08
   0.2897099E-01   0.7213039E-08
   0.2914552E-01   0.7094149E-08
   0.2932004E-01   0.7050032E-08
   0.2949457E-01   0.6911618E-08
   0.2966909E-01   0.6900230E-08
   0.2984362E-01   0.6848246E-08
   0.3001814E-01   0.6790579E-08
   0.3019266E-01   0.6818528E-08
   0.3036719E-01   0.6751269E-08
   0.3054171E-01   0.6785962E-08
   0.3071623E-01   0.6856719E-08
   0.3089076E-01   0.6815088E-08
   0.3106528E-01   0.6913930E-08
   0.3123981E-01   0.6942738E-08
   0.3141433E-01   0.7037289E-08
   0.3158886E-01   0.7168829E-08
   0.3176338E-01   0.7191622E-08
   0.3193790E-01   0.7212732E-08
   0.3211243E-01   0.7252669E-08
   0.3228695E-01   0.7212146E-08
   0.3246148E-01   0.7145068E-08
   0.3263600E-01   0.7041374E-08
   0.3281052E-01   0.6881848E-08
   0.3298505E-01   0.6762761E-08
   0.3315957E-01   0.6528574E-08
   0.3333410E-01   0.6420344E-08
   0.3350862E-01   0.6216887E-08
   0.3368314E-01   0.6053506E-08
   0.3385767E-01   0.5969543E-08
   0.3403219E-01   0.5858911E-08
   0.3420672E-01   0.5826842E-08
   0.3438124E-01   0.5852435E-08
   0.3455576E-01   0.5875896E-08
   0.3473029E-01   0.6057170E-08
   0.3490481E-01   0.6227187E-08
