        4.80        3.90
NULL
$r$
radial profile
0 0 0
0
   0.1100000E+31  -0.1100000E+31    5
   0.1100000E+31  -0.1100000E+31    5
    0
CURVE
     201
NULL
black_solid
NULL
    0.000000        0.000000    
   0.1745241E-03   0.1888771E-10
   0.3490481E-03   0.5358234E-07
   0.5235722E-03   0.8122900E-07
   0.6980962E-03   0.1106015E-06
   0.8726203E-03   0.2059179E-06
   0.1047144E-02   0.2715574E-06
   0.1221668E-02   0.3245096E-06
   0.1396192E-02   0.4188413E-06
   0.1570717E-02   0.4825763E-06
   0.1745241E-02   0.5407048E-06
   0.1919765E-02   0.6037662E-06
   0.2094289E-02   0.6430828E-06
   0.2268813E-02   0.6794201E-06
   0.2443337E-02   0.7064646E-06
   0.2617861E-02   0.7188472E-06
   0.2792385E-02   0.7254976E-06
   0.2966909E-02   0.7255217E-06
   0.3141433E-02   0.7193129E-06
   0.3315957E-02   0.7043599E-06
   0.3490481E-02   0.6897214E-06
   0.3665005E-02   0.6736213E-06
   0.3839529E-02   0.6489952E-06
   0.4014053E-02   0.6284657E-06
   0.4188578E-02   0.6079767E-06
   0.4363101E-02   0.5811981E-06
   0.4537626E-02   0.5591740E-06
   0.4712150E-02   0.5369866E-06
   0.4886674E-02   0.5112742E-06
   0.5061198E-02   0.4904398E-06
   0.5235722E-02   0.4687105E-06
   0.5410246E-02   0.4465159E-06
   0.5584770E-02   0.4284909E-06
   0.5759294E-02   0.4097040E-06
   0.5933818E-02   0.3924442E-06
   0.6108342E-02   0.3783169E-06
   0.6282866E-02   0.3636038E-06
   0.6457390E-02   0.3508847E-06
   0.6631915E-02   0.3401789E-06
   0.6806438E-02   0.3283576E-06
   0.6980963E-02   0.3184204E-06
   0.7155487E-02   0.3093547E-06
   0.7330011E-02   0.2990569E-06
   0.7504535E-02   0.2901395E-06
   0.7679059E-02   0.2817263E-06
   0.7853583E-02   0.2723098E-06
   0.8028107E-02   0.2641845E-06
   0.8202631E-02   0.2564169E-06
   0.8377155E-02   0.2483324E-06
   0.8551680E-02   0.2414218E-06
   0.8726203E-02   0.2348347E-06
   0.8900727E-02   0.2283770E-06
   0.9075251E-02   0.2228771E-06
   0.9249776E-02   0.2172627E-06
   0.9424300E-02   0.2119828E-06
   0.9598823E-02   0.2071999E-06
   0.9773348E-02   0.2020147E-06
   0.9947872E-02   0.1971698E-06
   0.1012240E-01   0.1927338E-06
   0.1029692E-01   0.1877120E-06
   0.1047144E-01   0.1831442E-06
   0.1064597E-01   0.1791338E-06
   0.1082049E-01   0.1746741E-06
   0.1099502E-01   0.1708049E-06
   0.1116954E-01   0.1673967E-06
   0.1134406E-01   0.1637967E-06
   0.1151859E-01   0.1608344E-06
   0.1169311E-01   0.1580433E-06
   0.1186764E-01   0.1553172E-06
   0.1204216E-01   0.1529764E-06
   0.1221668E-01   0.1507623E-06
   0.1239121E-01   0.1484740E-06
   0.1256573E-01   0.1464761E-06
   0.1274026E-01   0.1443529E-06
   0.1291478E-01   0.1421149E-06
   0.1308930E-01   0.1402358E-06
   0.1326383E-01   0.1382300E-06
   0.1343835E-01   0.1360777E-06
   0.1361288E-01   0.1342800E-06
   0.1378740E-01   0.1322643E-06
   0.1396193E-01   0.1302031E-06
   0.1413645E-01   0.1284046E-06
   0.1431097E-01   0.1263838E-06
   0.1448550E-01   0.1242641E-06
   0.1466002E-01   0.1224142E-06
   0.1483455E-01   0.1202009E-06
   0.1500907E-01   0.1181258E-06
   0.1518359E-01   0.1161739E-06
   0.1535812E-01   0.1139191E-06
   0.1553264E-01   0.1118868E-06
   0.1570717E-01   0.1100192E-06
   0.1588169E-01   0.1080148E-06
   0.1605621E-01   0.1061468E-06
   0.1623074E-01   0.1045338E-06
   0.1640526E-01   0.1029585E-06
   0.1657979E-01   0.1012537E-06
   0.1675431E-01   0.9973989E-07
   0.1692883E-01   0.9835595E-07
   0.1710336E-01   0.9679348E-07
   0.1727788E-01   0.9532840E-07
   0.1745241E-01   0.9402593E-07
   0.1762693E-01   0.9260480E-07
   0.1780145E-01   0.9130564E-07
   0.1797598E-01   0.9010532E-07
   0.1815050E-01   0.8897568E-07
   0.1832503E-01   0.8807449E-07
   0.1849955E-01   0.8716410E-07
   0.1867408E-01   0.8645760E-07
   0.1884860E-01   0.8576433E-07
   0.1902312E-01   0.8517748E-07
   0.1919765E-01   0.8451203E-07
   0.1937217E-01   0.8378246E-07
   0.1954670E-01   0.8304728E-07
   0.1972122E-01   0.8217980E-07
   0.1989574E-01   0.8106174E-07
   0.2007027E-01   0.8001435E-07
   0.2024479E-01   0.7870473E-07
   0.2041932E-01   0.7737610E-07
   0.2059384E-01   0.7620615E-07
   0.2076836E-01   0.7462899E-07
   0.2094289E-01   0.7335471E-07
   0.2111741E-01   0.7232306E-07
   0.2129194E-01   0.7104380E-07
   0.2146646E-01   0.6994582E-07
   0.2164098E-01   0.6907759E-07
   0.2181551E-01   0.6813517E-07
   0.2199003E-01   0.6726695E-07
   0.2216456E-01   0.6647708E-07
   0.2233908E-01   0.6565705E-07
   0.2251360E-01   0.6488364E-07
   0.2268813E-01   0.6406664E-07
   0.2286265E-01   0.6315613E-07
   0.2303718E-01   0.6235390E-07
   0.2321170E-01   0.6149661E-07
   0.2338623E-01   0.6067503E-07
   0.2356075E-01   0.5987206E-07
   0.2373527E-01   0.5905407E-07
   0.2390980E-01   0.5840111E-07
   0.2408432E-01   0.5767008E-07
   0.2425884E-01   0.5699819E-07
   0.2443337E-01   0.5639247E-07
   0.2460789E-01   0.5572133E-07
   0.2478242E-01   0.5516965E-07
   0.2495694E-01   0.5464707E-07
   0.2513147E-01   0.5410271E-07
   0.2530599E-01   0.5367682E-07
   0.2548051E-01   0.5328243E-07
   0.2565504E-01   0.5292727E-07
   0.2582956E-01   0.5272180E-07
   0.2600409E-01   0.5257725E-07
   0.2617861E-01   0.5248489E-07
   0.2635313E-01   0.5246946E-07
   0.2652766E-01   0.5259201E-07
   0.2670218E-01   0.5272649E-07
   0.2687671E-01   0.5292393E-07
   0.2705123E-01   0.5317897E-07
   0.2722575E-01   0.5327705E-07
   0.2740028E-01   0.5344556E-07
   0.2757480E-01   0.5355679E-07
   0.2774933E-01   0.5353866E-07
   0.2792385E-01   0.5351120E-07
   0.2809837E-01   0.5348610E-07
   0.2827290E-01   0.5333052E-07
   0.2844742E-01   0.5315333E-07
   0.2862195E-01   0.5297841E-07
   0.2879647E-01   0.5280241E-07
   0.2897099E-01   0.5249759E-07
   0.2914552E-01   0.5235414E-07
   0.2932004E-01   0.5211351E-07
   0.2949457E-01   0.5174660E-07
   0.2966909E-01   0.5154704E-07
   0.2984362E-01   0.5123845E-07
   0.3001814E-01   0.5091080E-07
   0.3019266E-01   0.5065707E-07
   0.3036719E-01   0.5027266E-07
   0.3054171E-01   0.4991407E-07
   0.3071623E-01   0.4964063E-07
   0.3089076E-01   0.4931393E-07
   0.3106528E-01   0.4895408E-07
   0.3123981E-01   0.4867210E-07
   0.3141433E-01   0.4835901E-07
   0.3158886E-01   0.4799023E-07
   0.3176338E-01   0.4762904E-07
   0.3193790E-01   0.4723742E-07
   0.3211243E-01   0.4682977E-07
   0.3228695E-01   0.4636363E-07
   0.3246148E-01   0.4583373E-07
   0.3263600E-01   0.4535710E-07
   0.3281052E-01   0.4470897E-07
   0.3298505E-01   0.4411127E-07
   0.3315957E-01   0.4351303E-07
   0.3333410E-01   0.4281132E-07
   0.3350862E-01   0.4205756E-07
   0.3368314E-01   0.4138282E-07
   0.3385767E-01   0.4065089E-07
   0.3403219E-01   0.3990144E-07
   0.3420672E-01   0.3903877E-07
   0.3438124E-01   0.3829025E-07
   0.3455576E-01   0.3753279E-07
   0.3473029E-01   0.3656893E-07
   0.3490481E-01   0.3579225E-07
