        4.80        3.90
NULL
$r$
radial profile
0 0 0
0
   0.1100000E+31  -0.1100000E+31    5
   0.1100000E+31  -0.1100000E+31    5
    0
CURVE
     201
NULL
black_solid
NULL
    0.000000        0.000000    
   0.1745241E-03   0.7493545E-08
   0.3490481E-03  -0.8739648E-08
   0.5235722E-03   0.1901171E-08
   0.6980962E-03   0.3170572E-08
   0.8726203E-03   0.2594399E-09
   0.1047144E-02   0.1271398E-08
   0.1221668E-02   0.3504775E-08
   0.1396192E-02   0.2331821E-08
   0.1570717E-02   0.9549552E-09
   0.1745241E-02   0.1274823E-08
   0.1919765E-02   0.4544574E-08
   0.2094289E-02   0.4541140E-08
   0.2268813E-02   0.3926619E-08
   0.2443337E-02   0.5691002E-08
   0.2617861E-02   0.6677867E-08
   0.2792385E-02   0.6172304E-08
   0.2966909E-02   0.6772777E-08
   0.3141433E-02   0.7717615E-08
   0.3315957E-02   0.7251180E-08
   0.3490481E-02   0.7558020E-08
   0.3665005E-02   0.7724965E-08
   0.3839529E-02   0.7729775E-08
   0.4014053E-02   0.8208919E-08
   0.4188578E-02   0.8642846E-08
   0.4363101E-02   0.9447096E-08
   0.4537626E-02   0.1044010E-07
   0.4712150E-02   0.1114231E-07
   0.4886674E-02   0.1266520E-07
   0.5061198E-02   0.1357369E-07
   0.5235722E-02   0.1493677E-07
   0.5410246E-02   0.1605142E-07
   0.5584770E-02   0.1707101E-07
   0.5759294E-02   0.1809100E-07
   0.5933818E-02   0.1902172E-07
   0.6108342E-02   0.1947097E-07
   0.6282866E-02   0.1986448E-07
   0.6457390E-02   0.2013391E-07
   0.6631915E-02   0.2028495E-07
   0.6806438E-02   0.2038099E-07
   0.6980963E-02   0.2040293E-07
   0.7155487E-02   0.2010536E-07
   0.7330011E-02   0.2026195E-07
   0.7504535E-02   0.1990165E-07
   0.7679059E-02   0.1962160E-07
   0.7853583E-02   0.1935513E-07
   0.8028107E-02   0.1889135E-07
   0.8202631E-02   0.1855370E-07
   0.8377155E-02   0.1750071E-07
   0.8551680E-02   0.1674349E-07
   0.8726203E-02   0.1583947E-07
   0.8900727E-02   0.1469475E-07
   0.9075251E-02   0.1380076E-07
   0.9249776E-02   0.1287319E-07
   0.9424300E-02   0.1191503E-07
   0.9598823E-02   0.1103579E-07
   0.9773348E-02   0.1066677E-07
   0.9947872E-02   0.1033029E-07
   0.1012240E-01   0.9877829E-08
   0.1029692E-01   0.9999265E-08
   0.1047144E-01   0.1025612E-07
   0.1064597E-01   0.1037499E-07
   0.1082049E-01   0.1105091E-07
   0.1099502E-01   0.1147893E-07
   0.1116954E-01   0.1212096E-07
   0.1134406E-01   0.1268306E-07
   0.1151859E-01   0.1326282E-07
   0.1169311E-01   0.1364801E-07
   0.1186764E-01   0.1401088E-07
   0.1204216E-01   0.1460227E-07
   0.1221668E-01   0.1466987E-07
   0.1239121E-01   0.1461215E-07
   0.1256573E-01   0.1471021E-07
   0.1274026E-01   0.1457203E-07
   0.1291478E-01   0.1423515E-07
   0.1308930E-01   0.1397566E-07
   0.1326383E-01   0.1352020E-07
   0.1343835E-01   0.1297764E-07
   0.1361288E-01   0.1222732E-07
   0.1378740E-01   0.1146803E-07
   0.1396193E-01   0.1067522E-07
   0.1413645E-01   0.9658642E-08
   0.1431097E-01   0.8989875E-08
   0.1448550E-01   0.7959548E-08
   0.1466002E-01   0.7155234E-08
   0.1483455E-01   0.6622207E-08
   0.1500907E-01   0.5948771E-08
   0.1518359E-01   0.4901151E-08
   0.1535812E-01   0.4894521E-08
   0.1553264E-01   0.4284449E-08
   0.1570717E-01   0.3651930E-08
   0.1588169E-01   0.3680796E-08
   0.1605621E-01   0.3388532E-08
   0.1623074E-01   0.3220264E-08
   0.1640526E-01   0.3009285E-08
   0.1657979E-01   0.3004012E-08
   0.1675431E-01   0.3181089E-08
   0.1692883E-01   0.3072959E-08
   0.1710336E-01   0.3369205E-08
   0.1727788E-01   0.3462680E-08
   0.1745241E-01   0.3789800E-08
   0.1762693E-01   0.4087408E-08
   0.1780145E-01   0.4320531E-08
   0.1797598E-01   0.4818631E-08
   0.1815050E-01   0.5284821E-08
   0.1832503E-01   0.5618610E-08
   0.1849955E-01   0.6102904E-08
   0.1867408E-01   0.6400640E-08
   0.1884860E-01   0.6465934E-08
   0.1902312E-01   0.6751423E-08
   0.1919765E-01   0.6606386E-08
   0.1937217E-01   0.6636141E-08
   0.1954670E-01   0.6337734E-08
   0.1972122E-01   0.6063188E-08
   0.1989574E-01   0.5656280E-08
   0.2007027E-01   0.5424899E-08
   0.2024479E-01   0.5243259E-08
   0.2041932E-01   0.4772235E-08
   0.2059384E-01   0.4552173E-08
   0.2076836E-01   0.4313682E-08
   0.2094289E-01   0.3918248E-08
   0.2111741E-01   0.3834973E-08
   0.2129194E-01   0.3526443E-08
   0.2146646E-01   0.3322898E-08
   0.2164098E-01   0.3307187E-08
   0.2181551E-01   0.3067627E-08
   0.2199003E-01   0.2851926E-08
   0.2216456E-01   0.2913131E-08
   0.2233908E-01   0.2608163E-08
   0.2251360E-01   0.2668973E-08
   0.2268813E-01   0.2546290E-08
   0.2286265E-01   0.2441360E-08
   0.2303718E-01   0.2946906E-08
   0.2321170E-01   0.3065464E-08
   0.2338623E-01   0.3632379E-08
   0.2356075E-01   0.4333161E-08
   0.2373527E-01   0.4982890E-08
   0.2390980E-01   0.5885874E-08
   0.2408432E-01   0.6586534E-08
   0.2425884E-01   0.7683546E-08
   0.2443337E-01   0.8642027E-08
   0.2460789E-01   0.9416899E-08
   0.2478242E-01   0.1025071E-07
   0.2495694E-01   0.1084751E-07
   0.2513147E-01   0.1146217E-07
   0.2530599E-01   0.1174779E-07
   0.2548051E-01   0.1189044E-07
   0.2565504E-01   0.1221511E-07
   0.2582956E-01   0.1194248E-07
   0.2600409E-01   0.1178891E-07
   0.2617861E-01   0.1144223E-07
   0.2635313E-01   0.1118506E-07
   0.2652766E-01   0.1062527E-07
   0.2670218E-01   0.1018220E-07
   0.2687671E-01   0.9534824E-08
   0.2705123E-01   0.9284271E-08
   0.2722575E-01   0.8978920E-08
   0.2740028E-01   0.8207019E-08
   0.2757480E-01   0.7968833E-08
   0.2774933E-01   0.7495719E-08
   0.2792385E-01   0.7119296E-08
   0.2809837E-01   0.6775021E-08
   0.2827290E-01   0.6475366E-08
   0.2844742E-01   0.6345882E-08
   0.2862195E-01   0.6118626E-08
   0.2879647E-01   0.5930037E-08
   0.2897099E-01   0.5789556E-08
   0.2914552E-01   0.5722745E-08
   0.2932004E-01   0.5797860E-08
   0.2949457E-01   0.5642080E-08
   0.2966909E-01   0.5834692E-08
   0.2984362E-01   0.5964416E-08
   0.3001814E-01   0.6126792E-08
   0.3019266E-01   0.6205213E-08
   0.3036719E-01   0.6156547E-08
   0.3054171E-01   0.6471195E-08
   0.3071623E-01   0.6643450E-08
   0.3089076E-01   0.6590463E-08
   0.3106528E-01   0.6744145E-08
   0.3123981E-01   0.6813723E-08
   0.3141433E-01   0.6810683E-08
   0.3158886E-01   0.6743676E-08
   0.3176338E-01   0.6653638E-08
   0.3193790E-01   0.6551678E-08
   0.3211243E-01   0.6474564E-08
   0.3228695E-01   0.6176063E-08
   0.3246148E-01   0.5935435E-08
   0.3263600E-01   0.5837216E-08
   0.3281052E-01   0.5531279E-08
   0.3298505E-01   0.5233490E-08
   0.3315957E-01   0.5060258E-08
   0.3333410E-01   0.4904612E-08
   0.3350862E-01   0.4817319E-08
   0.3368314E-01   0.4710924E-08
   0.3385767E-01   0.4742032E-08
   0.3403219E-01   0.4847447E-08
   0.3420672E-01   0.4935691E-08
   0.3438124E-01   0.4974696E-08
   0.3455576E-01   0.5153593E-08
   0.3473029E-01   0.5270643E-08
   0.3490481E-01   0.5410536E-08
