        4.80        3.90
NULL
$r$
radial profile
0 0 0
0
   0.1100000E+31  -0.1100000E+31    5
   0.1100000E+31  -0.1100000E+31    5
    0
CURVE
     201
NULL
black_solid
NULL
    0.000000        0.000000    
   0.1745241E-03   0.6002485E-10
   0.3490481E-03   0.5194365E-07
   0.5235722E-03   0.7782927E-07
   0.6980962E-03   0.1138944E-06
   0.8726203E-03   0.1904280E-06
   0.1047144E-02   0.2626954E-06
   0.1221668E-02   0.3205290E-06
   0.1396192E-02   0.3987971E-06
   0.1570717E-02   0.4664702E-06
   0.1745241E-02   0.5275477E-06
   0.1919765E-02   0.5820000E-06
   0.2094289E-02   0.6236335E-06
   0.2268813E-02   0.6608439E-06
   0.2443337E-02   0.6866015E-06
   0.2617861E-02   0.7001094E-06
   0.2792385E-02   0.7079203E-06
   0.2966909E-02   0.7084674E-06
   0.3141433E-02   0.7025178E-06
   0.3315957E-02   0.6902176E-06
   0.3490481E-02   0.6759282E-06
   0.3665005E-02   0.6595678E-06
   0.3839529E-02   0.6388636E-06
   0.4014053E-02   0.6187786E-06
   0.4188578E-02   0.5979965E-06
   0.4363101E-02   0.5752964E-06
   0.4537626E-02   0.5541722E-06
   0.4712150E-02   0.5323988E-06
   0.4886674E-02   0.5104108E-06
   0.5061198E-02   0.4906138E-06
   0.5235722E-02   0.4698833E-06
   0.5410246E-02   0.4502734E-06
   0.5584770E-02   0.4327648E-06
   0.5759294E-02   0.4152792E-06
   0.5933818E-02   0.3990924E-06
   0.6108342E-02   0.3847722E-06
   0.6282866E-02   0.3708607E-06
   0.6457390E-02   0.3584125E-06
   0.6631915E-02   0.3468046E-06
   0.6806438E-02   0.3355606E-06
   0.6980963E-02   0.3253161E-06
   0.7155487E-02   0.3151455E-06
   0.7330011E-02   0.3050837E-06
   0.7504535E-02   0.2959947E-06
   0.7679059E-02   0.2868364E-06
   0.7853583E-02   0.2775124E-06
   0.8028107E-02   0.2693497E-06
   0.8202631E-02   0.2614636E-06
   0.8377155E-02   0.2537485E-06
   0.8551680E-02   0.2467705E-06
   0.8726203E-02   0.2406480E-06
   0.8900727E-02   0.2346565E-06
   0.9075251E-02   0.2292739E-06
   0.9249776E-02   0.2245474E-06
   0.9424300E-02   0.2198133E-06
   0.9598823E-02   0.2155587E-06
   0.9773348E-02   0.2113080E-06
   0.9947872E-02   0.2072106E-06
   0.1012240E-01   0.2032123E-06
   0.1029692E-01   0.1988398E-06
   0.1047144E-01   0.1947734E-06
   0.1064597E-01   0.1908234E-06
   0.1082049E-01   0.1865007E-06
   0.1099502E-01   0.1826190E-06
   0.1116954E-01   0.1791323E-06
   0.1134406E-01   0.1753150E-06
   0.1151859E-01   0.1719378E-06
   0.1169311E-01   0.1688978E-06
   0.1186764E-01   0.1658024E-06
   0.1204216E-01   0.1630471E-06
   0.1221668E-01   0.1603762E-06
   0.1239121E-01   0.1579045E-06
   0.1256573E-01   0.1555756E-06
   0.1274026E-01   0.1532555E-06
   0.1291478E-01   0.1511483E-06
   0.1308930E-01   0.1490218E-06
   0.1326383E-01   0.1469398E-06
   0.1343835E-01   0.1450402E-06
   0.1361288E-01   0.1432405E-06
   0.1378740E-01   0.1413286E-06
   0.1396193E-01   0.1395180E-06
   0.1413645E-01   0.1376341E-06
   0.1431097E-01   0.1356869E-06
   0.1448550E-01   0.1338105E-06
   0.1466002E-01   0.1318772E-06
   0.1483455E-01   0.1297862E-06
   0.1500907E-01   0.1277404E-06
   0.1518359E-01   0.1257644E-06
   0.1535812E-01   0.1237249E-06
   0.1553264E-01   0.1218184E-06
   0.1570717E-01   0.1200203E-06
   0.1588169E-01   0.1182751E-06
   0.1605621E-01   0.1169087E-06
   0.1623074E-01   0.1154673E-06
   0.1640526E-01   0.1142391E-06
   0.1657979E-01   0.1132380E-06
   0.1675431E-01   0.1120656E-06
   0.1692883E-01   0.1112028E-06
   0.1710336E-01   0.1102014E-06
   0.1727788E-01   0.1092778E-06
   0.1745241E-01   0.1081542E-06
   0.1762693E-01   0.1071856E-06
   0.1780145E-01   0.1059228E-06
   0.1797598E-01   0.1047233E-06
   0.1815050E-01   0.1034169E-06
   0.1832503E-01   0.1020690E-06
   0.1849955E-01   0.1008946E-06
   0.1867408E-01   0.9963490E-07
   0.1884860E-01   0.9839786E-07
   0.1902312E-01   0.9737221E-07
   0.1919765E-01   0.9638150E-07
   0.1937217E-01   0.9530568E-07
   0.1954670E-01   0.9445866E-07
   0.1972122E-01   0.9364796E-07
   0.1989574E-01   0.9284424E-07
   0.2007027E-01   0.9210164E-07
   0.2024479E-01   0.9136798E-07
   0.2041932E-01   0.9077344E-07
   0.2059384E-01   0.9005209E-07
   0.2076836E-01   0.8940128E-07
   0.2094289E-01   0.8878097E-07
   0.2111741E-01   0.8834506E-07
   0.2129194E-01   0.8774396E-07
   0.2146646E-01   0.8726666E-07
   0.2164098E-01   0.8672722E-07
   0.2181551E-01   0.8635471E-07
   0.2199003E-01   0.8588161E-07
   0.2216456E-01   0.8543022E-07
   0.2233908E-01   0.8505536E-07
   0.2251360E-01   0.8449466E-07
   0.2268813E-01   0.8404304E-07
   0.2286265E-01   0.8337624E-07
   0.2303718E-01   0.8289703E-07
   0.2321170E-01   0.8238268E-07
   0.2338623E-01   0.8168164E-07
   0.2356075E-01   0.8106844E-07
   0.2373527E-01   0.8049362E-07
   0.2390980E-01   0.7975689E-07
   0.2408432E-01   0.7901866E-07
   0.2425884E-01   0.7823128E-07
   0.2443337E-01   0.7748967E-07
   0.2460789E-01   0.7672246E-07
   0.2478242E-01   0.7587855E-07
   0.2495694E-01   0.7511532E-07
   0.2513147E-01   0.7437560E-07
   0.2530599E-01   0.7354281E-07
   0.2548051E-01   0.7268491E-07
   0.2565504E-01   0.7201945E-07
   0.2582956E-01   0.7143367E-07
   0.2600409E-01   0.7083042E-07
   0.2617861E-01   0.7037265E-07
   0.2635313E-01   0.7006929E-07
   0.2652766E-01   0.6972663E-07
   0.2670218E-01   0.6946927E-07
   0.2687671E-01   0.6924380E-07
   0.2705123E-01   0.6907086E-07
   0.2722575E-01   0.6892535E-07
   0.2740028E-01   0.6869202E-07
   0.2757480E-01   0.6854311E-07
   0.2774933E-01   0.6826676E-07
   0.2792385E-01   0.6808639E-07
   0.2809837E-01   0.6797539E-07
   0.2827290E-01   0.6775841E-07
   0.2844742E-01   0.6761458E-07
   0.2862195E-01   0.6760657E-07
   0.2879647E-01   0.6750852E-07
   0.2897099E-01   0.6735811E-07
   0.2914552E-01   0.6734781E-07
   0.2932004E-01   0.6725256E-07
   0.2949457E-01   0.6707028E-07
   0.2966909E-01   0.6689763E-07
   0.2984362E-01   0.6678408E-07
   0.3001814E-01   0.6637656E-07
   0.3019266E-01   0.6602431E-07
   0.3036719E-01   0.6554859E-07
   0.3054171E-01   0.6497384E-07
   0.3071623E-01   0.6443963E-07
   0.3089076E-01   0.6381965E-07
   0.3106528E-01   0.6298081E-07
   0.3123981E-01   0.6220346E-07
   0.3141433E-01   0.6147864E-07
   0.3158886E-01   0.6064317E-07
   0.3176338E-01   0.5979017E-07
   0.3193790E-01   0.5893841E-07
   0.3211243E-01   0.5813583E-07
   0.3228695E-01   0.5727176E-07
   0.3246148E-01   0.5638730E-07
   0.3263600E-01   0.5560731E-07
   0.3281052E-01   0.5478086E-07
   0.3298505E-01   0.5402063E-07
   0.3315957E-01   0.5332111E-07
   0.3333410E-01   0.5256892E-07
   0.3350862E-01   0.5207547E-07
   0.3368314E-01   0.5158416E-07
   0.3385767E-01   0.5100855E-07
   0.3403219E-01   0.5068772E-07
   0.3420672E-01   0.5045225E-07
   0.3438124E-01   0.5007125E-07
   0.3455576E-01   0.4990096E-07
   0.3473029E-01   0.4981447E-07
   0.3490481E-01   0.4958966E-07
