   0.00000E+00   0.00000E+00
   0.17452E-03   0.76177E-08
   0.34905E-03  -0.89596E-08
   0.52357E-03   0.16290E-08
   0.69810E-03   0.35341E-08
   0.87262E-03   0.64673E-10
   0.10471E-02   0.11569E-08
   0.12217E-02   0.37250E-08
   0.13962E-02   0.12719E-08
   0.15707E-02   0.32207E-10
   0.17452E-02   0.33576E-09
   0.19198E-02   0.24452E-08
   0.20943E-02   0.28098E-08
   0.22688E-02   0.22692E-08
   0.24433E-02   0.36411E-08
   0.26179E-02   0.52945E-08
   0.27924E-02   0.48822E-08
   0.29669E-02   0.61613E-08
   0.31414E-02   0.76783E-08
   0.33160E-02   0.78855E-08
   0.34905E-02   0.88414E-08
   0.36650E-02   0.95107E-08
   0.38395E-02   0.10043E-07
   0.40141E-02   0.10970E-07
   0.41886E-02   0.11464E-07
   0.43631E-02   0.12027E-07
   0.45376E-02   0.12553E-07
   0.47121E-02   0.12917E-07
   0.48867E-02   0.13265E-07
   0.50612E-02   0.13597E-07
   0.52357E-02   0.13878E-07
   0.54102E-02   0.13951E-07
   0.55848E-02   0.14067E-07
   0.57593E-02   0.14030E-07
   0.59338E-02   0.14100E-07
   0.61083E-02   0.14143E-07
   0.62829E-02   0.14031E-07
   0.64574E-02   0.13882E-07
   0.66319E-02   0.14024E-07
   0.68064E-02   0.13985E-07
   0.69810E-02   0.13999E-07
   0.71555E-02   0.14164E-07
   0.73300E-02   0.14264E-07
   0.75045E-02   0.14315E-07
   0.76791E-02   0.14376E-07
   0.78536E-02   0.14452E-07
   0.80281E-02   0.14417E-07
   0.82026E-02   0.14483E-07
   0.83772E-02   0.14231E-07
   0.85517E-02   0.13890E-07
   0.87262E-02   0.13743E-07
   0.89007E-02   0.13412E-07
   0.90753E-02   0.12906E-07
   0.92498E-02   0.12553E-07
   0.94243E-02   0.12143E-07
   0.95988E-02   0.11700E-07
   0.97733E-02   0.11293E-07
   0.99479E-02   0.11200E-07
   0.10122E-01   0.10882E-07
   0.10297E-01   0.10857E-07
   0.10471E-01   0.10857E-07
   0.10646E-01   0.10880E-07
   0.10820E-01   0.10997E-07
   0.10995E-01   0.11102E-07
   0.11170E-01   0.11460E-07
   0.11344E-01   0.11648E-07
   0.11519E-01   0.11877E-07
   0.11693E-01   0.12173E-07
   0.11868E-01   0.12395E-07
   0.12042E-01   0.12549E-07
   0.12217E-01   0.12675E-07
   0.12391E-01   0.12757E-07
   0.12566E-01   0.12741E-07
   0.12740E-01   0.12713E-07
   0.12915E-01   0.12580E-07
   0.13089E-01   0.12449E-07
   0.13264E-01   0.12250E-07
   0.13438E-01   0.11828E-07
   0.13613E-01   0.11314E-07
   0.13787E-01   0.10922E-07
   0.13962E-01   0.10394E-07
   0.14136E-01   0.97311E-08
   0.14311E-01   0.92640E-08
   0.14485E-01   0.86242E-08
   0.14660E-01   0.80018E-08
   0.14835E-01   0.75675E-08
   0.15009E-01   0.71763E-08
   0.15184E-01   0.65836E-08
   0.15358E-01   0.65457E-08
   0.15533E-01   0.62749E-08
   0.15707E-01   0.60285E-08
   0.15882E-01   0.61409E-08
   0.16056E-01   0.60796E-08
   0.16231E-01   0.62505E-08
   0.16405E-01   0.63017E-08
   0.16580E-01   0.64910E-08
   0.16754E-01   0.67970E-08
   0.16929E-01   0.69018E-08
   0.17103E-01   0.72105E-08
   0.17278E-01   0.75322E-08
   0.17452E-01   0.78910E-08
   0.17627E-01   0.81057E-08
   0.17801E-01   0.84608E-08
   0.17976E-01   0.88084E-08
   0.18151E-01   0.92222E-08
   0.18325E-01   0.95188E-08
   0.18500E-01   0.98800E-08
   0.18674E-01   0.10263E-07
   0.18849E-01   0.10505E-07
   0.19023E-01   0.10746E-07
   0.19198E-01   0.10999E-07
   0.19372E-01   0.11151E-07
   0.19547E-01   0.11160E-07
   0.19721E-01   0.11202E-07
   0.19896E-01   0.11101E-07
   0.20070E-01   0.11084E-07
   0.20245E-01   0.10922E-07
   0.20419E-01   0.10806E-07
   0.20594E-01   0.10604E-07
   0.20768E-01   0.10340E-07
   0.20943E-01   0.10148E-07
   0.21117E-01   0.99277E-08
   0.21292E-01   0.96359E-08
   0.21466E-01   0.94256E-08
   0.21641E-01   0.92252E-08
   0.21816E-01   0.89891E-08
   0.21990E-01   0.87427E-08
   0.22165E-01   0.86014E-08
   0.22339E-01   0.83265E-08
   0.22514E-01   0.81954E-08
   0.22688E-01   0.80779E-08
   0.22863E-01   0.78292E-08
   0.23037E-01   0.77732E-08
   0.23212E-01   0.76316E-08
   0.23386E-01   0.75568E-08
   0.23561E-01   0.74713E-08
   0.23735E-01   0.74520E-08
   0.23910E-01   0.74130E-08
   0.24084E-01   0.72716E-08
   0.24259E-01   0.72921E-08
   0.24433E-01   0.72659E-08
   0.24608E-01   0.71810E-08
   0.24782E-01   0.71127E-08
   0.24957E-01   0.70671E-08
   0.25131E-01   0.70321E-08
   0.25306E-01   0.69682E-08
   0.25481E-01   0.69380E-08
   0.25655E-01   0.69486E-08
   0.25830E-01   0.69361E-08
   0.26004E-01   0.69903E-08
   0.26179E-01   0.70271E-08
   0.26353E-01   0.71170E-08
   0.26528E-01   0.72687E-08
   0.26702E-01   0.73778E-08
   0.26877E-01   0.74519E-08
   0.27051E-01   0.76436E-08
   0.27226E-01   0.78311E-08
   0.27400E-01   0.77861E-08
   0.27575E-01   0.79510E-08
   0.27749E-01   0.79169E-08
   0.27924E-01   0.78650E-08
   0.28098E-01   0.78150E-08
   0.28273E-01   0.77044E-08
   0.28447E-01   0.76244E-08
   0.28622E-01   0.74370E-08
   0.28796E-01   0.73305E-08
   0.28971E-01   0.72267E-08
   0.29146E-01   0.70596E-08
   0.29320E-01   0.69720E-08
   0.29495E-01   0.68253E-08
   0.29669E-01   0.67939E-08
   0.29844E-01   0.67450E-08
   0.30018E-01   0.67029E-08
   0.30193E-01   0.67167E-08
   0.30367E-01   0.66969E-08
   0.30542E-01   0.67247E-08
   0.30716E-01   0.68161E-08
   0.30891E-01   0.67802E-08
   0.31065E-01   0.68514E-08
   0.31240E-01   0.68965E-08
   0.31414E-01   0.69693E-08
   0.31589E-01   0.71018E-08
   0.31763E-01   0.71284E-08
   0.31938E-01   0.71549E-08
   0.32112E-01   0.72245E-08
   0.32287E-01   0.71844E-08
   0.32461E-01   0.71595E-08
   0.32636E-01   0.70924E-08
   0.32811E-01   0.69669E-08
   0.32985E-01   0.68719E-08
   0.33160E-01   0.66620E-08
   0.33334E-01   0.65757E-08
   0.33509E-01   0.63469E-08
   0.33683E-01   0.61826E-08
   0.33858E-01   0.60611E-08
   0.34032E-01   0.59050E-08
   0.34207E-01   0.58262E-08
   0.34381E-01   0.57687E-08
   0.34556E-01   0.57898E-08
   0.34730E-01   0.59002E-08
   0.34905E-01   0.60466E-08
