        4.80        3.90
NULL
$r$
radial profile
0 0 0
0
   0.1100000E+31  -0.1100000E+31    5
   0.1100000E+31  -0.1100000E+31    5
    0
CURVE
     201
NULL
black_solid
NULL
    0.000000        0.000000    
   0.1745241E-03   0.5706900E-10
   0.3490481E-03   0.5181926E-07
   0.5235722E-03   0.7677219E-07
   0.6980962E-03   0.1124043E-06
   0.8726203E-03   0.1881566E-06
   0.1047144E-02   0.2595459E-06
   0.1221668E-02   0.3163642E-06
   0.1396192E-02   0.3935607E-06
   0.1570717E-02   0.4607147E-06
   0.1745241E-02   0.5210042E-06
   0.1919765E-02   0.5746404E-06
   0.2094289E-02   0.6162859E-06
   0.2268813E-02   0.6528911E-06
   0.2443337E-02   0.6782348E-06
   0.2617861E-02   0.6922406E-06
   0.2792385E-02   0.7003424E-06
   0.2966909E-02   0.7010793E-06
   0.3141433E-02   0.6956274E-06
   0.3315957E-02   0.6841418E-06
   0.3490481E-02   0.6703653E-06
   0.3665005E-02   0.6546900E-06
   0.3839529E-02   0.6348427E-06
   0.4014053E-02   0.6153690E-06
   0.4188578E-02   0.5952624E-06
   0.4363101E-02   0.5733353E-06
   0.4537626E-02   0.5526547E-06
   0.4712150E-02   0.5312343E-06
   0.4886674E-02   0.5099333E-06
   0.5061198E-02   0.4904674E-06
   0.5235722E-02   0.4701128E-06
   0.5410246E-02   0.4507731E-06
   0.5584770E-02   0.4334113E-06
   0.5759294E-02   0.4162723E-06
   0.5933818E-02   0.4000155E-06
   0.6108342E-02   0.3856276E-06
   0.6282866E-02   0.3718671E-06
   0.6457390E-02   0.3593649E-06
   0.6631915E-02   0.3474474E-06
   0.6806438E-02   0.3360628E-06
   0.6980963E-02   0.3259177E-06
   0.7155487E-02   0.3156480E-06
   0.7330011E-02   0.3053127E-06
   0.7504535E-02   0.2964192E-06
   0.7679059E-02   0.2872346E-06
   0.7853583E-02   0.2779654E-06
   0.8028107E-02   0.2700536E-06
   0.8202631E-02   0.2624290E-06
   0.8377155E-02   0.2550539E-06
   0.8551680E-02   0.2484524E-06
   0.8726203E-02   0.2425799E-06
   0.8900727E-02   0.2370205E-06
   0.9075251E-02   0.2319647E-06
   0.9249776E-02   0.2272132E-06
   0.9424300E-02   0.2226935E-06
   0.9598823E-02   0.2185833E-06
   0.9773348E-02   0.2142714E-06
   0.9947872E-02   0.2100898E-06
   0.1012240E-01   0.2058559E-06
   0.1029692E-01   0.2015059E-06
   0.1047144E-01   0.1973637E-06
   0.1064597E-01   0.1933481E-06
   0.1082049E-01   0.1891855E-06
   0.1099502E-01   0.1852603E-06
   0.1116954E-01   0.1817952E-06
   0.1134406E-01   0.1780813E-06
   0.1151859E-01   0.1746268E-06
   0.1169311E-01   0.1716797E-06
   0.1186764E-01   0.1685273E-06
   0.1204216E-01   0.1654930E-06
   0.1221668E-01   0.1626187E-06
   0.1239121E-01   0.1598947E-06
   0.1256573E-01   0.1570743E-06
   0.1274026E-01   0.1544151E-06
   0.1291478E-01   0.1518257E-06
   0.1308930E-01   0.1489737E-06
   0.1326383E-01   0.1463748E-06
   0.1343835E-01   0.1440682E-06
   0.1361288E-01   0.1416792E-06
   0.1378740E-01   0.1392926E-06
   0.1396193E-01   0.1371401E-06
   0.1413645E-01   0.1348855E-06
   0.1431097E-01   0.1324624E-06
   0.1448550E-01   0.1304946E-06
   0.1466002E-01   0.1284187E-06
   0.1483455E-01   0.1260306E-06
   0.1500907E-01   0.1239017E-06
   0.1518359E-01   0.1219123E-06
   0.1535812E-01   0.1197276E-06
   0.1553264E-01   0.1178523E-06
   0.1570717E-01   0.1160631E-06
   0.1588169E-01   0.1143414E-06
   0.1605621E-01   0.1129873E-06
   0.1623074E-01   0.1116620E-06
   0.1640526E-01   0.1104720E-06
   0.1657979E-01   0.1095765E-06
   0.1675431E-01   0.1085047E-06
   0.1692883E-01   0.1075620E-06
   0.1710336E-01   0.1066255E-06
   0.1727788E-01   0.1057333E-06
   0.1745241E-01   0.1045601E-06
   0.1762693E-01   0.1036166E-06
   0.1780145E-01   0.1022419E-06
   0.1797598E-01   0.1009320E-06
   0.1815050E-01   0.9940935E-07
   0.1832503E-01   0.9802268E-07
   0.1849955E-01   0.9670657E-07
   0.1867408E-01   0.9532200E-07
   0.1884860E-01   0.9423186E-07
   0.1902312E-01   0.9306342E-07
   0.1919765E-01   0.9193829E-07
   0.1937217E-01   0.9107934E-07
   0.1954670E-01   0.9024545E-07
   0.1972122E-01   0.8944551E-07
   0.1989574E-01   0.8881531E-07
   0.2007027E-01   0.8804815E-07
   0.2024479E-01   0.8737116E-07
   0.2041932E-01   0.8665646E-07
   0.2059384E-01   0.8584521E-07
   0.2076836E-01   0.8498655E-07
   0.2094289E-01   0.8419106E-07
   0.2111741E-01   0.8354741E-07
   0.2129194E-01   0.8261736E-07
   0.2146646E-01   0.8192728E-07
   0.2164098E-01   0.8120571E-07
   0.2181551E-01   0.8059735E-07
   0.2199003E-01   0.8011730E-07
   0.2216456E-01   0.7960054E-07
   0.2233908E-01   0.7926127E-07
   0.2251360E-01   0.7883264E-07
   0.2268813E-01   0.7851657E-07
   0.2286265E-01   0.7812476E-07
   0.2303718E-01   0.7801519E-07
   0.2321170E-01   0.7780174E-07
   0.2338623E-01   0.7752092E-07
   0.2356075E-01   0.7726047E-07
   0.2373527E-01   0.7696928E-07
   0.2390980E-01   0.7655383E-07
   0.2408432E-01   0.7592642E-07
   0.2425884E-01   0.7532400E-07
   0.2443337E-01   0.7474401E-07
   0.2460789E-01   0.7385519E-07
   0.2478242E-01   0.7316764E-07
   0.2495694E-01   0.7233469E-07
   0.2513147E-01   0.7155082E-07
   0.2530599E-01   0.7063391E-07
   0.2548051E-01   0.6971231E-07
   0.2565504E-01   0.6879586E-07
   0.2582956E-01   0.6816324E-07
   0.2600409E-01   0.6749212E-07
   0.2617861E-01   0.6694664E-07
   0.2635313E-01   0.6669445E-07
   0.2652766E-01   0.6632428E-07
   0.2670218E-01   0.6617287E-07
   0.2687671E-01   0.6604093E-07
   0.2705123E-01   0.6605224E-07
   0.2722575E-01   0.6593328E-07
   0.2740028E-01   0.6600745E-07
   0.2757480E-01   0.6603527E-07
   0.2774933E-01   0.6589625E-07
   0.2792385E-01   0.6600778E-07
   0.2809837E-01   0.6608223E-07
   0.2827290E-01   0.6593505E-07
   0.2844742E-01   0.6602347E-07
   0.2862195E-01   0.6602972E-07
   0.2879647E-01   0.6610203E-07
   0.2897099E-01   0.6597523E-07
   0.2914552E-01   0.6600721E-07
   0.2932004E-01   0.6598043E-07
   0.2949457E-01   0.6566181E-07
   0.2966909E-01   0.6554386E-07
   0.2984362E-01   0.6550373E-07
   0.3001814E-01   0.6500100E-07
   0.3019266E-01   0.6482114E-07
   0.3036719E-01   0.6436825E-07
   0.3054171E-01   0.6384346E-07
   0.3071623E-01   0.6342351E-07
   0.3089076E-01   0.6298750E-07
   0.3106528E-01   0.6227554E-07
   0.3123981E-01   0.6168234E-07
   0.3141433E-01   0.6103189E-07
   0.3158886E-01   0.6026006E-07
   0.3176338E-01   0.5953305E-07
   0.3193790E-01   0.5876074E-07
   0.3211243E-01   0.5793890E-07
   0.3228695E-01   0.5716100E-07
   0.3246148E-01   0.5628476E-07
   0.3263600E-01   0.5541183E-07
   0.3281052E-01   0.5458755E-07
   0.3298505E-01   0.5370793E-07
   0.3315957E-01   0.5291405E-07
   0.3333410E-01   0.5201320E-07
   0.3350862E-01   0.5142585E-07
   0.3368314E-01   0.5079026E-07
   0.3385767E-01   0.5007686E-07
   0.3403219E-01   0.4962302E-07
   0.3420672E-01   0.4928323E-07
   0.3438124E-01   0.4878598E-07
   0.3455576E-01   0.4847081E-07
   0.3473029E-01   0.4823486E-07
   0.3490481E-01   0.4790811E-07
