        4.80        3.90
NULL
$r$
radial profile
0 0 0
0
   0.1100000E+31  -0.1100000E+31    5
   0.1100000E+31  -0.1100000E+31    5
    0
CURVE
     201
NULL
black_solid
NULL
    0.000000        0.000000    
   0.1745241E-03   0.6849864E-10
   0.3490481E-03   0.5215194E-07
   0.5235722E-03   0.7807229E-07
   0.6980962E-03   0.1140402E-06
   0.8726203E-03   0.1914393E-06
   0.1047144E-02   0.2636044E-06
   0.1221668E-02   0.3216606E-06
   0.1396192E-02   0.4006328E-06
   0.1570717E-02   0.4686569E-06
   0.1745241E-02   0.5300450E-06
   0.1919765E-02   0.5848893E-06
   0.2094289E-02   0.6267318E-06
   0.2268813E-02   0.6642770E-06
   0.2443337E-02   0.6900587E-06
   0.2617861E-02   0.7035178E-06
   0.2792385E-02   0.7113042E-06
   0.2966909E-02   0.7118114E-06
   0.3141433E-02   0.7057677E-06
   0.3315957E-02   0.6932993E-06
   0.3490481E-02   0.6790658E-06
   0.3665005E-02   0.6627667E-06
   0.3839529E-02   0.6419535E-06
   0.4014053E-02   0.6219898E-06
   0.4188578E-02   0.6015525E-06
   0.4363101E-02   0.5789515E-06
   0.4537626E-02   0.5579901E-06
   0.4712150E-02   0.5364346E-06
   0.4886674E-02   0.5147567E-06
   0.5061198E-02   0.4952016E-06
   0.5235722E-02   0.4745291E-06
   0.5410246E-02   0.4550375E-06
   0.5584770E-02   0.4376007E-06
   0.5759294E-02   0.4199289E-06
   0.5933818E-02   0.4035524E-06
   0.6108342E-02   0.3890572E-06
   0.6282866E-02   0.3747049E-06
   0.6457390E-02   0.3618680E-06
   0.6631915E-02   0.3499568E-06
   0.6806438E-02   0.3382368E-06
   0.6980963E-02   0.3276182E-06
   0.7155487E-02   0.3171538E-06
   0.7330011E-02   0.3066667E-06
   0.7504535E-02   0.2972516E-06
   0.7679059E-02   0.2877424E-06
   0.7853583E-02   0.2781923E-06
   0.8028107E-02   0.2698303E-06
   0.8202631E-02   0.2616618E-06
   0.8377155E-02   0.2537681E-06
   0.8551680E-02   0.2467398E-06
   0.8726203E-02   0.2404777E-06
   0.8900727E-02   0.2344672E-06
   0.9075251E-02   0.2290836E-06
   0.9249776E-02   0.2243160E-06
   0.9424300E-02   0.2196134E-06
   0.9598823E-02   0.2154573E-06
   0.9773348E-02   0.2112920E-06
   0.9947872E-02   0.2070962E-06
   0.1012240E-01   0.2031266E-06
   0.1029692E-01   0.1987984E-06
   0.1047144E-01   0.1946622E-06
   0.1064597E-01   0.1906297E-06
   0.1082049E-01   0.1863983E-06
   0.1099502E-01   0.1823758E-06
   0.1116954E-01   0.1787499E-06
   0.1134406E-01   0.1748751E-06
   0.1151859E-01   0.1714116E-06
   0.1169311E-01   0.1683202E-06
   0.1186764E-01   0.1650811E-06
   0.1204216E-01   0.1621706E-06
   0.1221668E-01   0.1593326E-06
   0.1239121E-01   0.1566726E-06
   0.1256573E-01   0.1541150E-06
   0.1274026E-01   0.1516099E-06
   0.1291478E-01   0.1492362E-06
   0.1308930E-01   0.1467775E-06
   0.1326383E-01   0.1444938E-06
   0.1343835E-01   0.1423872E-06
   0.1361288E-01   0.1403604E-06
   0.1378740E-01   0.1384089E-06
   0.1396193E-01   0.1365201E-06
   0.1413645E-01   0.1346391E-06
   0.1431097E-01   0.1329332E-06
   0.1448550E-01   0.1312153E-06
   0.1466002E-01   0.1295286E-06
   0.1483455E-01   0.1278095E-06
   0.1500907E-01   0.1261685E-06
   0.1518359E-01   0.1244628E-06
   0.1535812E-01   0.1226718E-06
   0.1553264E-01   0.1210238E-06
   0.1570717E-01   0.1194324E-06
   0.1588169E-01   0.1177002E-06
   0.1605621E-01   0.1163591E-06
   0.1623074E-01   0.1148829E-06
   0.1640526E-01   0.1134997E-06
   0.1657979E-01   0.1123893E-06
   0.1675431E-01   0.1110826E-06
   0.1692883E-01   0.1100425E-06
   0.1710336E-01   0.1089364E-06
   0.1727788E-01   0.1079200E-06
   0.1745241E-01   0.1067313E-06
   0.1762693E-01   0.1057110E-06
   0.1780145E-01   0.1045701E-06
   0.1797598E-01   0.1033697E-06
   0.1815050E-01   0.1021356E-06
   0.1832503E-01   0.1009222E-06
   0.1849955E-01   0.9979511E-07
   0.1867408E-01   0.9863945E-07
   0.1884860E-01   0.9752656E-07
   0.1902312E-01   0.9653581E-07
   0.1919765E-01   0.9555907E-07
   0.1937217E-01   0.9469920E-07
   0.1954670E-01   0.9382811E-07
   0.1972122E-01   0.9313037E-07
   0.1989574E-01   0.9259751E-07
   0.2007027E-01   0.9196046E-07
   0.2024479E-01   0.9143474E-07
   0.2041932E-01   0.9110339E-07
   0.2059384E-01   0.9062292E-07
   0.2076836E-01   0.9016892E-07
   0.2094289E-01   0.8978346E-07
   0.2111741E-01   0.8950341E-07
   0.2129194E-01   0.8907795E-07
   0.2146646E-01   0.8873157E-07
   0.2164098E-01   0.8835634E-07
   0.2181551E-01   0.8797495E-07
   0.2199003E-01   0.8754206E-07
   0.2216456E-01   0.8714252E-07
   0.2233908E-01   0.8666478E-07
   0.2251360E-01   0.8611433E-07
   0.2268813E-01   0.8563741E-07
   0.2286265E-01   0.8490826E-07
   0.2303718E-01   0.8437105E-07
   0.2321170E-01   0.8387214E-07
   0.2338623E-01   0.8310143E-07
   0.2356075E-01   0.8245324E-07
   0.2373527E-01   0.8186693E-07
   0.2390980E-01   0.8104036E-07
   0.2408432E-01   0.8022936E-07
   0.2425884E-01   0.7943960E-07
   0.2443337E-01   0.7858025E-07
   0.2460789E-01   0.7773588E-07
   0.2478242E-01   0.7678190E-07
   0.2495694E-01   0.7587033E-07
   0.2513147E-01   0.7509435E-07
   0.2530599E-01   0.7414695E-07
   0.2548051E-01   0.7319191E-07
   0.2565504E-01   0.7255352E-07
   0.2582956E-01   0.7196115E-07
   0.2600409E-01   0.7134016E-07
   0.2617861E-01   0.7089348E-07
   0.2635313E-01   0.7070621E-07
   0.2652766E-01   0.7042760E-07
   0.2670218E-01   0.7021123E-07
   0.2687671E-01   0.7017413E-07
   0.2705123E-01   0.7011524E-07
   0.2722575E-01   0.7001221E-07
   0.2740028E-01   0.6995297E-07
   0.2757480E-01   0.6986383E-07
   0.2774933E-01   0.6966911E-07
   0.2792385E-01   0.6953061E-07
   0.2809837E-01   0.6939428E-07
   0.2827290E-01   0.6915025E-07
   0.2844742E-01   0.6897212E-07
   0.2862195E-01   0.6880836E-07
   0.2879647E-01   0.6861204E-07
   0.2897099E-01   0.6836765E-07
   0.2914552E-01   0.6816889E-07
   0.2932004E-01   0.6795901E-07
   0.2949457E-01   0.6766045E-07
   0.2966909E-01   0.6738920E-07
   0.2984362E-01   0.6715965E-07
   0.3001814E-01   0.6672396E-07
   0.3019266E-01   0.6632980E-07
   0.3036719E-01   0.6587418E-07
   0.3054171E-01   0.6534481E-07
   0.3071623E-01   0.6485198E-07
   0.3089076E-01   0.6429173E-07
   0.3106528E-01   0.6351524E-07
   0.3123981E-01   0.6282710E-07
   0.3141433E-01   0.6216391E-07
   0.3158886E-01   0.6132436E-07
   0.3176338E-01   0.6049423E-07
   0.3193790E-01   0.5967634E-07
   0.3211243E-01   0.5881268E-07
   0.3228695E-01   0.5792107E-07
   0.3246148E-01   0.5698674E-07
   0.3263600E-01   0.5614919E-07
   0.3281052E-01   0.5529679E-07
   0.3298505E-01   0.5445408E-07
   0.3315957E-01   0.5372231E-07
   0.3333410E-01   0.5295130E-07
   0.3350862E-01   0.5235393E-07
   0.3368314E-01   0.5185247E-07
   0.3385767E-01   0.5127653E-07
   0.3403219E-01   0.5086651E-07
   0.3420672E-01   0.5062854E-07
   0.3438124E-01   0.5026617E-07
   0.3455576E-01   0.5008480E-07
   0.3473029E-01   0.5000962E-07
   0.3490481E-01   0.4984182E-07
