        4.80        3.90
NULL
$r$
radial profile
0 0 0
0
   0.1100000E+31  -0.1100000E+31    5
   0.1100000E+31  -0.1100000E+31    5
    0
CURVE
     201
NULL
black_solid
NULL
    0.000000        0.000000    
   0.1745241E-03  -0.1826843E-10
   0.3490481E-03  -0.2109717E-09
   0.5235722E-03  -0.3270745E-09
   0.6980962E-03  -0.2677584E-09
   0.8726203E-03  -0.6966462E-09
   0.1047144E-02  -0.8462627E-09
   0.1221668E-02  -0.9365152E-09
   0.1396192E-02  -0.9686488E-09
   0.1570717E-02  -0.1265706E-08
   0.1745241E-02  -0.1124534E-08
   0.1919765E-02  -0.1094355E-08
   0.2094289E-02  -0.1114651E-08
   0.2268813E-02  -0.1036681E-08
   0.2443337E-02  -0.8751501E-09
   0.2617861E-02  -0.7695359E-09
   0.2792385E-02  -0.9060301E-09
   0.2966909E-02  -0.7737034E-09
   0.3141433E-02  -0.5188430E-09
   0.3315957E-02  -0.8653007E-09
   0.3490481E-02  -0.9244057E-09
   0.3665005E-02  -0.7963077E-09
   0.3839529E-02  -0.1064066E-08
   0.4014053E-02  -0.1072462E-08
   0.4188578E-02  -0.9751002E-09
   0.4363101E-02  -0.1164410E-08
   0.4537626E-02  -0.9247664E-09
   0.4712150E-02  -0.8644044E-09
   0.4886674E-02  -0.6287082E-09
   0.5061198E-02  -0.2986957E-10
   0.5235722E-02   0.3034062E-09
   0.5410246E-02   0.6244064E-09
   0.5584770E-02   0.1090566E-08
   0.5759294E-02   0.1316123E-08
   0.5933818E-02   0.1642434E-08
   0.6108342E-02   0.1837441E-08
   0.6282866E-02   0.1787562E-08
   0.6457390E-02   0.1753456E-08
   0.6631915E-02   0.1679345E-08
   0.6806438E-02   0.1278466E-08
   0.6980963E-02   0.8969507E-09
   0.7155487E-02   0.5828977E-09
   0.7330011E-02  -0.1225438E-09
   0.7504535E-02  -0.5044621E-09
   0.7679059E-02  -0.1004328E-08
   0.7853583E-02  -0.1404052E-08
   0.8028107E-02  -0.1801792E-08
   0.8202631E-02  -0.2058914E-08
   0.8377155E-02  -0.2183681E-08
   0.8551680E-02  -0.2272462E-08
   0.8726203E-02  -0.2493002E-08
   0.8900727E-02  -0.2379420E-08
   0.9075251E-02  -0.2497040E-08
   0.9249776E-02  -0.2425996E-08
   0.9424300E-02  -0.2426364E-08
   0.9598823E-02  -0.2330064E-08
   0.9773348E-02  -0.2075770E-08
   0.9947872E-02  -0.1965160E-08
   0.1012240E-01  -0.1686592E-08
   0.1029692E-01  -0.1408813E-08
   0.1047144E-01  -0.1103728E-08
   0.1064597E-01  -0.8291102E-09
   0.1082049E-01  -0.4751920E-09
   0.1099502E-01  -0.1971156E-09
   0.1116954E-01  -0.4139535E-10
   0.1134406E-01   0.1621596E-09
   0.1151859E-01   0.3386645E-09
   0.1169311E-01   0.3222954E-09
   0.1186764E-01   0.4342988E-09
   0.1204216E-01   0.3308774E-09
   0.1221668E-01   0.1937480E-09
   0.1239121E-01   0.1318268E-09
   0.1256573E-01  -0.9006869E-10
   0.1274026E-01  -0.3226477E-09
   0.1291478E-01  -0.5627759E-09
   0.1308930E-01  -0.6618656E-09
   0.1326383E-01  -0.7743111E-09
   0.1343835E-01  -0.8444000E-09
   0.1361288E-01  -0.9139560E-09
   0.1378740E-01  -0.8491270E-09
   0.1396193E-01  -0.8886975E-09
   0.1413645E-01  -0.8630548E-09
   0.1431097E-01  -0.7895217E-09
   0.1448550E-01  -0.7277576E-09
   0.1466002E-01  -0.6906439E-09
   0.1483455E-01  -0.5896913E-09
   0.1500907E-01  -0.4860022E-09
   0.1518359E-01  -0.4494881E-09
   0.1535812E-01  -0.2824002E-09
   0.1553264E-01  -0.1677647E-09
   0.1570717E-01   0.7566946E-10
   0.1588169E-01   0.2118928E-09
   0.1605621E-01   0.3609812E-09
   0.1623074E-01   0.5033893E-09
   0.1640526E-01   0.7687430E-09
   0.1657979E-01   0.8537374E-09
   0.1675431E-01   0.1004843E-08
   0.1692883E-01   0.1252710E-08
   0.1710336E-01   0.1471672E-08
   0.1727788E-01   0.1571821E-08
   0.1745241E-01   0.1873118E-08
   0.1762693E-01   0.2092176E-08
   0.1780145E-01   0.2243157E-08
   0.1797598E-01   0.2436449E-08
   0.1815050E-01   0.2664482E-08
   0.1832503E-01   0.2761155E-08
   0.1849955E-01   0.2853467E-08
   0.1867408E-01   0.2925348E-08
   0.1884860E-01   0.2874084E-08
   0.1902312E-01   0.2800427E-08
   0.1919765E-01   0.2643662E-08
   0.1937217E-01   0.2286941E-08
   0.1954670E-01   0.2010744E-08
   0.1972122E-01   0.1635257E-08
   0.1989574E-01   0.1151355E-08
   0.2007027E-01   0.6392129E-09
   0.2024479E-01   0.1402412E-09
   0.2041932E-01  -0.4215550E-09
   0.2059384E-01  -0.9053539E-09
   0.2076836E-01  -0.1316966E-08
   0.2094289E-01  -0.1710411E-08
   0.2111741E-01  -0.2061892E-08
   0.2129194E-01  -0.2342982E-08
   0.2146646E-01  -0.2520358E-08
   0.2164098E-01  -0.2596590E-08
   0.2181551E-01  -0.2644870E-08
   0.2199003E-01  -0.2687329E-08
   0.2216456E-01  -0.2643390E-08
   0.2233908E-01  -0.2526380E-08
   0.2251360E-01  -0.2426373E-08
   0.2268813E-01  -0.2262518E-08
   0.2286265E-01  -0.2155002E-08
   0.2303718E-01  -0.2013234E-08
   0.2321170E-01  -0.1908190E-08
   0.2338623E-01  -0.1886574E-08
   0.2356075E-01  -0.1801979E-08
   0.2373527E-01  -0.1709559E-08
   0.2390980E-01  -0.1755476E-08
   0.2408432E-01  -0.1691138E-08
   0.2425884E-01  -0.1637142E-08
   0.2443337E-01  -0.1568448E-08
   0.2460789E-01  -0.1437499E-08
   0.2478242E-01  -0.1451507E-08
   0.2495694E-01  -0.1222010E-08
   0.2513147E-01  -0.1034823E-08
   0.2530599E-01  -0.8987255E-09
   0.2548051E-01  -0.6052263E-09
   0.2565504E-01  -0.3053328E-09
   0.2582956E-01  -0.3047406E-10
   0.2600409E-01   0.2910429E-09
   0.2617861E-01   0.6090289E-09
   0.2635313E-01   0.9369091E-09
   0.2652766E-01   0.1205736E-08
   0.2670218E-01   0.1446925E-08
   0.2687671E-01   0.1726892E-08
   0.2705123E-01   0.1885572E-08
   0.2722575E-01   0.2086015E-08
   0.2740028E-01   0.2239718E-08
   0.2757480E-01   0.2372539E-08
   0.2774933E-01   0.2425101E-08
   0.2792385E-01   0.2532861E-08
   0.2809837E-01   0.2589021E-08
   0.2827290E-01   0.2590865E-08
   0.2844742E-01   0.2664180E-08
   0.2862195E-01   0.2721153E-08
   0.2879647E-01   0.2643414E-08
   0.2897099E-01   0.2610346E-08
   0.2914552E-01   0.2550691E-08
   0.2932004E-01   0.2347992E-08
   0.2949457E-01   0.2228197E-08
   0.2966909E-01   0.2071654E-08
   0.2984362E-01   0.1840720E-08
   0.3001814E-01   0.1632017E-08
   0.3019266E-01   0.1372199E-08
   0.3036719E-01   0.1280215E-08
   0.3054171E-01   0.1176708E-08
   0.3071623E-01   0.1019948E-08
   0.3089076E-01   0.1009639E-08
   0.3106528E-01   0.1029345E-08
   0.3123981E-01   0.9932608E-09
   0.3141433E-01   0.1053950E-08
   0.3158886E-01   0.1126572E-08
   0.3176338E-01   0.1168265E-08
   0.3193790E-01   0.1135194E-08
   0.3211243E-01   0.1155562E-08
   0.3228695E-01   0.1079526E-08
   0.3246148E-01   0.9365932E-09
   0.3263600E-01   0.8679842E-09
   0.3281052E-01   0.7452418E-09
   0.3298505E-01   0.5220299E-09
   0.3315957E-01   0.3953437E-09
   0.3333410E-01   0.2956819E-09
   0.3350862E-01   0.1810477E-09
   0.3368314E-01   0.1332979E-09
   0.3385767E-01   0.1849639E-09
   0.3403219E-01   0.2146735E-09
   0.3420672E-01   0.3192219E-09
   0.3438124E-01   0.4617224E-09
   0.3455576E-01   0.5309665E-09
   0.3473029E-01   0.7354685E-09
   0.3490481E-01   0.9114403E-09
