        4.80        3.90
NULL
$r$
radial profile
0 0 0
0
   0.1100000E+31  -0.1100000E+31    5
   0.1100000E+31  -0.1100000E+31    5
    0
CURVE
     201
NULL
black_solid
NULL
    0.000000        0.000000    
   0.1745241E-03  -0.3165015E-10
   0.3490481E-03  -0.9426649E-10
   0.5235722E-03   0.2025124E-09
   0.6980962E-03   0.3042994E-09
   0.8726203E-03  -0.3683976E-09
   0.1047144E-02  -0.2791837E-09
   0.1221668E-02   0.9954639E-10
   0.1396192E-02  -0.6707526E-10
   0.1570717E-02  -0.5212005E-09
   0.1745241E-02  -0.3121860E-09
   0.1919765E-02  -0.4100972E-09
   0.2094289E-02  -0.7032269E-09
   0.2268813E-02  -0.7131074E-09
   0.2443337E-02  -0.8243750E-09
   0.2617861E-02  -0.1301517E-08
   0.2792385E-02  -0.1074525E-08
   0.2966909E-02  -0.1048967E-08
   0.3141433E-02  -0.1223223E-08
   0.3315957E-02  -0.1095884E-08
   0.3490481E-02  -0.1000688E-08
   0.3665005E-02  -0.1032112E-08
   0.3839529E-02  -0.9616974E-09
   0.4014053E-02  -0.6936196E-09
   0.4188578E-02  -0.5705262E-09
   0.4363101E-02  -0.4903681E-09
   0.4537626E-02  -0.2255847E-09
   0.4712150E-02   0.9372720E-10
   0.4886674E-02   0.1813701E-09
   0.5061198E-02   0.3772233E-09
   0.5235722E-02   0.6497838E-09
   0.5410246E-02   0.8571052E-09
   0.5584770E-02   0.1158989E-08
   0.5759294E-02   0.1035366E-08
   0.5933818E-02   0.1269142E-08
   0.6108342E-02   0.1251417E-08
   0.6282866E-02   0.1209717E-08
   0.6457390E-02   0.1173563E-08
   0.6631915E-02   0.1116137E-08
   0.6806438E-02   0.8429463E-09
   0.6980963E-02   0.5486178E-09
   0.7155487E-02   0.2224744E-09
   0.7330011E-02  -0.1279393E-09
   0.7504535E-02  -0.5207335E-09
   0.7679059E-02  -0.9798418E-09
   0.7853583E-02  -0.1254371E-08
   0.8028107E-02  -0.1692190E-08
   0.8202631E-02  -0.2147687E-08
   0.8377155E-02  -0.2428592E-08
   0.8551680E-02  -0.2765467E-08
   0.8726203E-02  -0.3097040E-08
   0.8900727E-02  -0.3265253E-08
   0.9075251E-02  -0.3527670E-08
   0.9249776E-02  -0.3792354E-08
   0.9424300E-02  -0.3895204E-08
   0.9598823E-02  -0.4037203E-08
   0.9773348E-02  -0.4325511E-08
   0.9947872E-02  -0.4488956E-08
   0.1012240E-01  -0.4597352E-08
   0.1029692E-01  -0.4888164E-08
   0.1047144E-01  -0.5036037E-08
   0.1064597E-01  -0.5190887E-08
   0.1082049E-01  -0.5222585E-08
   0.1099502E-01  -0.5303132E-08
   0.1116954E-01  -0.5255936E-08
   0.1134406E-01  -0.5051594E-08
   0.1151859E-01  -0.4844727E-08
   0.1169311E-01  -0.4709004E-08
   0.1186764E-01  -0.4285919E-08
   0.1204216E-01  -0.3877016E-08
   0.1221668E-01  -0.3479566E-08
   0.1239121E-01  -0.2968543E-08
   0.1256573E-01  -0.2494497E-08
   0.1274026E-01  -0.1969785E-08
   0.1291478E-01  -0.1426694E-08
   0.1308930E-01  -0.1025292E-08
   0.1326383E-01  -0.4872721E-09
   0.1343835E-01  -0.1499507E-09
   0.1361288E-01   0.1532943E-09
   0.1378740E-01   0.4568238E-09
   0.1396193E-01   0.7164068E-09
   0.1413645E-01   0.9538056E-09
   0.1431097E-01   0.1150972E-08
   0.1448550E-01   0.1316971E-08
   0.1466002E-01   0.1436705E-08
   0.1483455E-01   0.1445163E-08
   0.1500907E-01   0.1521300E-08
   0.1518359E-01   0.1670489E-08
   0.1535812E-01   0.1509945E-08
   0.1553264E-01   0.1566711E-08
   0.1570717E-01   0.1699186E-08
   0.1588169E-01   0.1483333E-08
   0.1605621E-01   0.1564373E-08
   0.1623074E-01   0.1601218E-08
   0.1640526E-01   0.1494140E-08
   0.1657979E-01   0.1573445E-08
   0.1675431E-01   0.1539400E-08
   0.1692883E-01   0.1516352E-08
   0.1710336E-01   0.1491853E-08
   0.1727788E-01   0.1497838E-08
   0.1745241E-01   0.1433072E-08
   0.1762693E-01   0.1426300E-08
   0.1780145E-01   0.1414604E-08
   0.1797598E-01   0.1471186E-08
   0.1815050E-01   0.1478186E-08
   0.1832503E-01   0.1559844E-08
   0.1849955E-01   0.1601904E-08
   0.1867408E-01   0.1645305E-08
   0.1884860E-01   0.1720716E-08
   0.1902312E-01   0.1763020E-08
   0.1919765E-01   0.1670751E-08
   0.1937217E-01   0.1763945E-08
   0.1954670E-01   0.1582597E-08
   0.1972122E-01   0.1500761E-08
   0.1989574E-01   0.1387689E-08
   0.2007027E-01   0.1137601E-08
   0.2024479E-01   0.1035204E-08
   0.2041932E-01   0.8105879E-09
   0.2059384E-01   0.5661160E-09
   0.2076836E-01   0.3189741E-09
   0.2094289E-01   0.8853911E-10
   0.2111741E-01  -0.2009341E-09
   0.2129194E-01  -0.4501253E-09
   0.2146646E-01  -0.6264788E-09
   0.2164098E-01  -0.8631365E-09
   0.2181551E-01  -0.1108732E-08
   0.2199003E-01  -0.1240039E-08
   0.2216456E-01  -0.1436348E-08
   0.2233908E-01  -0.1612958E-08
   0.2251360E-01  -0.1712670E-08
   0.2268813E-01  -0.1782435E-08
   0.2286265E-01  -0.1920201E-08
   0.2303718E-01  -0.1848395E-08
   0.2321170E-01  -0.1934575E-08
   0.2338623E-01  -0.1883255E-08
   0.2356075E-01  -0.1851971E-08
   0.2373527E-01  -0.1705063E-08
   0.2390980E-01  -0.1531607E-08
   0.2408432E-01  -0.1391050E-08
   0.2425884E-01  -0.1172343E-08
   0.2443337E-01  -0.1074056E-08
   0.2460789E-01  -0.8684536E-09
   0.2478242E-01  -0.8224275E-09
   0.2495694E-01  -0.7818265E-09
   0.2513147E-01  -0.6792220E-09
   0.2530599E-01  -0.8583277E-09
   0.2548051E-01  -0.9563188E-09
   0.2565504E-01  -0.1093289E-08
   0.2582956E-01  -0.1274468E-08
   0.2600409E-01  -0.1444190E-08
   0.2617861E-01  -0.1637880E-08
   0.2635313E-01  -0.1820386E-08
   0.2652766E-01  -0.1906779E-08
   0.2670218E-01  -0.1964630E-08
   0.2687671E-01  -0.2010389E-08
   0.2705123E-01  -0.2009481E-08
   0.2722575E-01  -0.1891831E-08
   0.2740028E-01  -0.1772277E-08
   0.2757480E-01  -0.1742391E-08
   0.2774933E-01  -0.1578057E-08
   0.2792385E-01  -0.1559157E-08
   0.2809837E-01  -0.1639433E-08
   0.2827290E-01  -0.1571931E-08
   0.2844742E-01  -0.1777357E-08
   0.2862195E-01  -0.1864657E-08
   0.2879647E-01  -0.2084581E-08
   0.2897099E-01  -0.2352412E-08
   0.2914552E-01  -0.2513237E-08
   0.2932004E-01  -0.2804063E-08
   0.2949457E-01  -0.2963714E-08
   0.2966909E-01  -0.3125999E-08
   0.2984362E-01  -0.3213759E-08
   0.3001814E-01  -0.3213805E-08
   0.3019266E-01  -0.3184781E-08
   0.3036719E-01  -0.3035121E-08
   0.3054171E-01  -0.2962550E-08
   0.3071623E-01  -0.2740558E-08
   0.3089076E-01  -0.2448355E-08
   0.3106528E-01  -0.2295694E-08
   0.3123981E-01  -0.2102386E-08
   0.3141433E-01  -0.1892794E-08
   0.3158886E-01  -0.1728018E-08
   0.3176338E-01  -0.1695111E-08
   0.3193790E-01  -0.1620154E-08
   0.3211243E-01  -0.1572636E-08
   0.3228695E-01  -0.1633145E-08
   0.3246148E-01  -0.1629567E-08
   0.3263600E-01  -0.1666703E-08
   0.3281052E-01  -0.1721454E-08
   0.3298505E-01  -0.1744715E-08
   0.3315957E-01  -0.1749034E-08
   0.3333410E-01  -0.1745945E-08
   0.3350862E-01  -0.1667753E-08
   0.3368314E-01  -0.1519911E-08
   0.3385767E-01  -0.1359756E-08
   0.3403219E-01  -0.1229235E-08
   0.3420672E-01  -0.1001205E-08
   0.3438124E-01  -0.8146008E-09
   0.3455576E-01  -0.5490354E-09
   0.3473029E-01  -0.2913331E-09
   0.3490481E-01   0.7247125E-11
