        4.80        3.90
NULL
$r$
radial profile
0 0 0
0
   0.1100000E+31  -0.1100000E+31    5
   0.1100000E+31  -0.1100000E+31    5
    0
CURVE
     201
NULL
black_solid
NULL
    0.000000        0.000000    
   0.1745241E-03   0.7714580E-08
   0.3490481E-03  -0.8635435E-08
   0.5235722E-03   0.1967571E-08
   0.6980962E-03   0.4113024E-08
   0.8726203E-03  -0.4842309E-09
   0.1047144E-02   0.1299448E-08
   0.1221668E-02   0.3624344E-08
   0.1396192E-02   0.1971520E-08
   0.1570717E-02   0.5998915E-09
   0.1745241E-02   0.1000281E-08
   0.1919765E-02   0.3534603E-08
   0.2094289E-02   0.3203449E-08
   0.2268813E-02   0.3544682E-08
   0.2443337E-02   0.3683791E-08
   0.2617861E-02   0.4034139E-08
   0.2792385E-02   0.3217773E-08
   0.2966909E-02   0.3065322E-08
   0.3141433E-02   0.2004294E-08
   0.3315957E-02   0.1360142E-08
   0.3490481E-02   0.1656321E-08
   0.3665005E-02   0.4215307E-09
   0.3839529E-02  -0.2264030E-09
   0.4014053E-02  -0.6815681E-10
   0.4188578E-02  -0.3290656E-09
   0.4363101E-02  -0.1483160E-09
   0.4537626E-02   0.6176953E-09
   0.4712150E-02   0.8729497E-09
   0.4886674E-02   0.3091256E-08
   0.5061198E-02   0.3784902E-08
   0.5235722E-02   0.4946565E-08
   0.5410246E-02   0.6445961E-08
   0.5584770E-02   0.7181304E-08
   0.5759294E-02   0.8756143E-08
   0.5933818E-02   0.9144904E-08
   0.6108342E-02   0.9330894E-08
   0.6282866E-02   0.1038844E-07
   0.6457390E-02   0.1005776E-07
   0.6631915E-02   0.1006105E-07
   0.6806438E-02   0.1006989E-07
   0.6980963E-02   0.1054390E-07
   0.7155487E-02   0.9182139E-08
   0.7330011E-02   0.9809404E-08
   0.7504535E-02   0.9959884E-08
   0.7679059E-02   0.9818372E-08
   0.7853583E-02   0.1035844E-07
   0.8028107E-02   0.1031222E-07
   0.8202631E-02   0.1077760E-07
   0.8377155E-02   0.1050332E-07
   0.8551680E-02   0.1097802E-07
   0.8726203E-02   0.1070657E-07
   0.8900727E-02   0.1027811E-07
   0.9075251E-02   0.1097216E-07
   0.9249776E-02   0.1067508E-07
   0.9424300E-02   0.1042390E-07
   0.9598823E-02   0.1054249E-07
   0.9773348E-02   0.1076679E-07
   0.9947872E-02   0.1076523E-07
   0.1012240E-01   0.1048872E-07
   0.1029692E-01   0.1075155E-07
   0.1047144E-01   0.1092278E-07
   0.1064597E-01   0.1108715E-07
   0.1082049E-01   0.1136883E-07
   0.1099502E-01   0.1190854E-07
   0.1116954E-01   0.1189535E-07
   0.1134406E-01   0.1205478E-07
   0.1151859E-01   0.1236241E-07
   0.1169311E-01   0.1249889E-07
   0.1186764E-01   0.1248674E-07
   0.1204216E-01   0.1313471E-07
   0.1221668E-01   0.1316591E-07
   0.1239121E-01   0.1316757E-07
   0.1256573E-01   0.1356888E-07
   0.1274026E-01   0.1400583E-07
   0.1291478E-01   0.1399978E-07
   0.1308930E-01   0.1372743E-07
   0.1326383E-01   0.1427592E-07
   0.1343835E-01   0.1399508E-07
   0.1361288E-01   0.1301218E-07
   0.1378740E-01   0.1307724E-07
   0.1396193E-01   0.1195319E-07
   0.1413645E-01   0.1090091E-07
   0.1431097E-01   0.9902899E-08
   0.1448550E-01   0.8770595E-08
   0.1466002E-01   0.7417375E-08
   0.1483455E-01   0.6284802E-08
   0.1500907E-01   0.5367239E-08
   0.1518359E-01   0.3663474E-08
   0.1535812E-01   0.3176569E-08
   0.1553264E-01   0.2298174E-08
   0.1570717E-01   0.1536472E-08
   0.1588169E-01   0.1353241E-08
   0.1605621E-01   0.1152733E-08
   0.1623074E-01   0.1095503E-08
   0.1640526E-01   0.9468503E-09
   0.1657979E-01   0.1029022E-08
   0.1675431E-01   0.1290534E-08
   0.1692883E-01   0.1378450E-08
   0.1710336E-01   0.1831208E-08
   0.1727788E-01   0.1380731E-08
   0.1745241E-01   0.1701645E-08
   0.1762693E-01   0.1825316E-08
   0.1780145E-01   0.1569803E-08
   0.1797598E-01   0.1885908E-08
   0.1815050E-01   0.1874473E-08
   0.1832503E-01   0.1873722E-08
   0.1849955E-01   0.2127219E-08
   0.1867408E-01   0.2048481E-08
   0.1884860E-01   0.1953523E-08
   0.1902312E-01   0.2267512E-08
   0.1919765E-01   0.1996830E-08
   0.1937217E-01   0.2276734E-08
   0.1954670E-01   0.2206902E-08
   0.1972122E-01   0.2387809E-08
   0.1989574E-01   0.2424246E-08
   0.2007027E-01   0.2593021E-08
   0.2024479E-01   0.2879218E-08
   0.2041932E-01   0.2768086E-08
   0.2059384E-01   0.2977663E-08
   0.2076836E-01   0.3043156E-08
   0.2094289E-01   0.2919455E-08
   0.2111741E-01   0.3172595E-08
   0.2129194E-01   0.2786746E-08
   0.2146646E-01   0.2680775E-08
   0.2164098E-01   0.2808033E-08
   0.2181551E-01   0.2460689E-08
   0.2199003E-01   0.2528417E-08
   0.2216456E-01   0.2128948E-08
   0.2233908E-01   0.2417334E-08
   0.2251360E-01   0.2804815E-08
   0.2268813E-01   0.2603589E-08
   0.2286265E-01   0.2967406E-08
   0.2303718E-01   0.3903936E-08
   0.2321170E-01   0.4541117E-08
   0.2338623E-01   0.5154168E-08
   0.2356075E-01   0.6308004E-08
   0.2373527E-01   0.7194754E-08
   0.2390980E-01   0.8055105E-08
   0.2408432E-01   0.8767842E-08
   0.2425884E-01   0.9651149E-08
   0.2443337E-01   0.1020127E-07
   0.2460789E-01   0.1083172E-07
   0.2478242E-01   0.1106834E-07
   0.2495694E-01   0.1096172E-07
   0.2513147E-01   0.1143263E-07
   0.2530599E-01   0.1110211E-07
   0.2548051E-01   0.1065586E-07
   0.2565504E-01   0.1117004E-07
   0.2582956E-01   0.1058426E-07
   0.2600409E-01   0.1009369E-07
   0.2617861E-01   0.9905175E-08
   0.2635313E-01   0.9576452E-08
   0.2652766E-01   0.9012819E-08
   0.2670218E-01   0.8664062E-08
   0.2687671E-01   0.8275453E-08
   0.2705123E-01   0.8067163E-08
   0.2722575E-01   0.7616012E-08
   0.2740028E-01   0.7392676E-08
   0.2757480E-01   0.7109829E-08
   0.2774933E-01   0.6640623E-08
   0.2792385E-01   0.6366752E-08
   0.2809837E-01   0.5931952E-08
   0.2827290E-01   0.6021608E-08
   0.2844742E-01   0.6076471E-08
   0.2862195E-01   0.5777743E-08
   0.2879647E-01   0.5895909E-08
   0.2897099E-01   0.5909701E-08
   0.2914552E-01   0.6052656E-08
   0.2932004E-01   0.6144158E-08
   0.2949457E-01   0.6060727E-08
   0.2966909E-01   0.6380032E-08
   0.2984362E-01   0.6572004E-08
   0.3001814E-01   0.6622473E-08
   0.3019266E-01   0.6192364E-08
   0.3036719E-01   0.6165041E-08
   0.3054171E-01   0.6034607E-08
   0.3071623E-01   0.5695921E-08
   0.3089076E-01   0.5173674E-08
   0.3106528E-01   0.4995334E-08
   0.3123981E-01   0.4753963E-08
   0.3141433E-01   0.3921337E-08
   0.3158886E-01   0.3448175E-08
   0.3176338E-01   0.2917784E-08
   0.3193790E-01   0.2571780E-08
   0.3211243E-01   0.1735796E-08
   0.3228695E-01   0.1133733E-08
   0.3246148E-01   0.9149017E-09
   0.3263600E-01   0.3195342E-09
   0.3281052E-01  -0.3963803E-09
   0.3298505E-01  -0.5605278E-09
   0.3315957E-01  -0.9907348E-09
   0.3333410E-01  -0.1349303E-08
   0.3350862E-01  -0.1359871E-08
   0.3368314E-01  -0.1347969E-08
   0.3385767E-01  -0.1524748E-08
   0.3403219E-01  -0.1626964E-08
   0.3420672E-01  -0.1187133E-08
   0.3438124E-01  -0.1118060E-08
   0.3455576E-01  -0.9644788E-09
   0.3473029E-01  -0.4015950E-09
   0.3490481E-01   0.4987552E-10
