        4.80        3.90
NULL
$r$
radial profile
0 0 0
0
   0.1100000E+31  -0.1100000E+31    5
   0.1100000E+31  -0.1100000E+31    5
    0
CURVE
     201
NULL
black_solid
NULL
    0.000000       0.7680259E-07
   0.1745241E-03   0.7674405E-07
   0.3490481E-03   0.7670983E-07
   0.5235722E-03   0.7654704E-07
   0.6980962E-03   0.7684964E-07
   0.8726203E-03   0.7661001E-07
   0.1047144E-02   0.7661914E-07
   0.1221668E-02   0.7663270E-07
   0.1396192E-02   0.7647434E-07
   0.1570717E-02   0.7646146E-07
   0.1745241E-02   0.7657203E-07
   0.1919765E-02   0.7642928E-07
   0.2094289E-02   0.7643545E-07
   0.2268813E-02   0.7655613E-07
   0.2443337E-02   0.7652567E-07
   0.2617861E-02   0.7668501E-07
   0.2792385E-02   0.7697948E-07
   0.2966909E-02   0.7702477E-07
   0.3141433E-02   0.7722019E-07
   0.3315957E-02   0.7739666E-07
   0.3490481E-02   0.7753314E-07
   0.3665005E-02   0.7757035E-07
   0.3839529E-02   0.7771531E-07
   0.4014053E-02   0.7783645E-07
   0.4188578E-02   0.7777233E-07
   0.4363101E-02   0.7775053E-07
   0.4537626E-02   0.7768365E-07
   0.4712150E-02   0.7747545E-07
   0.4886674E-02   0.7726664E-07
   0.5061198E-02   0.7708897E-07
   0.5235722E-02   0.7687444E-07
   0.5410246E-02   0.7665737E-07
   0.5584770E-02   0.7650453E-07
   0.5759294E-02   0.7631489E-07
   0.5933818E-02   0.7618931E-07
   0.6108342E-02   0.7608499E-07
   0.6282866E-02   0.7616791E-07
   0.6457390E-02   0.7614978E-07
   0.6631915E-02   0.7616570E-07
   0.6806438E-02   0.7631675E-07
   0.6980963E-02   0.7644144E-07
   0.7155487E-02   0.7650244E-07
   0.7330011E-02   0.7665432E-07
   0.7504535E-02   0.7674279E-07
   0.7679059E-02   0.7680433E-07
   0.7853583E-02   0.7701227E-07
   0.8028107E-02   0.7711770E-07
   0.8202631E-02   0.7728385E-07
   0.8377155E-02   0.7745805E-07
   0.8551680E-02   0.7755280E-07
   0.8726203E-02   0.7777429E-07
   0.8900727E-02   0.7786575E-07
   0.9075251E-02   0.7804139E-07
   0.9249776E-02   0.7819028E-07
   0.9424300E-02   0.7836919E-07
   0.9598823E-02   0.7847392E-07
   0.9773348E-02   0.7861678E-07
   0.9947872E-02   0.7879290E-07
   0.1012240E-01   0.7879952E-07
   0.1029692E-01   0.7880681E-07
   0.1047144E-01   0.7876206E-07
   0.1064597E-01   0.7870082E-07
   0.1082049E-01   0.7853478E-07
   0.1099502E-01   0.7831445E-07
   0.1116954E-01   0.7827098E-07
   0.1134406E-01   0.7790374E-07
   0.1151859E-01   0.7769459E-07
   0.1169311E-01   0.7753882E-07
   0.1186764E-01   0.7708844E-07
   0.1204216E-01   0.7699764E-07
   0.1221668E-01   0.7687807E-07
   0.1239121E-01   0.7675973E-07
   0.1256573E-01   0.7668161E-07
   0.1274026E-01   0.7667506E-07
   0.1291478E-01   0.7677926E-07
   0.1308930E-01   0.7688058E-07
   0.1326383E-01   0.7705037E-07
   0.1343835E-01   0.7729015E-07
   0.1361288E-01   0.7749566E-07
   0.1378740E-01   0.7777193E-07
   0.1396193E-01   0.7803725E-07
   0.1413645E-01   0.7827699E-07
   0.1431097E-01   0.7857749E-07
   0.1448550E-01   0.7884255E-07
   0.1466002E-01   0.7909549E-07
   0.1483455E-01   0.7935203E-07
   0.1500907E-01   0.7962168E-07
   0.1518359E-01   0.7983176E-07
   0.1535812E-01   0.8009273E-07
   0.1553264E-01   0.8027349E-07
   0.1570717E-01   0.8045635E-07
   0.1588169E-01   0.8056332E-07
   0.1605621E-01   0.8069642E-07
   0.1623074E-01   0.8081104E-07
   0.1640526E-01   0.8079457E-07
   0.1657979E-01   0.8090785E-07
   0.1675431E-01   0.8090817E-07
   0.1692883E-01   0.8086363E-07
   0.1710336E-01   0.8089928E-07
   0.1727788E-01   0.8081498E-07
   0.1745241E-01   0.8072815E-07
   0.1762693E-01   0.8063262E-07
   0.1780145E-01   0.8057471E-07
   0.1797598E-01   0.8055013E-07
   0.1815050E-01   0.8037855E-07
   0.1832503E-01   0.8030060E-07
   0.1849955E-01   0.8018285E-07
   0.1867408E-01   0.8008270E-07
   0.1884860E-01   0.8001419E-07
   0.1902312E-01   0.7980221E-07
   0.1919765E-01   0.7967892E-07
   0.1937217E-01   0.7955379E-07
   0.1954670E-01   0.7930792E-07
   0.1972122E-01   0.7909851E-07
   0.1989574E-01   0.7890762E-07
   0.2007027E-01   0.7867352E-07
   0.2024479E-01   0.7848870E-07
   0.2041932E-01   0.7824035E-07
   0.2059384E-01   0.7802380E-07
   0.2076836E-01   0.7788008E-07
   0.2094289E-01   0.7766963E-07
   0.2111741E-01   0.7757700E-07
   0.2129194E-01   0.7747712E-07
   0.2146646E-01   0.7750300E-07
   0.2164098E-01   0.7743267E-07
   0.2181551E-01   0.7742820E-07
   0.2199003E-01   0.7752084E-07
   0.2216456E-01   0.7759033E-07
   0.2233908E-01   0.7770179E-07
   0.2251360E-01   0.7780987E-07
   0.2268813E-01   0.7791255E-07
   0.2286265E-01   0.7799275E-07
   0.2303718E-01   0.7815174E-07
   0.2321170E-01   0.7827479E-07
   0.2338623E-01   0.7826810E-07
   0.2356075E-01   0.7838190E-07
   0.2373527E-01   0.7850726E-07
   0.2390980E-01   0.7843982E-07
   0.2408432E-01   0.7839746E-07
   0.2425884E-01   0.7836442E-07
   0.2443337E-01   0.7830548E-07
   0.2460789E-01   0.7814617E-07
   0.2478242E-01   0.7799741E-07
   0.2495694E-01   0.7785233E-07
   0.2513147E-01   0.7772277E-07
   0.2530599E-01   0.7758221E-07
   0.2548051E-01   0.7742368E-07
   0.2565504E-01   0.7728564E-07
   0.2582956E-01   0.7712327E-07
   0.2600409E-01   0.7701875E-07
   0.2617861E-01   0.7691286E-07
   0.2635313E-01   0.7684526E-07
   0.2652766E-01   0.7687033E-07
   0.2670218E-01   0.7685532E-07
   0.2687671E-01   0.7691368E-07
   0.2705123E-01   0.7699552E-07
   0.2722575E-01   0.7705721E-07
   0.2740028E-01   0.7719512E-07
   0.2757480E-01   0.7726922E-07
   0.2774933E-01   0.7737474E-07
   0.2792385E-01   0.7754612E-07
   0.2809837E-01   0.7767314E-07
   0.2827290E-01   0.7778763E-07
   0.2844742E-01   0.7789536E-07
   0.2862195E-01   0.7802554E-07
   0.2879647E-01   0.7808867E-07
   0.2897099E-01   0.7817689E-07
   0.2914552E-01   0.7830934E-07
   0.2932004E-01   0.7831530E-07
   0.2949457E-01   0.7833016E-07
   0.2966909E-01   0.7841599E-07
   0.2984362E-01   0.7846207E-07
   0.3001814E-01   0.7843677E-07
   0.3019266E-01   0.7847932E-07
   0.3036719E-01   0.7847224E-07
   0.3054171E-01   0.7846846E-07
   0.3071623E-01   0.7849164E-07
   0.3089076E-01   0.7849614E-07
   0.3106528E-01   0.7851875E-07
   0.3123981E-01   0.7851846E-07
   0.3141433E-01   0.7854109E-07
   0.3158886E-01   0.7847661E-07
   0.3176338E-01   0.7847346E-07
   0.3193790E-01   0.7840473E-07
   0.3211243E-01   0.7836311E-07
   0.3228695E-01   0.7828525E-07
   0.3246148E-01   0.7821073E-07
   0.3263600E-01   0.7807231E-07
   0.3281052E-01   0.7794850E-07
   0.3298505E-01   0.7783537E-07
   0.3315957E-01   0.7768224E-07
   0.3333410E-01   0.7752818E-07
   0.3350862E-01   0.7741507E-07
   0.3368314E-01   0.7726671E-07
   0.3385767E-01   0.7717617E-07
   0.3403219E-01   0.7707922E-07
   0.3420672E-01   0.7697677E-07
   0.3438124E-01   0.7691843E-07
   0.3455576E-01   0.7684320E-07
   0.3473029E-01   0.7680744E-07
   0.3490481E-01   0.7672794E-07
