        4.80        3.90
NULL
$r$
radial profile
0 0 0
0
   0.1100000E+31  -0.1100000E+31    5
   0.1100000E+31  -0.1100000E+31    5
    0
CURVE
      71
NULL
black_solid
NULL
    0.000000        0.000000    
   0.4986402E-03    445.7277    
   0.9972804E-03   -442.0511    
   0.1495921E-02   -90.46617    
   0.1994561E-02   -44.58905    
   0.2493201E-02   -114.1080    
   0.2991841E-02   -128.9227    
   0.3490481E-02   -139.8326    
   0.3989121E-02   -91.93974    
   0.4487762E-02   -73.94407    
   0.4986402E-02   -117.6908    
   0.5485042E-02   -93.61046    
   0.5983682E-02   -89.63173    
   0.6482322E-02   -78.01739    
   0.6980963E-02   -22.77593    
   0.7479603E-02    94.33805    
   0.7978243E-02    61.79875    
   0.8476883E-02    20.45481    
   0.8975524E-02    51.27539    
   0.9474164E-02    43.85370    
   0.9972803E-02    32.14408    
   0.1047144E-01    18.11289    
   0.1097008E-01   -45.30809    
   0.1146872E-01   -35.58408    
   0.1196736E-01   -17.75752    
   0.1246601E-01    22.43644    
   0.1296464E-01    28.95274    
   0.1346328E-01   -1.326023    
   0.1396193E-01   -41.36601    
   0.1446057E-01   -94.58962    
   0.1495921E-01   -77.96989    
   0.1545785E-01   -46.42040    
   0.1595649E-01    33.66209    
   0.1645513E-01    84.12379    
   0.1695377E-01    82.98789    
   0.1745241E-01    35.90755    
   0.1795105E-01    31.99989    
   0.1844969E-01    8.222773    
   0.1894833E-01   -2.167449    
   0.1944697E-01   -27.64530    
   0.1994561E-01   -44.48605    
   0.2044425E-01   -51.83937    
   0.2094289E-01   -55.30756    
   0.2144153E-01   -23.90300    
   0.2194017E-01   -30.04713    
   0.2243881E-01   -76.95260    
   0.2293745E-01   -119.7559    
   0.2343609E-01   -96.34866    
   0.2393473E-01   -28.17881    
   0.2443337E-01    7.419415    
   0.2493201E-01    15.80327    
   0.2543065E-01   -15.43521    
   0.2592929E-01   -36.23485    
   0.2642793E-01   -28.89026    
   0.2692657E-01   -7.420488    
   0.2742521E-01    4.435056    
   0.2792385E-01    33.73006    
   0.2842249E-01    42.77237    
   0.2892113E-01    50.25692    
   0.2941977E-01    60.63147    
   0.2991841E-01    27.76211    
   0.3041705E-01   -23.46762    
   0.3091569E-01   -57.66406    
   0.3141433E-01   -64.86839    
   0.3191297E-01   -15.78181    
   0.3241161E-01   -12.86964    
   0.3291025E-01   -21.14067    
   0.3340889E-01   -11.63969    
   0.3390753E-01    3.426403    
   0.3440617E-01   -36.04517    
   0.3490481E-01   -78.08796    
