        4.80        3.90
NULL
$r$
radial profile
0 0 0
0
   0.1100000E+31  -0.1100000E+31    5
   0.1100000E+31  -0.1100000E+31    5
    0
CURVE
     201
NULL
black_solid
NULL
    0.000000        0.000000    
   0.1745241E-03   0.8235536E-08
   0.3490481E-03  -0.9190401E-08
   0.5235722E-03   0.1016635E-08
   0.6980962E-03   0.5251656E-08
   0.8726203E-03  -0.9078534E-09
   0.1047144E-02   0.1512604E-08
   0.1221668E-02   0.3851773E-08
   0.1396192E-02   0.5356293E-09
   0.1570717E-02   0.5055808E-09
   0.1745241E-02  -0.1848354E-08
   0.1919765E-02  -0.4701892E-09
   0.2094289E-02  -0.1392279E-08
   0.2268813E-02  -0.1675103E-08
   0.2443337E-02  -0.4105262E-08
   0.2617861E-02  -0.4297661E-08
   0.2792385E-02  -0.5998852E-08
   0.2966909E-02  -0.8461235E-08
   0.3141433E-02  -0.1046045E-07
   0.3315957E-02  -0.1074439E-07
   0.3490481E-02  -0.1140374E-07
   0.3665005E-02  -0.1182743E-07
   0.3839529E-02  -0.1213131E-07
   0.4014053E-02  -0.1113241E-07
   0.4188578E-02  -0.1033566E-07
   0.4363101E-02  -0.8421444E-08
   0.4537626E-02  -0.6852496E-08
   0.4712150E-02  -0.4050388E-08
   0.4886674E-02  -0.8427468E-09
   0.5061198E-02   0.7847846E-09
   0.5235722E-02   0.3022546E-08
   0.5410246E-02   0.5617844E-08
   0.5584770E-02   0.5763629E-08
   0.5759294E-02   0.7263003E-08
   0.5933818E-02   0.8517701E-08
   0.6108342E-02   0.8094501E-08
   0.6282866E-02   0.9988421E-08
   0.6457390E-02   0.1087214E-07
   0.6631915E-02   0.1063152E-07
   0.6806438E-02   0.1294387E-07
   0.6980963E-02   0.1551896E-07
   0.7155487E-02   0.1634073E-07
   0.7330011E-02   0.1873705E-07
   0.7504535E-02   0.2182672E-07
   0.7679059E-02   0.2395774E-07
   0.7853583E-02   0.2626279E-07
   0.8028107E-02   0.2794723E-07
   0.8202631E-02   0.2955925E-07
   0.8377155E-02   0.2974846E-07
   0.8551680E-02   0.2981364E-07
   0.8726203E-02   0.2852493E-07
   0.8900727E-02   0.2689088E-07
   0.9075251E-02   0.2643832E-07
   0.9249776E-02   0.2353775E-07
   0.9424300E-02   0.2061292E-07
   0.9598823E-02   0.1870047E-07
   0.9773348E-02   0.1664292E-07
   0.9947872E-02   0.1357954E-07
   0.1012240E-01   0.1190644E-07
   0.1029692E-01   0.9800813E-08
   0.1047144E-01   0.8969351E-08
   0.1064597E-01   0.8116121E-08
   0.1082049E-01   0.7387527E-08
   0.1099502E-01   0.7212896E-08
   0.1116954E-01   0.6196495E-08
   0.1134406E-01   0.7226137E-08
   0.1151859E-01   0.7460155E-08
   0.1169311E-01   0.8205987E-08
   0.1186764E-01   0.9323561E-08
   0.1204216E-01   0.1029021E-07
   0.1221668E-01   0.1193191E-07
   0.1239121E-01   0.1325829E-07
   0.1256573E-01   0.1450381E-07
   0.1274026E-01   0.1662497E-07
   0.1291478E-01   0.1784840E-07
   0.1308930E-01   0.1832448E-07
   0.1326383E-01   0.2023197E-07
   0.1343835E-01   0.2052968E-07
   0.1361288E-01   0.1973482E-07
   0.1378740E-01   0.2058157E-07
   0.1396193E-01   0.1996592E-07
   0.1413645E-01   0.1907149E-07
   0.1431097E-01   0.1740336E-07
   0.1448550E-01   0.1605258E-07
   0.1466002E-01   0.1436108E-07
   0.1483455E-01   0.1219002E-07
   0.1500907E-01   0.1024174E-07
   0.1518359E-01   0.7158409E-08
   0.1535812E-01   0.6618105E-08
   0.1553264E-01   0.4018738E-08
   0.1570717E-01   0.2136369E-08
   0.1588169E-01   0.1548543E-08
   0.1605621E-01   0.3498432E-09
   0.1623074E-01  -0.4019459E-09
   0.1640526E-01  -0.9636739E-09
   0.1657979E-01  -0.1425537E-08
   0.1675431E-01  -0.1922354E-08
   0.1692883E-01  -0.1509009E-08
   0.1710336E-01  -0.1444017E-08
   0.1727788E-01  -0.1600836E-08
   0.1745241E-01  -0.1063789E-08
   0.1762693E-01  -0.6910832E-09
   0.1780145E-01  -0.7990602E-09
   0.1797598E-01  -0.6243345E-09
   0.1815050E-01   0.2182976E-10
   0.1832503E-01  -0.6618799E-09
   0.1849955E-01  -0.5743894E-09
   0.1867408E-01  -0.4330372E-09
   0.1884860E-01  -0.1364124E-08
   0.1902312E-01  -0.1702562E-08
   0.1919765E-01  -0.2507881E-08
   0.1937217E-01  -0.2954748E-08
   0.1954670E-01  -0.3661079E-08
   0.1972122E-01  -0.4165958E-08
   0.1989574E-01  -0.4482969E-08
   0.2007027E-01  -0.4860433E-08
   0.2024479E-01  -0.4983111E-08
   0.2041932E-01  -0.5208449E-08
   0.2059384E-01  -0.4876773E-08
   0.2076836E-01  -0.4145194E-08
   0.2094289E-01  -0.3781978E-08
   0.2111741E-01  -0.2743585E-08
   0.2129194E-01  -0.2314161E-08
   0.2146646E-01  -0.1403314E-08
   0.2164098E-01   0.1056117E-10
   0.2181551E-01   0.6975561E-09
   0.2199003E-01   0.2036889E-08
   0.2216456E-01   0.2842596E-08
   0.2233908E-01   0.4005741E-08
   0.2251360E-01   0.5217460E-08
   0.2268813E-01   0.5381034E-08
   0.2286265E-01   0.6715126E-08
   0.2303718E-01   0.7553943E-08
   0.2321170E-01   0.8072280E-08
   0.2338623E-01   0.8619500E-08
   0.2356075E-01   0.9209947E-08
   0.2373527E-01   0.9251558E-08
   0.2390980E-01   0.9161568E-08
   0.2408432E-01   0.9540502E-08
   0.2425884E-01   0.9061170E-08
   0.2443337E-01   0.9368964E-08
   0.2460789E-01   0.9141966E-08
   0.2478242E-01   0.8955920E-08
   0.2495694E-01   0.8917759E-08
   0.2513147E-01   0.9064699E-08
   0.2530599E-01   0.9374513E-08
   0.2548051E-01   0.8722595E-08
   0.2565504E-01   0.9769445E-08
   0.2582956E-01   0.1012364E-07
   0.2600409E-01   0.1004774E-07
   0.2617861E-01   0.1090572E-07
   0.2635313E-01   0.1113482E-07
   0.2652766E-01   0.1161037E-07
   0.2670218E-01   0.1186245E-07
   0.2687671E-01   0.1197464E-07
   0.2705123E-01   0.1297795E-07
   0.2722575E-01   0.1266292E-07
   0.2740028E-01   0.1311042E-07
   0.2757480E-01   0.1318839E-07
   0.2774933E-01   0.1329885E-07
   0.2792385E-01   0.1332035E-07
   0.2809837E-01   0.1295222E-07
   0.2827290E-01   0.1370737E-07
   0.2844742E-01   0.1391387E-07
   0.2862195E-01   0.1362452E-07
   0.2879647E-01   0.1409148E-07
   0.2897099E-01   0.1425069E-07
   0.2914552E-01   0.1434832E-07
   0.2932004E-01   0.1428280E-07
   0.2949457E-01   0.1399443E-07
   0.2966909E-01   0.1409438E-07
   0.2984362E-01   0.1416936E-07
   0.3001814E-01   0.1422664E-07
   0.3019266E-01   0.1337285E-07
   0.3036719E-01   0.1311963E-07
   0.3054171E-01   0.1288563E-07
   0.3071623E-01   0.1250087E-07
   0.3089076E-01   0.1154424E-07
   0.3106528E-01   0.1143145E-07
   0.3123981E-01   0.1085211E-07
   0.3141433E-01   0.9745165E-08
   0.3158886E-01   0.9306464E-08
   0.3176338E-01   0.8394472E-08
   0.3193790E-01   0.7570319E-08
   0.3211243E-01   0.6886040E-08
   0.3228695E-01   0.5659453E-08
   0.3246148E-01   0.5172629E-08
   0.3263600E-01   0.4508480E-08
   0.3281052E-01   0.3376466E-08
   0.3298505E-01   0.2864534E-08
   0.3315957E-01   0.2593000E-08
   0.3333410E-01   0.2189271E-08
   0.3350862E-01   0.2292767E-08
   0.3368314E-01   0.2553953E-08
   0.3385767E-01   0.2650631E-08
   0.3403219E-01   0.2470950E-08
   0.3420672E-01   0.3613965E-08
   0.3438124E-01   0.3717061E-08
   0.3455576E-01   0.3836814E-08
   0.3473029E-01   0.4451035E-08
   0.3490481E-01   0.5148979E-08
