        4.80        3.90
NULL
$r$
radial profile
0 0 0
0
   0.1100000E+31  -0.1100000E+31    5
   0.1100000E+31  -0.1100000E+31    5
    0
CURVE
     201
NULL
black_solid
NULL
    0.000000       0.1449713E-05
   0.1745241E-03   0.1443575E-05
   0.3490481E-03   0.1381760E-05
   0.5235722E-03   0.1351814E-05
   0.6980962E-03   0.1313100E-05
   0.8726203E-03   0.1226443E-05
   0.1047144E-02   0.1145018E-05
   0.1221668E-02   0.1075162E-05
   0.1396192E-02   0.9795367E-06
   0.1570717E-02   0.8910508E-06
   0.1745241E-02   0.8053130E-06
   0.1919765E-02   0.7206454E-06
   0.2094289E-02   0.6473894E-06
   0.2268813E-02   0.5716511E-06
   0.2443337E-02   0.5066552E-06
   0.2617861E-02   0.4553495E-06
   0.2792385E-02   0.4013564E-06
   0.2966909E-02   0.3575100E-06
   0.3141433E-02   0.3238173E-06
   0.3315957E-02   0.2895016E-06
   0.3490481E-02   0.2620582E-06
   0.3665005E-02   0.2408129E-06
   0.3839529E-02   0.2194828E-06
   0.4014053E-02   0.2026637E-06
   0.4188578E-02   0.1885579E-06
   0.4363101E-02   0.1755700E-06
   0.4537626E-02   0.1650891E-06
   0.4712150E-02   0.1557500E-06
   0.4886674E-02   0.1477493E-06
   0.5061198E-02   0.1410384E-06
   0.5235722E-02   0.1350898E-06
   0.5410246E-02   0.1298816E-06
   0.5584770E-02   0.1253431E-06
   0.5759294E-02   0.1211609E-06
   0.5933818E-02   0.1171932E-06
   0.6108342E-02   0.1137670E-06
   0.6282866E-02   0.1100331E-06
   0.6457390E-02   0.1066448E-06
   0.6631915E-02   0.1037703E-06
   0.6806438E-02   0.1001670E-06
   0.6980963E-02   0.9744242E-07
   0.7155487E-02   0.9469827E-07
   0.7330011E-02   0.9198563E-07
   0.7504535E-02   0.8973386E-07
   0.7679059E-02   0.8767824E-07
   0.7853583E-02   0.8573834E-07
   0.8028107E-02   0.8384817E-07
   0.8202631E-02   0.8253057E-07
   0.8377155E-02   0.8084990E-07
   0.8551680E-02   0.7957666E-07
   0.8726203E-02   0.7846685E-07
   0.8900727E-02   0.7713818E-07
   0.9075251E-02   0.7611724E-07
   0.9249776E-02   0.7506007E-07
   0.9424300E-02   0.7428095E-07
   0.9598823E-02   0.7339320E-07
   0.9773348E-02   0.7269652E-07
   0.9947872E-02   0.7218998E-07
   0.1012240E-01   0.7157936E-07
   0.1029692E-01   0.7125786E-07
   0.1047144E-01   0.7067818E-07
   0.1064597E-01   0.7017668E-07
   0.1082049E-01   0.6979997E-07
   0.1099502E-01   0.6907838E-07
   0.1116954E-01   0.6841943E-07
   0.1134406E-01   0.6760459E-07
   0.1151859E-01   0.6681415E-07
   0.1169311E-01   0.6598482E-07
   0.1186764E-01   0.6488465E-07
   0.1204216E-01   0.6409419E-07
   0.1221668E-01   0.6307001E-07
   0.1239121E-01   0.6218864E-07
   0.1256573E-01   0.6124431E-07
   0.1274026E-01   0.6022371E-07
   0.1291478E-01   0.5945928E-07
   0.1308930E-01   0.5849024E-07
   0.1326383E-01   0.5753736E-07
   0.1343835E-01   0.5655207E-07
   0.1361288E-01   0.5574921E-07
   0.1378740E-01   0.5479691E-07
   0.1396193E-01   0.5375412E-07
   0.1413645E-01   0.5299968E-07
   0.1431097E-01   0.5212024E-07
   0.1448550E-01   0.5129652E-07
   0.1466002E-01   0.5060577E-07
   0.1483455E-01   0.4995133E-07
   0.1500907E-01   0.4943621E-07
   0.1518359E-01   0.4892626E-07
   0.1535812E-01   0.4859998E-07
   0.1553264E-01   0.4825477E-07
   0.1570717E-01   0.4794412E-07
   0.1588169E-01   0.4768462E-07
   0.1605621E-01   0.4745259E-07
   0.1623074E-01   0.4716886E-07
   0.1640526E-01   0.4681361E-07
   0.1657979E-01   0.4655116E-07
   0.1675431E-01   0.4636373E-07
   0.1692883E-01   0.4590027E-07
   0.1710336E-01   0.4564735E-07
   0.1727788E-01   0.4531811E-07
   0.1745241E-01   0.4500570E-07
   0.1762693E-01   0.4468994E-07
   0.1780145E-01   0.4430815E-07
   0.1797598E-01   0.4412912E-07
   0.1815050E-01   0.4373050E-07
   0.1832503E-01   0.4347281E-07
   0.1849955E-01   0.4309429E-07
   0.1867408E-01   0.4272214E-07
   0.1884860E-01   0.4231526E-07
   0.1902312E-01   0.4187485E-07
   0.1919765E-01   0.4153643E-07
   0.1937217E-01   0.4100799E-07
   0.1954670E-01   0.4061192E-07
   0.1972122E-01   0.4011413E-07
   0.1989574E-01   0.3951851E-07
   0.2007027E-01   0.3913780E-07
   0.2024479E-01   0.3848258E-07
   0.2041932E-01   0.3803887E-07
   0.2059384E-01   0.3754874E-07
   0.2076836E-01   0.3705405E-07
   0.2094289E-01   0.3667849E-07
   0.2111741E-01   0.3622146E-07
   0.2129194E-01   0.3592278E-07
   0.2146646E-01   0.3567220E-07
   0.2164098E-01   0.3545063E-07
   0.2181551E-01   0.3531524E-07
   0.2199003E-01   0.3519932E-07
   0.2216456E-01   0.3521050E-07
   0.2233908E-01   0.3514011E-07
   0.2251360E-01   0.3521889E-07
   0.2268813E-01   0.3525498E-07
   0.2286265E-01   0.3525808E-07
   0.2303718E-01   0.3525380E-07
   0.2321170E-01   0.3518034E-07
   0.2338623E-01   0.3513326E-07
   0.2356075E-01   0.3488324E-07
   0.2373527E-01   0.3465134E-07
   0.2390980E-01   0.3441949E-07
   0.2408432E-01   0.3401618E-07
   0.2425884E-01   0.3360107E-07
   0.2443337E-01   0.3315814E-07
   0.2460789E-01   0.3274177E-07
   0.2478242E-01   0.3219590E-07
   0.2495694E-01   0.3167106E-07
   0.2513147E-01   0.3114329E-07
   0.2530599E-01   0.3062160E-07
   0.2548051E-01   0.3000210E-07
   0.2565504E-01   0.2942506E-07
   0.2582956E-01   0.2890812E-07
   0.2600409E-01   0.2837485E-07
   0.2617861E-01   0.2778069E-07
   0.2635313E-01   0.2731919E-07
   0.2652766E-01   0.2696305E-07
   0.2670218E-01   0.2656535E-07
   0.2687671E-01   0.2619680E-07
   0.2705123E-01   0.2595594E-07
   0.2722575E-01   0.2584321E-07
   0.2740028E-01   0.2568314E-07
   0.2757480E-01   0.2559432E-07
   0.2774933E-01   0.2556322E-07
   0.2792385E-01   0.2545250E-07
   0.2809837E-01   0.2540971E-07
   0.2827290E-01   0.2531925E-07
   0.2844742E-01   0.2514721E-07
   0.2862195E-01   0.2504180E-07
   0.2879647E-01   0.2486734E-07
   0.2897099E-01   0.2454236E-07
   0.2914552E-01   0.2436180E-07
   0.2932004E-01   0.2424139E-07
   0.2949457E-01   0.2390087E-07
   0.2966909E-01   0.2378775E-07
   0.2984362E-01   0.2370739E-07
   0.3001814E-01   0.2358415E-07
   0.3019266E-01   0.2353115E-07
   0.3036719E-01   0.2350842E-07
   0.3054171E-01   0.2356113E-07
   0.3071623E-01   0.2349584E-07
   0.3089076E-01   0.2347584E-07
   0.3106528E-01   0.2349230E-07
   0.3123981E-01   0.2329130E-07
   0.3141433E-01   0.2325847E-07
   0.3158886E-01   0.2309758E-07
   0.3176338E-01   0.2295170E-07
   0.3193790E-01   0.2284421E-07
   0.3211243E-01   0.2266405E-07
   0.3228695E-01   0.2260585E-07
   0.3246148E-01   0.2243075E-07
   0.3263600E-01   0.2233576E-07
   0.3281052E-01   0.2230703E-07
   0.3298505E-01   0.2225659E-07
   0.3315957E-01   0.2218172E-07
   0.3333410E-01   0.2208133E-07
   0.3350862E-01   0.2206670E-07
   0.3368314E-01   0.2194360E-07
   0.3385767E-01   0.2180584E-07
   0.3403219E-01   0.2166869E-07
   0.3420672E-01   0.2149551E-07
   0.3438124E-01   0.2132383E-07
   0.3455576E-01   0.2109814E-07
   0.3473029E-01   0.2095700E-07
   0.3490481E-01   0.2082876E-07
