   0.00000E+00   0.00000E+00
   0.17452E-03   0.37056E-07
   0.34905E-03  -0.63489E-07
   0.52357E-03   0.80626E-08
   0.69810E-03   0.31628E-07
   0.87262E-03  -0.54966E-08
   0.10471E-02   0.11731E-07
   0.12217E-02   0.33312E-07
   0.13962E-02   0.10153E-08
   0.15707E-02   0.20349E-08
   0.17452E-02  -0.21728E-08
   0.19198E-02   0.76830E-08
   0.20943E-02   0.13742E-07
   0.22688E-02   0.28024E-08
   0.24433E-02   0.13475E-07
   0.26179E-02   0.26715E-07
   0.27924E-02   0.12966E-07
   0.29669E-02   0.21917E-07
   0.31414E-02   0.29440E-07
   0.33160E-02   0.22154E-07
   0.34905E-02   0.25063E-07
   0.36650E-02   0.27293E-07
   0.38395E-02   0.23361E-07
   0.40141E-02   0.26525E-07
   0.41886E-02   0.25815E-07
   0.43631E-02   0.23764E-07
   0.45376E-02   0.25225E-07
   0.47121E-02   0.26330E-07
   0.48867E-02   0.28232E-07
   0.50612E-02   0.28847E-07
   0.52357E-02   0.31348E-07
   0.54102E-02   0.33409E-07
   0.55848E-02   0.35008E-07
   0.57593E-02   0.36890E-07
   0.59338E-02   0.38245E-07
   0.61083E-02   0.39374E-07
   0.62829E-02   0.40499E-07
   0.64574E-02   0.39287E-07
   0.66319E-02   0.37730E-07
   0.68064E-02   0.35793E-07
   0.69810E-02   0.33726E-07
   0.71555E-02   0.31804E-07
   0.73300E-02   0.28401E-07
   0.75045E-02   0.26685E-07
   0.76791E-02   0.23463E-07
   0.78536E-02   0.21200E-07
   0.80281E-02   0.19349E-07
   0.82026E-02   0.16655E-07
   0.83772E-02   0.14855E-07
   0.85517E-02   0.13004E-07
   0.87262E-02   0.11266E-07
   0.89007E-02   0.10202E-07
   0.90753E-02   0.80224E-08
   0.92498E-02   0.65903E-08
   0.94243E-02   0.45124E-08
   0.95988E-02   0.26844E-08
   0.97733E-02  -0.19204E-09
   0.99479E-02  -0.24195E-08
   0.10122E-01  -0.31090E-08
   0.10297E-01  -0.64549E-08
   0.10471E-01  -0.71449E-08
   0.10646E-01  -0.80203E-08
   0.10820E-01  -0.84311E-08
   0.10995E-01  -0.87021E-08
   0.11170E-01  -0.90828E-08
   0.11344E-01  -0.76853E-08
   0.11519E-01  -0.60236E-08
   0.11693E-01  -0.49952E-08
   0.11868E-01  -0.34355E-08
   0.12042E-01  -0.30383E-09
   0.12217E-01   0.88250E-09
   0.12391E-01   0.32936E-08
   0.12566E-01   0.58438E-08
   0.12740E-01   0.70753E-08
   0.12915E-01   0.96235E-08
   0.13089E-01   0.11135E-07
   0.13264E-01   0.13017E-07
   0.13438E-01   0.15245E-07
   0.13613E-01   0.16052E-07
   0.13787E-01   0.17390E-07
   0.13962E-01   0.18084E-07
   0.14136E-01   0.18104E-07
   0.14311E-01   0.18645E-07
   0.14485E-01   0.18232E-07
   0.14660E-01   0.17772E-07
   0.14835E-01   0.17224E-07
   0.15009E-01   0.17293E-07
   0.15184E-01   0.15951E-07
   0.15358E-01   0.16142E-07
   0.15533E-01   0.16180E-07
   0.15707E-01   0.16314E-07
   0.15882E-01   0.17485E-07
   0.16056E-01   0.18295E-07
   0.16231E-01   0.19548E-07
   0.16405E-01   0.21162E-07
   0.16580E-01   0.22623E-07
   0.16754E-01   0.24103E-07
   0.16929E-01   0.25896E-07
   0.17103E-01   0.26542E-07
   0.17278E-01   0.27514E-07
   0.17452E-01   0.28416E-07
   0.17627E-01   0.29062E-07
   0.17801E-01   0.29023E-07
   0.17976E-01   0.28938E-07
   0.18151E-01   0.28820E-07
   0.18325E-01   0.27970E-07
   0.18500E-01   0.27341E-07
   0.18674E-01   0.26898E-07
   0.18849E-01   0.26684E-07
   0.19023E-01   0.25841E-07
   0.19198E-01   0.24717E-07
   0.19372E-01   0.24275E-07
   0.19547E-01   0.23611E-07
   0.19721E-01   0.21786E-07
   0.19896E-01   0.21182E-07
   0.20070E-01   0.20087E-07
   0.20245E-01   0.18897E-07
   0.20419E-01   0.16915E-07
   0.20594E-01   0.15917E-07
   0.20768E-01   0.14760E-07
   0.20943E-01   0.12941E-07
   0.21117E-01   0.11364E-07
   0.21292E-01   0.10331E-07
   0.21466E-01   0.89010E-08
   0.21641E-01   0.77756E-08
   0.21816E-01   0.66656E-08
   0.21990E-01   0.49446E-08
   0.22165E-01   0.39442E-08
   0.22339E-01   0.20066E-08
   0.22514E-01   0.93739E-10
   0.22688E-01  -0.18985E-08
   0.22863E-01  -0.39678E-08
   0.23037E-01  -0.58986E-08
   0.23212E-01  -0.80056E-08
   0.23386E-01  -0.99753E-08
   0.23561E-01  -0.11056E-07
   0.23735E-01  -0.13489E-07
   0.23910E-01  -0.14859E-07
   0.24084E-01  -0.15577E-07
   0.24259E-01  -0.17319E-07
   0.24433E-01  -0.18168E-07
   0.24608E-01  -0.18471E-07
   0.24782E-01  -0.19214E-07
   0.24957E-01  -0.19850E-07
   0.25131E-01  -0.19786E-07
   0.25306E-01  -0.19138E-07
   0.25481E-01  -0.18978E-07
   0.25655E-01  -0.17828E-07
   0.25830E-01  -0.16298E-07
   0.26004E-01  -0.15279E-07
   0.26179E-01  -0.13594E-07
   0.26353E-01  -0.11833E-07
   0.26528E-01  -0.99381E-08
   0.26702E-01  -0.82268E-08
   0.26877E-01  -0.65182E-08
   0.27051E-01  -0.49176E-08
   0.27226E-01  -0.37867E-08
   0.27400E-01  -0.24147E-08
   0.27575E-01  -0.18484E-08
   0.27749E-01  -0.13852E-08
   0.27924E-01  -0.50607E-09
   0.28098E-01  -0.45745E-09
   0.28273E-01   0.11622E-09
   0.28447E-01   0.40944E-10
   0.28622E-01   0.86222E-09
   0.28796E-01   0.91136E-09
   0.28971E-01  -0.10598E-09
   0.29146E-01   0.70878E-09
   0.29320E-01   0.29306E-09
   0.29495E-01  -0.15180E-09
   0.29669E-01  -0.33978E-09
   0.29844E-01  -0.95255E-09
   0.30018E-01  -0.19736E-08
   0.30193E-01  -0.19894E-08
   0.30367E-01  -0.24181E-08
   0.30542E-01  -0.27766E-08
   0.30716E-01  -0.22707E-08
   0.30891E-01  -0.20797E-08
   0.31065E-01  -0.16665E-08
   0.31240E-01   0.90382E-10
   0.31414E-01   0.77999E-09
   0.31589E-01   0.16451E-08
   0.31763E-01   0.33863E-08
   0.31938E-01   0.42795E-08
   0.32112E-01   0.49747E-08
   0.32287E-01   0.60491E-08
   0.32461E-01   0.65124E-08
   0.32636E-01   0.67795E-08
   0.32811E-01   0.63277E-08
   0.32985E-01   0.63754E-08
   0.33160E-01   0.59094E-08
   0.33334E-01   0.54371E-08
   0.33509E-01   0.50059E-08
   0.33683E-01   0.49013E-08
   0.33858E-01   0.42837E-08
   0.34032E-01   0.35026E-08
   0.34207E-01   0.36001E-08
   0.34381E-01   0.31312E-08
   0.34556E-01   0.17862E-08
   0.34730E-01   0.10517E-08
   0.34905E-01  -0.28070E-10
