        4.80        3.90
NULL
$r$
radial profile
0 0 0
0
   0.1100000E+31  -0.1100000E+31    5
   0.1100000E+31  -0.1100000E+31    5
    0
CURVE
     201
NULL
black_solid
NULL
    0.000000       0.1456222E-05
   0.1745241E-03   0.1450128E-05
   0.3490481E-03   0.1388048E-05
   0.5235722E-03   0.1357912E-05
   0.6980962E-03   0.1319292E-05
   0.8726203E-03   0.1232046E-05
   0.1047144E-02   0.1150280E-05
   0.1221668E-02   0.1080147E-05
   0.1396192E-02   0.9838461E-06
   0.1570717E-02   0.8950719E-06
   0.1745241E-02   0.8088861E-06
   0.1919765E-02   0.7236582E-06
   0.2094289E-02   0.6501749E-06
   0.2268813E-02   0.5739204E-06
   0.2443337E-02   0.5084643E-06
   0.2617861E-02   0.4569650E-06
   0.2792385E-02   0.4026425E-06
   0.2966909E-02   0.3585724E-06
   0.3141433E-02   0.3247797E-06
   0.3315957E-02   0.2901957E-06
   0.3490481E-02   0.2626627E-06
   0.3665005E-02   0.2413695E-06
   0.3839529E-02   0.2198655E-06
   0.4014053E-02   0.2029362E-06
   0.4188578E-02   0.1887580E-06
   0.4363101E-02   0.1756443E-06
   0.4537626E-02   0.1650405E-06
   0.4712150E-02   0.1555953E-06
   0.4886674E-02   0.1474435E-06
   0.5061198E-02   0.1406321E-06
   0.5235722E-02   0.1345202E-06
   0.5410246E-02   0.1291842E-06
   0.5584770E-02   0.1245878E-06
   0.5759294E-02   0.1203278E-06
   0.5933818E-02   0.1162459E-06
   0.6108342E-02   0.1127929E-06
   0.6282866E-02   0.1090381E-06
   0.6457390E-02   0.1056331E-06
   0.6631915E-02   0.1027671E-06
   0.6806438E-02   0.9921836E-07
   0.6980963E-02   0.9649708E-07
   0.7155487E-02   0.9383959E-07
   0.7330011E-02   0.9123039E-07
   0.7504535E-02   0.8903929E-07
   0.7679059E-02   0.8709283E-07
   0.7853583E-02   0.8531192E-07
   0.8028107E-02   0.8353678E-07
   0.8202631E-02   0.8234388E-07
   0.8377155E-02   0.8082051E-07
   0.8551680E-02   0.7967307E-07
   0.8726203E-02   0.7867672E-07
   0.8900727E-02   0.7746968E-07
   0.9075251E-02   0.7653085E-07
   0.9249776E-02   0.7558488E-07
   0.9424300E-02   0.7486354E-07
   0.9598823E-02   0.7401226E-07
   0.9773348E-02   0.7339955E-07
   0.9947872E-02   0.7291151E-07
   0.1012240E-01   0.7230116E-07
   0.1029692E-01   0.7197560E-07
   0.1047144E-01   0.7141612E-07
   0.1064597E-01   0.7090215E-07
   0.1082049E-01   0.7045248E-07
   0.1099502E-01   0.6975858E-07
   0.1116954E-01   0.6907783E-07
   0.1134406E-01   0.6824283E-07
   0.1151859E-01   0.6737638E-07
   0.1169311E-01   0.6648150E-07
   0.1186764E-01   0.6533730E-07
   0.1204216E-01   0.6445723E-07
   0.1221668E-01   0.6329796E-07
   0.1239121E-01   0.6234177E-07
   0.1256573E-01   0.6129436E-07
   0.1274026E-01   0.6015484E-07
   0.1291478E-01   0.5930856E-07
   0.1308930E-01   0.5826557E-07
   0.1326383E-01   0.5726453E-07
   0.1343835E-01   0.5625955E-07
   0.1361288E-01   0.5542098E-07
   0.1378740E-01   0.5449219E-07
   0.1396193E-01   0.5350387E-07
   0.1413645E-01   0.5282481E-07
   0.1431097E-01   0.5202086E-07
   0.1448550E-01   0.5128539E-07
   0.1466002E-01   0.5070823E-07
   0.1483455E-01   0.5013690E-07
   0.1500907E-01   0.4972220E-07
   0.1518359E-01   0.4925036E-07
   0.1535812E-01   0.4899623E-07
   0.1553264E-01   0.4867177E-07
   0.1570717E-01   0.4836649E-07
   0.1588169E-01   0.4813075E-07
   0.1605621E-01   0.4786992E-07
   0.1623074E-01   0.4755017E-07
   0.1640526E-01   0.4718104E-07
   0.1657979E-01   0.4686606E-07
   0.1675431E-01   0.4663105E-07
   0.1692883E-01   0.4616567E-07
   0.1710336E-01   0.4589201E-07
   0.1727788E-01   0.4552763E-07
   0.1745241E-01   0.4522576E-07
   0.1762693E-01   0.4492525E-07
   0.1780145E-01   0.4455717E-07
   0.1797598E-01   0.4437149E-07
   0.1815050E-01   0.4402731E-07
   0.1832503E-01   0.4382259E-07
   0.1849955E-01   0.4348301E-07
   0.1867408E-01   0.4318450E-07
   0.1884860E-01   0.4287248E-07
   0.1902312E-01   0.4247915E-07
   0.1919765E-01   0.4219751E-07
   0.1937217E-01   0.4175424E-07
   0.1954670E-01   0.4140511E-07
   0.1972122E-01   0.4094495E-07
   0.1989574E-01   0.4038868E-07
   0.2007027E-01   0.4002321E-07
   0.2024479E-01   0.3935986E-07
   0.2041932E-01   0.3893309E-07
   0.2059384E-01   0.3841388E-07
   0.2076836E-01   0.3788114E-07
   0.2094289E-01   0.3747379E-07
   0.2111741E-01   0.3696351E-07
   0.2129194E-01   0.3659606E-07
   0.2146646E-01   0.3627970E-07
   0.2164098E-01   0.3599506E-07
   0.2181551E-01   0.3578090E-07
   0.2199003E-01   0.3561048E-07
   0.2216456E-01   0.3555459E-07
   0.2233908E-01   0.3543835E-07
   0.2251360E-01   0.3547135E-07
   0.2268813E-01   0.3546548E-07
   0.2286265E-01   0.3543402E-07
   0.2303718E-01   0.3543093E-07
   0.2321170E-01   0.3533165E-07
   0.2338623E-01   0.3527165E-07
   0.2356075E-01   0.3503814E-07
   0.2373527E-01   0.3479467E-07
   0.2390980E-01   0.3456760E-07
   0.2408432E-01   0.3419863E-07
   0.2425884E-01   0.3381940E-07
   0.2443337E-01   0.3339117E-07
   0.2460789E-01   0.3301178E-07
   0.2478242E-01   0.3251804E-07
   0.2495694E-01   0.3202274E-07
   0.2513147E-01   0.3156169E-07
   0.2530599E-01   0.3108669E-07
   0.2548051E-01   0.3052633E-07
   0.2565504E-01   0.2998485E-07
   0.2582956E-01   0.2949775E-07
   0.2600409E-01   0.2900702E-07
   0.2617861E-01   0.2846546E-07
   0.2635313E-01   0.2800351E-07
   0.2652766E-01   0.2766028E-07
   0.2670218E-01   0.2729520E-07
   0.2687671E-01   0.2693282E-07
   0.2705123E-01   0.2668100E-07
   0.2722575E-01   0.2658282E-07
   0.2740028E-01   0.2643362E-07
   0.2757480E-01   0.2635151E-07
   0.2774933E-01   0.2632531E-07
   0.2792385E-01   0.2622947E-07
   0.2809837E-01   0.2618034E-07
   0.2827290E-01   0.2609315E-07
   0.2844742E-01   0.2593143E-07
   0.2862195E-01   0.2581943E-07
   0.2879647E-01   0.2565901E-07
   0.2897099E-01   0.2536562E-07
   0.2914552E-01   0.2517420E-07
   0.2932004E-01   0.2506273E-07
   0.2949457E-01   0.2473639E-07
   0.2966909E-01   0.2463388E-07
   0.2984362E-01   0.2455855E-07
   0.3001814E-01   0.2442950E-07
   0.3019266E-01   0.2438347E-07
   0.3036719E-01   0.2434366E-07
   0.3054171E-01   0.2435772E-07
   0.3071623E-01   0.2430374E-07
   0.3089076E-01   0.2425536E-07
   0.3106528E-01   0.2421704E-07
   0.3123981E-01   0.2400614E-07
   0.3141433E-01   0.2393616E-07
   0.3158886E-01   0.2375231E-07
   0.3176338E-01   0.2357293E-07
   0.3193790E-01   0.2344983E-07
   0.3211243E-01   0.2326904E-07
   0.3228695E-01   0.2320552E-07
   0.3246148E-01   0.2308132E-07
   0.3263600E-01   0.2299657E-07
   0.3281052E-01   0.2302104E-07
   0.3298505E-01   0.2302841E-07
   0.3315957E-01   0.2302195E-07
   0.3333410E-01   0.2301505E-07
   0.3350862E-01   0.2304931E-07
   0.3368314E-01   0.2300025E-07
   0.3385767E-01   0.2294490E-07
   0.3403219E-01   0.2286565E-07
   0.3420672E-01   0.2273098E-07
   0.3438124E-01   0.2260264E-07
   0.3455576E-01   0.2241109E-07
   0.3473029E-01   0.2227963E-07
   0.3490481E-01   0.2215411E-07
