        4.80        3.90
NULL
$r$
radial profile
0 0 0
0
   0.1100000E+31  -0.1100000E+31    5
   0.1100000E+31  -0.1100000E+31    5
    0
CURVE
     201
NULL
black_solid
NULL
    0.000000        0.000000    
   0.1745241E-03   0.5474583E-10
   0.3490481E-03   0.5238915E-07
   0.5235722E-03   0.7823365E-07
   0.6980962E-03   0.1140968E-06
   0.8726203E-03   0.1921344E-06
   0.1047144E-02   0.2644026E-06
   0.1221668E-02   0.3224987E-06
   0.1396192E-02   0.4021508E-06
   0.1570717E-02   0.4700422E-06
   0.1745241E-02   0.5315036E-06
   0.1919765E-02   0.5868332E-06
   0.2094289E-02   0.6284848E-06
   0.2268813E-02   0.6660949E-06
   0.2443337E-02   0.6921351E-06
   0.2617861E-02   0.7053197E-06
   0.2792385E-02   0.7129493E-06
   0.2966909E-02   0.7132777E-06
   0.3141433E-02   0.7070816E-06
   0.3315957E-02   0.6944789E-06
   0.3490481E-02   0.6798199E-06
   0.3665005E-02   0.6633105E-06
   0.3839529E-02   0.6424088E-06
   0.4014053E-02   0.6221712E-06
   0.4188578E-02   0.6016033E-06
   0.4363101E-02   0.5790006E-06
   0.4537626E-02   0.5579806E-06
   0.4712150E-02   0.5364024E-06
   0.4886674E-02   0.5147058E-06
   0.5061198E-02   0.4951615E-06
   0.5235722E-02   0.4745133E-06
   0.5410246E-02   0.4549275E-06
   0.5584770E-02   0.4374161E-06
   0.5759294E-02   0.4196193E-06
   0.5933818E-02   0.4032171E-06
   0.6108342E-02   0.3885929E-06
   0.6282866E-02   0.3740488E-06
   0.6457390E-02   0.3611580E-06
   0.6631915E-02   0.3491373E-06
   0.6806438E-02   0.3372727E-06
   0.6980963E-02   0.3266878E-06
   0.7155487E-02   0.3162958E-06
   0.7330011E-02   0.3059031E-06
   0.7504535E-02   0.2965981E-06
   0.7679059E-02   0.2873174E-06
   0.7853583E-02   0.2780777E-06
   0.8028107E-02   0.2699263E-06
   0.8202631E-02   0.2619851E-06
   0.8377155E-02   0.2543485E-06
   0.8551680E-02   0.2475961E-06
   0.8726203E-02   0.2414858E-06
   0.8900727E-02   0.2355328E-06
   0.9075251E-02   0.2302477E-06
   0.9249776E-02   0.2254883E-06
   0.9424300E-02   0.2207182E-06
   0.9598823E-02   0.2164785E-06
   0.9773348E-02   0.2121160E-06
   0.9947872E-02   0.2077856E-06
   0.1012240E-01   0.2036654E-06
   0.1029692E-01   0.1992069E-06
   0.1047144E-01   0.1949696E-06
   0.1064597E-01   0.1909004E-06
   0.1082049E-01   0.1865304E-06
   0.1099502E-01   0.1825340E-06
   0.1116954E-01   0.1789380E-06
   0.1134406E-01   0.1751168E-06
   0.1151859E-01   0.1717323E-06
   0.1169311E-01   0.1686318E-06
   0.1186764E-01   0.1655119E-06
   0.1204216E-01   0.1626853E-06
   0.1221668E-01   0.1598704E-06
   0.1239121E-01   0.1571866E-06
   0.1256573E-01   0.1546746E-06
   0.1274026E-01   0.1521170E-06
   0.1291478E-01   0.1496393E-06
   0.1308930E-01   0.1471333E-06
   0.1326383E-01   0.1447814E-06
   0.1343835E-01   0.1426176E-06
   0.1361288E-01   0.1404174E-06
   0.1378740E-01   0.1384396E-06
   0.1396193E-01   0.1364624E-06
   0.1413645E-01   0.1345541E-06
   0.1431097E-01   0.1328253E-06
   0.1448550E-01   0.1310882E-06
   0.1466002E-01   0.1293984E-06
   0.1483455E-01   0.1277110E-06
   0.1500907E-01   0.1260602E-06
   0.1518359E-01   0.1244378E-06
   0.1535812E-01   0.1226194E-06
   0.1553264E-01   0.1209886E-06
   0.1570717E-01   0.1193971E-06
   0.1588169E-01   0.1176992E-06
   0.1605621E-01   0.1162683E-06
   0.1623074E-01   0.1147979E-06
   0.1640526E-01   0.1133063E-06
   0.1657979E-01   0.1121089E-06
   0.1675431E-01   0.1107919E-06
   0.1692883E-01   0.1095904E-06
   0.1710336E-01   0.1084140E-06
   0.1727788E-01   0.1073393E-06
   0.1745241E-01   0.1060950E-06
   0.1762693E-01   0.1049809E-06
   0.1780145E-01   0.1039011E-06
   0.1797598E-01   0.1026758E-06
   0.1815050E-01   0.1014701E-06
   0.1832503E-01   0.1003932E-06
   0.1849955E-01   0.9936196E-07
   0.1867408E-01   0.9831530E-07
   0.1884860E-01   0.9735550E-07
   0.1902312E-01   0.9647847E-07
   0.1919765E-01   0.9560908E-07
   0.1937217E-01   0.9484019E-07
   0.1954670E-01   0.9410457E-07
   0.1972122E-01   0.9339398E-07
   0.1989574E-01   0.9282596E-07
   0.2007027E-01   0.9222122E-07
   0.2024479E-01   0.9162149E-07
   0.2041932E-01   0.9111169E-07
   0.2059384E-01   0.9057766E-07
   0.2076836E-01   0.9000889E-07
   0.2094289E-01   0.8952446E-07
   0.2111741E-01   0.8907836E-07
   0.2129194E-01   0.8856879E-07
   0.2146646E-01   0.8804958E-07
   0.2164098E-01   0.8749920E-07
   0.2181551E-01   0.8696683E-07
   0.2199003E-01   0.8636076E-07
   0.2216456E-01   0.8576607E-07
   0.2233908E-01   0.8515953E-07
   0.2251360E-01   0.8440328E-07
   0.2268813E-01   0.8373516E-07
   0.2286265E-01   0.8293975E-07
   0.2303718E-01   0.8220842E-07
   0.2321170E-01   0.8149473E-07
   0.2338623E-01   0.8075291E-07
   0.2356075E-01   0.7999049E-07
   0.2373527E-01   0.7935823E-07
   0.2390980E-01   0.7855267E-07
   0.2408432E-01   0.7778284E-07
   0.2425884E-01   0.7708719E-07
   0.2443337E-01   0.7632119E-07
   0.2460789E-01   0.7557169E-07
   0.2478242E-01   0.7477731E-07
   0.2495694E-01   0.7402644E-07
   0.2513147E-01   0.7338117E-07
   0.2530599E-01   0.7260584E-07
   0.2548051E-01   0.7185726E-07
   0.2565504E-01   0.7133294E-07
   0.2582956E-01   0.7087666E-07
   0.2600409E-01   0.7041813E-07
   0.2617861E-01   0.7006150E-07
   0.2635313E-01   0.6988088E-07
   0.2652766E-01   0.6974342E-07
   0.2670218E-01   0.6957038E-07
   0.2687671E-01   0.6948326E-07
   0.2705123E-01   0.6940945E-07
   0.2722575E-01   0.6928485E-07
   0.2740028E-01   0.6913548E-07
   0.2757480E-01   0.6890956E-07
   0.2774933E-01   0.6861403E-07
   0.2792385E-01   0.6833579E-07
   0.2809837E-01   0.6800991E-07
   0.2827290E-01   0.6765497E-07
   0.2844742E-01   0.6739047E-07
   0.2862195E-01   0.6708358E-07
   0.2879647E-01   0.6680005E-07
   0.2897099E-01   0.6650465E-07
   0.2914552E-01   0.6626726E-07
   0.2932004E-01   0.6603087E-07
   0.2949457E-01   0.6575546E-07
   0.2966909E-01   0.6555248E-07
   0.2984362E-01   0.6527080E-07
   0.3001814E-01   0.6487762E-07
   0.3019266E-01   0.6448656E-07
   0.3036719E-01   0.6400376E-07
   0.3054171E-01   0.6350494E-07
   0.3071623E-01   0.6295603E-07
   0.3089076E-01   0.6236935E-07
   0.3106528E-01   0.6171157E-07
   0.3123981E-01   0.6100072E-07
   0.3141433E-01   0.6037671E-07
   0.3158886E-01   0.5967089E-07
   0.3176338E-01   0.5896288E-07
   0.3193790E-01   0.5827775E-07
   0.3211243E-01   0.5762114E-07
   0.3228695E-01   0.5698016E-07
   0.3246148E-01   0.5628285E-07
   0.3263600E-01   0.5568857E-07
   0.3281052E-01   0.5512154E-07
   0.3298505E-01   0.5454414E-07
   0.3315957E-01   0.5406909E-07
   0.3333410E-01   0.5358257E-07
   0.3350862E-01   0.5319731E-07
   0.3368314E-01   0.5290156E-07
   0.3385767E-01   0.5257569E-07
   0.3403219E-01   0.5236416E-07
   0.3420672E-01   0.5223233E-07
   0.3438124E-01   0.5203496E-07
   0.3455576E-01   0.5198210E-07
   0.3473029E-01   0.5190495E-07
   0.3490481E-01   0.5175101E-07
