        4.80        3.90
NULL
$r$
radial profile
0 0 0
0
   0.1100000E+31  -0.1100000E+31    5
   0.1100000E+31  -0.1100000E+31    5
    0
CURVE
     201
NULL
black_solid
NULL
    0.000000        0.000000    
   0.1745241E-03   0.7471243E-08
   0.3490481E-03  -0.8667619E-08
   0.5235722E-03   0.2031612E-08
   0.6980962E-03   0.3261841E-08
   0.8726203E-03   0.2042985E-09
   0.1047144E-02   0.1145532E-08
   0.1221668E-02   0.3490615E-08
   0.1396192E-02   0.2162175E-08
   0.1570717E-02   0.6276829E-09
   0.1745241E-02   0.1044455E-08
   0.1919765E-02   0.4168065E-08
   0.2094289E-02   0.4223396E-08
   0.2268813E-02   0.3611298E-08
   0.2443337E-02   0.5254488E-08
   0.2617861E-02   0.6416381E-08
   0.2792385E-02   0.6114593E-08
   0.2966909E-02   0.6769184E-08
   0.3141433E-02   0.7809919E-08
   0.3315957E-02   0.7706991E-08
   0.3490481E-02   0.8053612E-08
   0.3665005E-02   0.8327397E-08
   0.3839529E-02   0.8438992E-08
   0.4014053E-02   0.9059494E-08
   0.4188578E-02   0.9541698E-08
   0.4363101E-02   0.1018761E-07
   0.4537626E-02   0.1111743E-07
   0.4712150E-02   0.1174959E-07
   0.4886674E-02   0.1289625E-07
   0.5061198E-02   0.1369765E-07
   0.5235722E-02   0.1473589E-07
   0.5410246E-02   0.1560874E-07
   0.5584770E-02   0.1646664E-07
   0.5759294E-02   0.1717292E-07
   0.5933818E-02   0.1795982E-07
   0.6108342E-02   0.1836845E-07
   0.6282866E-02   0.1868939E-07
   0.6457390E-02   0.1883223E-07
   0.6631915E-02   0.1906495E-07
   0.6806438E-02   0.1920995E-07
   0.6980963E-02   0.1924438E-07
   0.7155487E-02   0.1907944E-07
   0.7330011E-02   0.1935204E-07
   0.7504535E-02   0.1922727E-07
   0.7679059E-02   0.1919073E-07
   0.7853583E-02   0.1915127E-07
   0.8028107E-02   0.1891327E-07
   0.8202631E-02   0.1889139E-07
   0.8377155E-02   0.1813127E-07
   0.8551680E-02   0.1762301E-07
   0.8726203E-02   0.1711001E-07
   0.8900727E-02   0.1620344E-07
   0.9075251E-02   0.1550249E-07
   0.9249776E-02   0.1480060E-07
   0.9424300E-02   0.1398986E-07
   0.9598823E-02   0.1327460E-07
   0.9773348E-02   0.1302180E-07
   0.9947872E-02   0.1266614E-07
   0.1012240E-01   0.1220092E-07
   0.1029692E-01   0.1236798E-07
   0.1047144E-01   0.1250399E-07
   0.1064597E-01   0.1253989E-07
   0.1082049E-01   0.1308986E-07
   0.1099502E-01   0.1336786E-07
   0.1116954E-01   0.1387990E-07
   0.1134406E-01   0.1428862E-07
   0.1151859E-01   0.1471450E-07
   0.1169311E-01   0.1491644E-07
   0.1186764E-01   0.1522060E-07
   0.1204216E-01   0.1558699E-07
   0.1221668E-01   0.1554741E-07
   0.1239121E-01   0.1544228E-07
   0.1256573E-01   0.1548377E-07
   0.1274026E-01   0.1534138E-07
   0.1291478E-01   0.1501220E-07
   0.1308930E-01   0.1485682E-07
   0.1326383E-01   0.1450346E-07
   0.1343835E-01   0.1411451E-07
   0.1361288E-01   0.1349895E-07
   0.1378740E-01   0.1295692E-07
   0.1396193E-01   0.1227903E-07
   0.1413645E-01   0.1144702E-07
   0.1431097E-01   0.1081207E-07
   0.1448550E-01   0.9896439E-08
   0.1466002E-01   0.9103309E-08
   0.1483455E-01   0.8532147E-08
   0.1500907E-01   0.7792764E-08
   0.1518359E-01   0.6623813E-08
   0.1535812E-01   0.6455328E-08
   0.1553264E-01   0.5611177E-08
   0.1570717E-01   0.4869274E-08
   0.1588169E-01   0.4725970E-08
   0.1605621E-01   0.4144092E-08
   0.1623074E-01   0.3914344E-08
   0.1640526E-01   0.3592413E-08
   0.1657979E-01   0.3458917E-08
   0.1675431E-01   0.3636789E-08
   0.1692883E-01   0.3480086E-08
   0.1710336E-01   0.3759344E-08
   0.1727788E-01   0.3837970E-08
   0.1745241E-01   0.4203547E-08
   0.1762693E-01   0.4518618E-08
   0.1780145E-01   0.4829143E-08
   0.1797598E-01   0.5322153E-08
   0.1815050E-01   0.5804496E-08
   0.1832503E-01   0.6168353E-08
   0.1849955E-01   0.6623540E-08
   0.1867408E-01   0.6865100E-08
   0.1884860E-01   0.6965557E-08
   0.1902312E-01   0.7245354E-08
   0.1919765E-01   0.7034953E-08
   0.1937217E-01   0.7055059E-08
   0.1954670E-01   0.6807649E-08
   0.1972122E-01   0.6446278E-08
   0.1989574E-01   0.6044606E-08
   0.2007027E-01   0.5852026E-08
   0.2024479E-01   0.5637516E-08
   0.2041932E-01   0.5217473E-08
   0.2059384E-01   0.5030856E-08
   0.2076836E-01   0.4933618E-08
   0.2094289E-01   0.4596828E-08
   0.2111741E-01   0.4619656E-08
   0.2129194E-01   0.4429251E-08
   0.2146646E-01   0.4371875E-08
   0.2164098E-01   0.4402983E-08
   0.2181551E-01   0.4283273E-08
   0.2199003E-01   0.4169650E-08
   0.2216456E-01   0.4228722E-08
   0.2233908E-01   0.3968303E-08
   0.2251360E-01   0.3995613E-08
   0.2268813E-01   0.3831342E-08
   0.2286265E-01   0.3675703E-08
   0.2303718E-01   0.4044953E-08
   0.2321170E-01   0.4093467E-08
   0.2338623E-01   0.4479425E-08
   0.2356075E-01   0.5069768E-08
   0.2373527E-01   0.5530566E-08
   0.2390980E-01   0.6253758E-08
   0.2408432E-01   0.6811477E-08
   0.2425884E-01   0.7728719E-08
   0.2443337E-01   0.8533987E-08
   0.2460789E-01   0.9186015E-08
   0.2478242E-01   0.9898710E-08
   0.2495694E-01   0.1039107E-07
   0.2513147E-01   0.1090163E-07
   0.2530599E-01   0.1115037E-07
   0.2548051E-01   0.1122447E-07
   0.2565504E-01   0.1154128E-07
   0.2582956E-01   0.1124068E-07
   0.2600409E-01   0.1108479E-07
   0.2617861E-01   0.1084013E-07
   0.2635313E-01   0.1060713E-07
   0.2652766E-01   0.1011618E-07
   0.2670218E-01   0.9764051E-08
   0.2687671E-01   0.9201952E-08
   0.2705123E-01   0.8967717E-08
   0.2722575E-01   0.8693432E-08
   0.2740028E-01   0.8058953E-08
   0.2757480E-01   0.7744750E-08
   0.2774933E-01   0.7250147E-08
   0.2792385E-01   0.6873761E-08
   0.2809837E-01   0.6458354E-08
   0.2827290E-01   0.6083319E-08
   0.2844742E-01   0.5881723E-08
   0.2862195E-01   0.5587396E-08
   0.2879647E-01   0.5263113E-08
   0.2897099E-01   0.5045351E-08
   0.2914552E-01   0.4886276E-08
   0.2932004E-01   0.4839549E-08
   0.2949457E-01   0.4666075E-08
   0.2966909E-01   0.4784986E-08
   0.2984362E-01   0.4878885E-08
   0.3001814E-01   0.4991079E-08
   0.3019266E-01   0.5085372E-08
   0.3036719E-01   0.5071707E-08
   0.3054171E-01   0.5355294E-08
   0.3071623E-01   0.5573571E-08
   0.3089076E-01   0.5543608E-08
   0.3106528E-01   0.5723247E-08
   0.3123981E-01   0.5830402E-08
   0.3141433E-01   0.5851556E-08
   0.3158886E-01   0.5770480E-08
   0.3176338E-01   0.5692854E-08
   0.3193790E-01   0.5638755E-08
   0.3211243E-01   0.5541473E-08
   0.3228695E-01   0.5265555E-08
   0.3246148E-01   0.5038111E-08
   0.3263600E-01   0.4989088E-08
   0.3281052E-01   0.4643298E-08
   0.3298505E-01   0.4394215E-08
   0.3315957E-01   0.4265976E-08
   0.3333410E-01   0.4075743E-08
   0.3350862E-01   0.4020731E-08
   0.3368314E-01   0.3948469E-08
   0.3385767E-01   0.4035208E-08
   0.3403219E-01   0.4125936E-08
   0.3420672E-01   0.4244343E-08
   0.3438124E-01   0.4351729E-08
   0.3455576E-01   0.4468306E-08
   0.3473029E-01   0.4603211E-08
   0.3490481E-01   0.4753138E-08
