        4.80        3.90
NULL
$r$
radial profile
0 0 0
0
   0.1100000E+31  -0.1100000E+31    5
   0.1100000E+31  -0.1100000E+31    5
    0
CURVE
     201
NULL
black_solid
NULL
    0.000000       0.4930839E-05
   0.1745241E-03   0.4898559E-05
   0.3490481E-03   0.4581343E-05
   0.5235722E-03   0.4423659E-05
   0.6980962E-03   0.4217210E-05
   0.8726203E-03   0.3730901E-05
   0.1047144E-02   0.3325095E-05
   0.1221668E-02   0.3011199E-05
   0.1396192E-02   0.2619088E-05
   0.1570717E-02   0.2288979E-05
   0.1745241E-02   0.1994350E-05
   0.1919765E-02   0.1722586E-05
   0.2094289E-02   0.1502733E-05
   0.2268813E-02   0.1295157E-05
   0.2443337E-02   0.1127636E-05
   0.2617861E-02   0.1001778E-05
   0.2792385E-02   0.8819429E-06
   0.2966909E-02   0.7892433E-06
   0.3141433E-02   0.7260382E-06
   0.3315957E-02   0.6748999E-06
   0.3490481E-02   0.6361018E-06
   0.3665005E-02   0.6076391E-06
   0.3839529E-02   0.5801701E-06
   0.4014053E-02   0.5589262E-06
   0.4188578E-02   0.5479468E-06
   0.4363101E-02   0.5416983E-06
   0.4537626E-02   0.5360905E-06
   0.4712150E-02   0.5294450E-06
   0.4886674E-02   0.5287875E-06
   0.5061198E-02   0.5244942E-06
   0.5235722E-02   0.5212307E-06
   0.5410246E-02   0.5190001E-06
   0.5584770E-02   0.5154566E-06
   0.5759294E-02   0.5132569E-06
   0.5933818E-02   0.5060296E-06
   0.6108342E-02   0.5017034E-06
   0.6282866E-02   0.4945563E-06
   0.6457390E-02   0.4869635E-06
   0.6631915E-02   0.4833521E-06
   0.6806438E-02   0.4779509E-06
   0.6980963E-02   0.4755201E-06
   0.7155487E-02   0.4729854E-06
   0.7330011E-02   0.4715438E-06
   0.7504535E-02   0.4706658E-06
   0.7679059E-02   0.4703829E-06
   0.7853583E-02   0.4658908E-06
   0.8028107E-02   0.4628969E-06
   0.8202631E-02   0.4646168E-06
   0.8377155E-02   0.4647486E-06
   0.8551680E-02   0.4644399E-06
   0.8726203E-02   0.4645022E-06
   0.8900727E-02   0.4631160E-06
   0.9075251E-02   0.4646919E-06
   0.9249776E-02   0.4648799E-06
   0.9424300E-02   0.4659396E-06
   0.9598823E-02   0.4675912E-06
   0.9773348E-02   0.4653255E-06
   0.9947872E-02   0.4643730E-06
   0.1012240E-01   0.4627341E-06
   0.1029692E-01   0.4631962E-06
   0.1047144E-01   0.4631228E-06
   0.1064597E-01   0.4608154E-06
   0.1082049E-01   0.4584944E-06
   0.1099502E-01   0.4571120E-06
   0.1116954E-01   0.4584100E-06
   0.1134406E-01   0.4562162E-06
   0.1151859E-01   0.4531856E-06
   0.1169311E-01   0.4525145E-06
   0.1186764E-01   0.4505827E-06
   0.1204216E-01   0.4483817E-06
   0.1221668E-01   0.4430697E-06
   0.1239121E-01   0.4383375E-06
   0.1256573E-01   0.4346337E-06
   0.1274026E-01   0.4326739E-06
   0.1291478E-01   0.4350166E-06
   0.1308930E-01   0.4375686E-06
   0.1326383E-01   0.4391559E-06
   0.1343835E-01   0.4407346E-06
   0.1361288E-01   0.4393172E-06
   0.1378740E-01   0.4354308E-06
   0.1396193E-01   0.4317941E-06
   0.1413645E-01   0.4286834E-06
   0.1431097E-01   0.4225362E-06
   0.1448550E-01   0.4177574E-06
   0.1466002E-01   0.4145700E-06
   0.1483455E-01   0.4112878E-06
   0.1500907E-01   0.4089833E-06
   0.1518359E-01   0.4085292E-06
   0.1535812E-01   0.4092665E-06
   0.1553264E-01   0.4074303E-06
   0.1570717E-01   0.4062506E-06
   0.1588169E-01   0.4065401E-06
   0.1605621E-01   0.4078476E-06
   0.1623074E-01   0.4077573E-06
   0.1640526E-01   0.4076479E-06
   0.1657979E-01   0.4063986E-06
   0.1675431E-01   0.4058758E-06
   0.1692883E-01   0.4049507E-06
   0.1710336E-01   0.4036194E-06
   0.1727788E-01   0.4004264E-06
   0.1745241E-01   0.3991281E-06
   0.1762693E-01   0.3971490E-06
   0.1780145E-01   0.3973582E-06
   0.1797598E-01   0.3975663E-06
   0.1815050E-01   0.3992818E-06
   0.1832503E-01   0.3991162E-06
   0.1849955E-01   0.3976734E-06
   0.1867408E-01   0.3964995E-06
   0.1884860E-01   0.3963761E-06
   0.1902312E-01   0.3966381E-06
   0.1919765E-01   0.3952169E-06
   0.1937217E-01   0.3935491E-06
   0.1954670E-01   0.3932396E-06
   0.1972122E-01   0.3932404E-06
   0.1989574E-01   0.3920794E-06
   0.2007027E-01   0.3918011E-06
   0.2024479E-01   0.3916761E-06
   0.2041932E-01   0.3910821E-06
   0.2059384E-01   0.3913040E-06
   0.2076836E-01   0.3904500E-06
   0.2094289E-01   0.3876504E-06
   0.2111741E-01   0.3850743E-06
   0.2129194E-01   0.3836619E-06
   0.2146646E-01   0.3816853E-06
   0.2164098E-01   0.3801285E-06
   0.2181551E-01   0.3794653E-06
   0.2199003E-01   0.3779703E-06
   0.2216456E-01   0.3777238E-06
   0.2233908E-01   0.3763610E-06
   0.2251360E-01   0.3762164E-06
   0.2268813E-01   0.3782066E-06
   0.2286265E-01   0.3802241E-06
   0.2303718E-01   0.3815479E-06
   0.2321170E-01   0.3809602E-06
   0.2338623E-01   0.3800903E-06
   0.2356075E-01   0.3800113E-06
   0.2373527E-01   0.3787383E-06
   0.2390980E-01   0.3773737E-06
   0.2408432E-01   0.3762731E-06
   0.2425884E-01   0.3765549E-06
   0.2443337E-01   0.3750994E-06
   0.2460789E-01   0.3745186E-06
   0.2478242E-01   0.3740423E-06
   0.2495694E-01   0.3733589E-06
   0.2513147E-01   0.3716071E-06
   0.2530599E-01   0.3705985E-06
   0.2548051E-01   0.3708033E-06
   0.2565504E-01   0.3713224E-06
   0.2582956E-01   0.3709666E-06
   0.2600409E-01   0.3723634E-06
   0.2617861E-01   0.3726998E-06
   0.2635313E-01   0.3742300E-06
   0.2652766E-01   0.3747271E-06
   0.2670218E-01   0.3744842E-06
   0.2687671E-01   0.3735843E-06
   0.2705123E-01   0.3731844E-06
   0.2722575E-01   0.3713456E-06
   0.2740028E-01   0.3701002E-06
   0.2757480E-01   0.3676308E-06
   0.2774933E-01   0.3671389E-06
   0.2792385E-01   0.3665060E-06
   0.2809837E-01   0.3658354E-06
   0.2827290E-01   0.3649354E-06
   0.2844742E-01   0.3653904E-06
   0.2862195E-01   0.3649565E-06
   0.2879647E-01   0.3639614E-06
   0.2897099E-01   0.3608870E-06
   0.2914552E-01   0.3586948E-06
   0.2932004E-01   0.3571360E-06
   0.2949457E-01   0.3545341E-06
   0.2966909E-01   0.3537313E-06
   0.2984362E-01   0.3539449E-06
   0.3001814E-01   0.3529505E-06
   0.3019266E-01   0.3521976E-06
   0.3036719E-01   0.3525982E-06
   0.3054171E-01   0.3536218E-06
   0.3071623E-01   0.3544052E-06
   0.3089076E-01   0.3548628E-06
   0.3106528E-01   0.3549553E-06
   0.3123981E-01   0.3539970E-06
   0.3141433E-01   0.3538439E-06
   0.3158886E-01   0.3542106E-06
   0.3176338E-01   0.3534872E-06
   0.3193790E-01   0.3520218E-06
   0.3211243E-01   0.3498633E-06
   0.3228695E-01   0.3484245E-06
   0.3246148E-01   0.3490228E-06
   0.3263600E-01   0.3500181E-06
   0.3281052E-01   0.3513640E-06
   0.3298505E-01   0.3515136E-06
   0.3315957E-01   0.3514208E-06
   0.3333410E-01   0.3519514E-06
   0.3350862E-01   0.3526722E-06
   0.3368314E-01   0.3540029E-06
   0.3385767E-01   0.3547928E-06
   0.3403219E-01   0.3550024E-06
   0.3420672E-01   0.3550024E-06
   0.3438124E-01   0.3565008E-06
   0.3455576E-01   0.3568160E-06
   0.3473029E-01   0.3556092E-06
   0.3490481E-01   0.3534926E-06
