        4.80        3.90
NULL
$r$
radial profile
0 0 0
0
   0.1100000E+31  -0.1100000E+31    5
   0.1100000E+31  -0.1100000E+31    5
    0
CURVE
     201
NULL
black_solid
NULL
    0.000000        0.000000    
   0.1745241E-03   0.6030173E-10
   0.3490481E-03   0.5255922E-07
   0.5235722E-03   0.7845657E-07
   0.6980962E-03   0.1144789E-06
   0.8726203E-03   0.1927048E-06
   0.1047144E-02   0.2650681E-06
   0.1221668E-02   0.3233333E-06
   0.1396192E-02   0.4029833E-06
   0.1570717E-02   0.4709943E-06
   0.1745241E-02   0.5324707E-06
   0.1919765E-02   0.5877212E-06
   0.2094289E-02   0.6292609E-06
   0.2268813E-02   0.6668214E-06
   0.2443337E-02   0.6927987E-06
   0.2617861E-02   0.7060341E-06
   0.2792385E-02   0.7135603E-06
   0.2966909E-02   0.7140098E-06
   0.3141433E-02   0.7078505E-06
   0.3315957E-02   0.6953140E-06
   0.3490481E-02   0.6808231E-06
   0.3665005E-02   0.6644591E-06
   0.3839529E-02   0.6436265E-06
   0.4014053E-02   0.6235518E-06
   0.4188578E-02   0.6031453E-06
   0.4363101E-02   0.5805499E-06
   0.4537626E-02   0.5595525E-06
   0.4712150E-02   0.5380421E-06
   0.4886674E-02   0.5162752E-06
   0.5061198E-02   0.4966520E-06
   0.5235722E-02   0.4760281E-06
   0.5410246E-02   0.4562385E-06
   0.5584770E-02   0.4386388E-06
   0.5759294E-02   0.4206782E-06
   0.5933818E-02   0.4040493E-06
   0.6108342E-02   0.3892498E-06
   0.6282866E-02   0.3745384E-06
   0.6457390E-02   0.3614263E-06
   0.6631915E-02   0.3492297E-06
   0.6806438E-02   0.3371679E-06
   0.6980963E-02   0.3263969E-06
   0.7155487E-02   0.3159401E-06
   0.7330011E-02   0.3053810E-06
   0.7504535E-02   0.2960251E-06
   0.7679059E-02   0.2867487E-06
   0.7853583E-02   0.2775583E-06
   0.8028107E-02   0.2694605E-06
   0.8202631E-02   0.2616178E-06
   0.8377155E-02   0.2541456E-06
   0.8551680E-02   0.2474954E-06
   0.8726203E-02   0.2414121E-06
   0.8900727E-02   0.2355987E-06
   0.9075251E-02   0.2303759E-06
   0.9249776E-02   0.2255686E-06
   0.9424300E-02   0.2208270E-06
   0.9598823E-02   0.2165028E-06
   0.9773348E-02   0.2120223E-06
   0.9947872E-02   0.2076347E-06
   0.1012240E-01   0.2034362E-06
   0.1029692E-01   0.1989001E-06
   0.1047144E-01   0.1946130E-06
   0.1064597E-01   0.1905486E-06
   0.1082049E-01   0.1862331E-06
   0.1099502E-01   0.1822797E-06
   0.1116954E-01   0.1787640E-06
   0.1134406E-01   0.1750573E-06
   0.1151859E-01   0.1717766E-06
   0.1169311E-01   0.1688043E-06
   0.1186764E-01   0.1657189E-06
   0.1204216E-01   0.1629943E-06
   0.1221668E-01   0.1602301E-06
   0.1239121E-01   0.1575637E-06
   0.1256573E-01   0.1550565E-06
   0.1274026E-01   0.1525285E-06
   0.1291478E-01   0.1500652E-06
   0.1308930E-01   0.1475282E-06
   0.1326383E-01   0.1452392E-06
   0.1343835E-01   0.1430940E-06
   0.1361288E-01   0.1409249E-06
   0.1378740E-01   0.1390563E-06
   0.1396193E-01   0.1371420E-06
   0.1413645E-01   0.1353034E-06
   0.1431097E-01   0.1336579E-06
   0.1448550E-01   0.1319898E-06
   0.1466002E-01   0.1303735E-06
   0.1483455E-01   0.1287637E-06
   0.1500907E-01   0.1271948E-06
   0.1518359E-01   0.1256568E-06
   0.1535812E-01   0.1239175E-06
   0.1553264E-01   0.1223803E-06
   0.1570717E-01   0.1208931E-06
   0.1588169E-01   0.1192622E-06
   0.1605621E-01   0.1179511E-06
   0.1623074E-01   0.1165191E-06
   0.1640526E-01   0.1151069E-06
   0.1657979E-01   0.1139193E-06
   0.1675431E-01   0.1126390E-06
   0.1692883E-01   0.1114354E-06
   0.1710336E-01   0.1102014E-06
   0.1727788E-01   0.1090688E-06
   0.1745241E-01   0.1077362E-06
   0.1762693E-01   0.1065230E-06
   0.1780145E-01   0.1053223E-06
   0.1797598E-01   0.1040252E-06
   0.1815050E-01   0.1027478E-06
   0.1832503E-01   0.1015385E-06
   0.1849955E-01   0.1004104E-06
   0.1867408E-01   0.9929390E-07
   0.1884860E-01   0.9827590E-07
   0.1902312E-01   0.9732582E-07
   0.1919765E-01   0.9639994E-07
   0.1937217E-01   0.9555946E-07
   0.1954670E-01   0.9473453E-07
   0.1972122E-01   0.9394335E-07
   0.1989574E-01   0.9329232E-07
   0.2007027E-01   0.9257275E-07
   0.2024479E-01   0.9189073E-07
   0.2041932E-01   0.9130284E-07
   0.2059384E-01   0.9068830E-07
   0.2076836E-01   0.9002305E-07
   0.2094289E-01   0.8951898E-07
   0.2111741E-01   0.8902613E-07
   0.2129194E-01   0.8846259E-07
   0.2146646E-01   0.8789572E-07
   0.2164098E-01   0.8733259E-07
   0.2181551E-01   0.8677554E-07
   0.2199003E-01   0.8609126E-07
   0.2216456E-01   0.8542452E-07
   0.2233908E-01   0.8475639E-07
   0.2251360E-01   0.8392184E-07
   0.2268813E-01   0.8315281E-07
   0.2286265E-01   0.8227286E-07
   0.2303718E-01   0.8143965E-07
   0.2321170E-01   0.8069070E-07
   0.2338623E-01   0.7989998E-07
   0.2356075E-01   0.7912761E-07
   0.2373527E-01   0.7857591E-07
   0.2390980E-01   0.7786828E-07
   0.2408432E-01   0.7722578E-07
   0.2425884E-01   0.7669848E-07
   0.2443337E-01   0.7614496E-07
   0.2460789E-01   0.7558211E-07
   0.2478242E-01   0.7497759E-07
   0.2495694E-01   0.7444302E-07
   0.2513147E-01   0.7394914E-07
   0.2530599E-01   0.7325878E-07
   0.2548051E-01   0.7265592E-07
   0.2565504E-01   0.7218009E-07
   0.2582956E-01   0.7169227E-07
   0.2600409E-01   0.7118958E-07
   0.2617861E-01   0.7079135E-07
   0.2635313E-01   0.7049939E-07
   0.2652766E-01   0.7023751E-07
   0.2670218E-01   0.6996385E-07
   0.2687671E-01   0.6973209E-07
   0.2705123E-01   0.6956738E-07
   0.2722575E-01   0.6933422E-07
   0.2740028E-01   0.6910918E-07
   0.2757480E-01   0.6884286E-07
   0.2774933E-01   0.6856635E-07
   0.2792385E-01   0.6829993E-07
   0.2809837E-01   0.6799888E-07
   0.2827290E-01   0.6772406E-07
   0.2844742E-01   0.6751858E-07
   0.2862195E-01   0.6728470E-07
   0.2879647E-01   0.6707806E-07
   0.2897099E-01   0.6685419E-07
   0.2914552E-01   0.6672303E-07
   0.2932004E-01   0.6656810E-07
   0.2949457E-01   0.6636692E-07
   0.2966909E-01   0.6622798E-07
   0.2984362E-01   0.6600606E-07
   0.3001814E-01   0.6563953E-07
   0.3019266E-01   0.6533397E-07
   0.3036719E-01   0.6485240E-07
   0.3054171E-01   0.6438550E-07
   0.3071623E-01   0.6388687E-07
   0.3089076E-01   0.6333211E-07
   0.3106528E-01   0.6266972E-07
   0.3123981E-01   0.6201402E-07
   0.3141433E-01   0.6140670E-07
   0.3158886E-01   0.6074320E-07
   0.3176338E-01   0.6003359E-07
   0.3193790E-01   0.5936823E-07
   0.3211243E-01   0.5870239E-07
   0.3228695E-01   0.5801159E-07
   0.3246148E-01   0.5731727E-07
   0.3263600E-01   0.5667112E-07
   0.3281052E-01   0.5604776E-07
   0.3298505E-01   0.5540782E-07
   0.3315957E-01   0.5487896E-07
   0.3333410E-01   0.5433089E-07
   0.3350862E-01   0.5388432E-07
   0.3368314E-01   0.5353527E-07
   0.3385767E-01   0.5315622E-07
   0.3403219E-01   0.5288398E-07
   0.3420672E-01   0.5272221E-07
   0.3438124E-01   0.5248751E-07
   0.3455576E-01   0.5235646E-07
   0.3473029E-01   0.5225665E-07
   0.3490481E-01   0.5206357E-07
