   0.00000E+00   0.14952E-05
   0.17452E-03   0.14890E-05
   0.34905E-03   0.14262E-05
   0.52357E-03   0.13957E-05
   0.69810E-03   0.13566E-05
   0.87262E-03   0.12678E-05
   0.10471E-02   0.11851E-05
   0.12217E-02   0.11137E-05
   0.13962E-02   0.10155E-05
   0.15707E-02   0.92521E-06
   0.17452E-02   0.83725E-06
   0.19198E-02   0.74990E-06
   0.20943E-02   0.67485E-06
   0.22688E-02   0.59650E-06
   0.24433E-02   0.52901E-06
   0.26179E-02   0.47588E-06
   0.27924E-02   0.41970E-06
   0.29669E-02   0.37390E-06
   0.31414E-02   0.33871E-06
   0.33160E-02   0.30268E-06
   0.34905E-02   0.27392E-06
   0.36650E-02   0.25150E-06
   0.38395E-02   0.22893E-06
   0.40141E-02   0.21120E-06
   0.41886E-02   0.19626E-06
   0.43631E-02   0.18237E-06
   0.45376E-02   0.17124E-06
   0.47121E-02   0.16125E-06
   0.48867E-02   0.15263E-06
   0.50612E-02   0.14542E-06
   0.52357E-02   0.13897E-06
   0.54102E-02   0.13330E-06
   0.55848E-02   0.12843E-06
   0.57593E-02   0.12390E-06
   0.59338E-02   0.11957E-06
   0.61083E-02   0.11598E-06
   0.62829E-02   0.11208E-06
   0.64574E-02   0.10855E-06
   0.66319E-02   0.10559E-06
   0.68064E-02   0.10204E-06
   0.69810E-02   0.99318E-07
   0.71555E-02   0.96624E-07
   0.73300E-02   0.94082E-07
   0.75045E-02   0.91891E-07
   0.76791E-02   0.89944E-07
   0.78536E-02   0.88191E-07
   0.80281E-02   0.86387E-07
   0.82026E-02   0.85151E-07
   0.83772E-02   0.83604E-07
   0.85517E-02   0.82368E-07
   0.87262E-02   0.81277E-07
   0.89007E-02   0.79980E-07
   0.90753E-02   0.79005E-07
   0.92498E-02   0.77929E-07
   0.94243E-02   0.77095E-07
   0.95988E-02   0.76241E-07
   0.97733E-02   0.75542E-07
   0.99479E-02   0.75018E-07
   0.10122E-01   0.74383E-07
   0.10297E-01   0.74022E-07
   0.10471E-01   0.73427E-07
   0.10646E-01   0.72908E-07
   0.10820E-01   0.72476E-07
   0.10995E-01   0.71716E-07
   0.11170E-01   0.71057E-07
   0.11344E-01   0.70196E-07
   0.11519E-01   0.69259E-07
   0.11693E-01   0.68366E-07
   0.11868E-01   0.67167E-07
   0.12042E-01   0.66260E-07
   0.12217E-01   0.65038E-07
   0.12391E-01   0.64050E-07
   0.12566E-01   0.63018E-07
   0.12740E-01   0.61897E-07
   0.12915E-01   0.61089E-07
   0.13089E-01   0.60079E-07
   0.13264E-01   0.59165E-07
   0.13438E-01   0.58198E-07
   0.13613E-01   0.57399E-07
   0.13787E-01   0.56546E-07
   0.13962E-01   0.55599E-07
   0.14136E-01   0.54911E-07
   0.14311E-01   0.54140E-07
   0.14485E-01   0.53413E-07
   0.14660E-01   0.52801E-07
   0.14835E-01   0.52221E-07
   0.15009E-01   0.51741E-07
   0.15184E-01   0.51222E-07
   0.15358E-01   0.50944E-07
   0.15533E-01   0.50557E-07
   0.15707E-01   0.50202E-07
   0.15882E-01   0.49938E-07
   0.16056E-01   0.49614E-07
   0.16231E-01   0.49237E-07
   0.16405E-01   0.48853E-07
   0.16580E-01   0.48499E-07
   0.16754E-01   0.48200E-07
   0.16929E-01   0.47693E-07
   0.17103E-01   0.47390E-07
   0.17278E-01   0.46992E-07
   0.17452E-01   0.46615E-07
   0.17627E-01   0.46270E-07
   0.17801E-01   0.45852E-07
   0.17976E-01   0.45582E-07
   0.18151E-01   0.45156E-07
   0.18325E-01   0.44855E-07
   0.18500E-01   0.44454E-07
   0.18674E-01   0.44066E-07
   0.18849E-01   0.43654E-07
   0.19023E-01   0.43204E-07
   0.19198E-01   0.42814E-07
   0.19372E-01   0.42288E-07
   0.19547E-01   0.41838E-07
   0.19721E-01   0.41353E-07
   0.19896E-01   0.40772E-07
   0.20070E-01   0.40380E-07
   0.20245E-01   0.39731E-07
   0.20419E-01   0.39317E-07
   0.20594E-01   0.38827E-07
   0.20768E-01   0.38333E-07
   0.20943E-01   0.37971E-07
   0.21117E-01   0.37472E-07
   0.21292E-01   0.37131E-07
   0.21466E-01   0.36799E-07
   0.21641E-01   0.36497E-07
   0.21816E-01   0.36282E-07
   0.21990E-01   0.36042E-07
   0.22165E-01   0.35940E-07
   0.22339E-01   0.35786E-07
   0.22514E-01   0.35749E-07
   0.22688E-01   0.35683E-07
   0.22863E-01   0.35622E-07
   0.23037E-01   0.35618E-07
   0.23212E-01   0.35485E-07
   0.23386E-01   0.35452E-07
   0.23561E-01   0.35242E-07
   0.23735E-01   0.35028E-07
   0.23910E-01   0.34847E-07
   0.24084E-01   0.34501E-07
   0.24259E-01   0.34175E-07
   0.24433E-01   0.33778E-07
   0.24608E-01   0.33416E-07
   0.24782E-01   0.32945E-07
   0.24957E-01   0.32487E-07
   0.25131E-01   0.32055E-07
   0.25306E-01   0.31574E-07
   0.25481E-01   0.31067E-07
   0.25655E-01   0.30573E-07
   0.25830E-01   0.30109E-07
   0.26004E-01   0.29674E-07
   0.26179E-01   0.29170E-07
   0.26353E-01   0.28756E-07
   0.26528E-01   0.28436E-07
   0.26702E-01   0.28072E-07
   0.26877E-01   0.27730E-07
   0.27051E-01   0.27479E-07
   0.27226E-01   0.27340E-07
   0.27400E-01   0.27156E-07
   0.27575E-01   0.27026E-07
   0.27749E-01   0.26964E-07
   0.27924E-01   0.26823E-07
   0.28098E-01   0.26722E-07
   0.28273E-01   0.26594E-07
   0.28447E-01   0.26435E-07
   0.28622E-01   0.26258E-07
   0.28796E-01   0.26094E-07
   0.28971E-01   0.25822E-07
   0.29146E-01   0.25624E-07
   0.29320E-01   0.25505E-07
   0.29495E-01   0.25192E-07
   0.29669E-01   0.25117E-07
   0.29844E-01   0.25040E-07
   0.30018E-01   0.24920E-07
   0.30193E-01   0.24907E-07
   0.30367E-01   0.24887E-07
   0.30542E-01   0.24968E-07
   0.30716E-01   0.24972E-07
   0.30891E-01   0.24996E-07
   0.31065E-01   0.25056E-07
   0.31240E-01   0.24938E-07
   0.31414E-01   0.24983E-07
   0.31589E-01   0.24891E-07
   0.31763E-01   0.24833E-07
   0.31938E-01   0.24793E-07
   0.32112E-01   0.24657E-07
   0.32287E-01   0.24661E-07
   0.32461E-01   0.24555E-07
   0.32636E-01   0.24494E-07
   0.32811E-01   0.24470E-07
   0.32985E-01   0.24448E-07
   0.33160E-01   0.24431E-07
   0.33334E-01   0.24349E-07
   0.33509E-01   0.24386E-07
   0.33683E-01   0.24273E-07
   0.33858E-01   0.24173E-07
   0.34032E-01   0.24077E-07
   0.34207E-01   0.23913E-07
   0.34381E-01   0.23764E-07
   0.34556E-01   0.23547E-07
   0.34730E-01   0.23429E-07
   0.34905E-01   0.23272E-07
