        4.80        3.90
NULL
$r$
radial profile
0 0 0
0
   0.1100000E+31  -0.1100000E+31    5
   0.1100000E+31  -0.1100000E+31    5
    0
CURVE
     201
NULL
black_solid
NULL
    0.000000        0.000000    
   0.1745241E-03   0.5843225E-10
   0.3490481E-03   0.5169721E-07
   0.5235722E-03   0.7706632E-07
   0.6980962E-03   0.1129020E-06
   0.8726203E-03   0.1885630E-06
   0.1047144E-02   0.2604711E-06
   0.1221668E-02   0.3175388E-06
   0.1396192E-02   0.3951540E-06
   0.1570717E-02   0.4624192E-06
   0.1745241E-02   0.5228009E-06
   0.1919765E-02   0.5768596E-06
   0.2094289E-02   0.6185445E-06
   0.2268813E-02   0.6551548E-06
   0.2443337E-02   0.6807756E-06
   0.2617861E-02   0.6947405E-06
   0.2792385E-02   0.7027190E-06
   0.2966909E-02   0.7034373E-06
   0.3141433E-02   0.6977948E-06
   0.3315957E-02   0.6861441E-06
   0.3490481E-02   0.6722536E-06
   0.3665005E-02   0.6565576E-06
   0.3839529E-02   0.6365569E-06
   0.4014053E-02   0.6170903E-06
   0.4188578E-02   0.5971599E-06
   0.4363101E-02   0.5752649E-06
   0.4537626E-02   0.5547484E-06
   0.4712150E-02   0.5336263E-06
   0.4886674E-02   0.5126138E-06
   0.5061198E-02   0.4933410E-06
   0.5235722E-02   0.4731387E-06
   0.5410246E-02   0.4540967E-06
   0.5584770E-02   0.4367300E-06
   0.5759294E-02   0.4195921E-06
   0.5933818E-02   0.4034320E-06
   0.6108342E-02   0.3889656E-06
   0.6282866E-02   0.3751800E-06
   0.6457390E-02   0.3624482E-06
   0.6631915E-02   0.3503368E-06
   0.6806438E-02   0.3388438E-06
   0.6980963E-02   0.3283514E-06
   0.7155487E-02   0.3178543E-06
   0.7330011E-02   0.3073908E-06
   0.7504535E-02   0.2980613E-06
   0.7679059E-02   0.2887711E-06
   0.7853583E-02   0.2792739E-06
   0.8028107E-02   0.2710992E-06
   0.8202631E-02   0.2634198E-06
   0.8377155E-02   0.2558886E-06
   0.8551680E-02   0.2491326E-06
   0.8726203E-02   0.2431978E-06
   0.8900727E-02   0.2375638E-06
   0.9075251E-02   0.2323911E-06
   0.9249776E-02   0.2276856E-06
   0.9424300E-02   0.2230297E-06
   0.9598823E-02   0.2188472E-06
   0.9773348E-02   0.2144892E-06
   0.9947872E-02   0.2101608E-06
   0.1012240E-01   0.2057865E-06
   0.1029692E-01   0.2012429E-06
   0.1047144E-01   0.1968249E-06
   0.1064597E-01   0.1923992E-06
   0.1082049E-01   0.1878695E-06
   0.1099502E-01   0.1836457E-06
   0.1116954E-01   0.1797393E-06
   0.1134406E-01   0.1756775E-06
   0.1151859E-01   0.1718950E-06
   0.1169311E-01   0.1686074E-06
   0.1186764E-01   0.1652114E-06
   0.1204216E-01   0.1620494E-06
   0.1221668E-01   0.1590531E-06
   0.1239121E-01   0.1563159E-06
   0.1256573E-01   0.1536282E-06
   0.1274026E-01   0.1510249E-06
   0.1291478E-01   0.1486528E-06
   0.1308930E-01   0.1461203E-06
   0.1326383E-01   0.1437010E-06
   0.1343835E-01   0.1416991E-06
   0.1361288E-01   0.1396503E-06
   0.1378740E-01   0.1374647E-06
   0.1396193E-01   0.1354450E-06
   0.1413645E-01   0.1334355E-06
   0.1431097E-01   0.1313486E-06
   0.1448550E-01   0.1294651E-06
   0.1466002E-01   0.1275920E-06
   0.1483455E-01   0.1256016E-06
   0.1500907E-01   0.1236557E-06
   0.1518359E-01   0.1218378E-06
   0.1535812E-01   0.1200024E-06
   0.1553264E-01   0.1183760E-06
   0.1570717E-01   0.1168158E-06
   0.1588169E-01   0.1152812E-06
   0.1605621E-01   0.1141089E-06
   0.1623074E-01   0.1128217E-06
   0.1640526E-01   0.1116730E-06
   0.1657979E-01   0.1107635E-06
   0.1675431E-01   0.1096369E-06
   0.1692883E-01   0.1086192E-06
   0.1710336E-01   0.1076152E-06
   0.1727788E-01   0.1065154E-06
   0.1745241E-01   0.1052157E-06
   0.1762693E-01   0.1041917E-06
   0.1780145E-01   0.1026580E-06
   0.1797598E-01   0.1013262E-06
   0.1815050E-01   0.9986522E-07
   0.1832503E-01   0.9844388E-07
   0.1849955E-01   0.9717338E-07
   0.1867408E-01   0.9590173E-07
   0.1884860E-01   0.9487198E-07
   0.1902312E-01   0.9382667E-07
   0.1919765E-01   0.9290073E-07
   0.1937217E-01   0.9213370E-07
   0.1954670E-01   0.9136046E-07
   0.1972122E-01   0.9067111E-07
   0.1989574E-01   0.9002722E-07
   0.2007027E-01   0.8928009E-07
   0.2024479E-01   0.8857282E-07
   0.2041932E-01   0.8786523E-07
   0.2059384E-01   0.8697372E-07
   0.2076836E-01   0.8610350E-07
   0.2094289E-01   0.8521881E-07
   0.2111741E-01   0.8448698E-07
   0.2129194E-01   0.8351810E-07
   0.2146646E-01   0.8266637E-07
   0.2164098E-01   0.8187358E-07
   0.2181551E-01   0.8116729E-07
   0.2199003E-01   0.8047483E-07
   0.2216456E-01   0.7990373E-07
   0.2233908E-01   0.7942231E-07
   0.2251360E-01   0.7892227E-07
   0.2268813E-01   0.7852827E-07
   0.2286265E-01   0.7804066E-07
   0.2303718E-01   0.7779019E-07
   0.2321170E-01   0.7752041E-07
   0.2338623E-01   0.7713217E-07
   0.2356075E-01   0.7677054E-07
   0.2373527E-01   0.7645873E-07
   0.2390980E-01   0.7597060E-07
   0.2408432E-01   0.7536296E-07
   0.2425884E-01   0.7472548E-07
   0.2443337E-01   0.7412051E-07
   0.2460789E-01   0.7330364E-07
   0.2478242E-01   0.7256671E-07
   0.2495694E-01   0.7177059E-07
   0.2513147E-01   0.7104633E-07
   0.2530599E-01   0.7019080E-07
   0.2548051E-01   0.6928362E-07
   0.2565504E-01   0.6848915E-07
   0.2582956E-01   0.6796490E-07
   0.2600409E-01   0.6724291E-07
   0.2617861E-01   0.6674251E-07
   0.2635313E-01   0.6652192E-07
   0.2652766E-01   0.6609639E-07
   0.2670218E-01   0.6583452E-07
   0.2687671E-01   0.6567934E-07
   0.2705123E-01   0.6556050E-07
   0.2722575E-01   0.6538620E-07
   0.2740028E-01   0.6528475E-07
   0.2757480E-01   0.6522590E-07
   0.2774933E-01   0.6502338E-07
   0.2792385E-01   0.6494697E-07
   0.2809837E-01   0.6496720E-07
   0.2827290E-01   0.6475037E-07
   0.2844742E-01   0.6473788E-07
   0.2862195E-01   0.6472330E-07
   0.2879647E-01   0.6472353E-07
   0.2897099E-01   0.6456746E-07
   0.2914552E-01   0.6456889E-07
   0.2932004E-01   0.6447467E-07
   0.2949457E-01   0.6417887E-07
   0.2966909E-01   0.6401446E-07
   0.2984362E-01   0.6390157E-07
   0.3001814E-01   0.6338063E-07
   0.3019266E-01   0.6319826E-07
   0.3036719E-01   0.6271102E-07
   0.3054171E-01   0.6221104E-07
   0.3071623E-01   0.6187754E-07
   0.3089076E-01   0.6145567E-07
   0.3106528E-01   0.6079858E-07
   0.3123981E-01   0.6028993E-07
   0.3141433E-01   0.5975735E-07
   0.3158886E-01   0.5910957E-07
   0.3176338E-01   0.5849146E-07
   0.3193790E-01   0.5790681E-07
   0.3211243E-01   0.5722136E-07
   0.3228695E-01   0.5652054E-07
   0.3246148E-01   0.5574848E-07
   0.3263600E-01   0.5496534E-07
   0.3281052E-01   0.5423423E-07
   0.3298505E-01   0.5338827E-07
   0.3315957E-01   0.5263363E-07
   0.3333410E-01   0.5181287E-07
   0.3350862E-01   0.5120652E-07
   0.3368314E-01   0.5056913E-07
   0.3385767E-01   0.4991131E-07
   0.3403219E-01   0.4947465E-07
   0.3420672E-01   0.4906929E-07
   0.3438124E-01   0.4865748E-07
   0.3455576E-01   0.4837405E-07
   0.3473029E-01   0.4815690E-07
   0.3490481E-01   0.4789639E-07
