        4.80        3.90
NULL
$r$
radial profile
0 0 0
0
   0.1100000E+31  -0.1100000E+31    5
   0.1100000E+31  -0.1100000E+31    5
    0
CURVE
     201
NULL
black_solid
NULL
    0.000000        0.000000    
   0.1745241E-03   0.7401958E-08
   0.3490481E-03  -0.8700135E-08
   0.5235722E-03   0.1698854E-08
   0.6980962E-03   0.3263870E-08
   0.8726203E-03   0.3841595E-09
   0.1047144E-02   0.1024548E-08
   0.1221668E-02   0.3775809E-08
   0.1396192E-02   0.1827195E-08
   0.1570717E-02   0.6008801E-09
   0.1745241E-02   0.9908292E-09
   0.1919765E-02   0.3410062E-08
   0.2094289E-02   0.3869409E-08
   0.2268813E-02   0.3444554E-08
   0.2443337E-02   0.4822791E-08
   0.2617861E-02   0.6373379E-08
   0.2792385E-02   0.6084290E-08
   0.2966909E-02   0.7006554E-08
   0.3141433E-02   0.8443143E-08
   0.3315957E-02   0.8615104E-08
   0.3490481E-02   0.9016297E-08
   0.3665005E-02   0.9612681E-08
   0.3839529E-02   0.9830055E-08
   0.4014053E-02   0.1057124E-07
   0.4188578E-02   0.1102898E-07
   0.4363101E-02   0.1170052E-07
   0.4537626E-02   0.1208662E-07
   0.4712150E-02   0.1270153E-07
   0.4886674E-02   0.1316144E-07
   0.5061198E-02   0.1357422E-07
   0.5235722E-02   0.1416326E-07
   0.5410246E-02   0.1441473E-07
   0.5584770E-02   0.1474183E-07
   0.5759294E-02   0.1483063E-07
   0.5933818E-02   0.1520681E-07
   0.6108342E-02   0.1539470E-07
   0.6282866E-02   0.1558859E-07
   0.6457390E-02   0.1561733E-07
   0.6631915E-02   0.1594336E-07
   0.6806438E-02   0.1614251E-07
   0.6980963E-02   0.1645909E-07
   0.7155487E-02   0.1666896E-07
   0.7330011E-02   0.1717002E-07
   0.7504535E-02   0.1742585E-07
   0.7679059E-02   0.1765842E-07
   0.7853583E-02   0.1792029E-07
   0.8028107E-02   0.1790470E-07
   0.8202631E-02   0.1809088E-07
   0.8377155E-02   0.1765260E-07
   0.8551680E-02   0.1722188E-07
   0.8726203E-02   0.1682528E-07
   0.8900727E-02   0.1609185E-07
   0.9075251E-02   0.1548839E-07
   0.9249776E-02   0.1476708E-07
   0.9424300E-02   0.1401803E-07
   0.9598823E-02   0.1333673E-07
   0.9773348E-02   0.1279070E-07
   0.9947872E-02   0.1256287E-07
   0.1012240E-01   0.1204805E-07
   0.1029692E-01   0.1204847E-07
   0.1047144E-01   0.1199361E-07
   0.1064597E-01   0.1191470E-07
   0.1082049E-01   0.1211712E-07
   0.1099502E-01   0.1207304E-07
   0.1116954E-01   0.1241843E-07
   0.1134406E-01   0.1252954E-07
   0.1151859E-01   0.1265846E-07
   0.1169311E-01   0.1268376E-07
   0.1186764E-01   0.1276678E-07
   0.1204216E-01   0.1294579E-07
   0.1221668E-01   0.1271438E-07
   0.1239121E-01   0.1283483E-07
   0.1256573E-01   0.1269067E-07
   0.1274026E-01   0.1257575E-07
   0.1291478E-01   0.1259948E-07
   0.1308930E-01   0.1239885E-07
   0.1326383E-01   0.1230535E-07
   0.1343835E-01   0.1194686E-07
   0.1361288E-01   0.1150210E-07
   0.1378740E-01   0.1119480E-07
   0.1396193E-01   0.1070549E-07
   0.1413645E-01   0.1006905E-07
   0.1431097E-01   0.9664316E-08
   0.1448550E-01   0.9052781E-08
   0.1466002E-01   0.8460435E-08
   0.1483455E-01   0.8100197E-08
   0.1500907E-01   0.7795641E-08
   0.1518359E-01   0.7205777E-08
   0.1535812E-01   0.7213923E-08
   0.1553264E-01   0.6947068E-08
   0.1570717E-01   0.6788011E-08
   0.1588169E-01   0.6905468E-08
   0.1605621E-01   0.6828013E-08
   0.1623074E-01   0.6959648E-08
   0.1640526E-01   0.7049247E-08
   0.1657979E-01   0.7139301E-08
   0.1675431E-01   0.7354918E-08
   0.1692883E-01   0.7382930E-08
   0.1710336E-01   0.7604099E-08
   0.1727788E-01   0.7784616E-08
   0.1745241E-01   0.8101962E-08
   0.1762693E-01   0.8327932E-08
   0.1780145E-01   0.8551646E-08
   0.1797598E-01   0.8854219E-08
   0.1815050E-01   0.9368793E-08
   0.1832503E-01   0.9624035E-08
   0.1849955E-01   0.9965644E-08
   0.1867408E-01   0.1032620E-07
   0.1884860E-01   0.1036921E-07
   0.1902312E-01   0.1060753E-07
   0.1919765E-01   0.1071752E-07
   0.1937217E-01   0.1075067E-07
   0.1954670E-01   0.1063912E-07
   0.1972122E-01   0.1052895E-07
   0.1989574E-01   0.1033134E-07
   0.2007027E-01   0.1029266E-07
   0.2024479E-01   0.1004572E-07
   0.2041932E-01   0.9940967E-08
   0.2059384E-01   0.9846291E-08
   0.2076836E-01   0.9766310E-08
   0.2094289E-01   0.9611493E-08
   0.2111741E-01   0.9575275E-08
   0.2129194E-01   0.9449090E-08
   0.2146646E-01   0.9419550E-08
   0.2164098E-01   0.9330114E-08
   0.2181551E-01   0.9198742E-08
   0.2199003E-01   0.9052554E-08
   0.2216456E-01   0.8976097E-08
   0.2233908E-01   0.8678980E-08
   0.2251360E-01   0.8534896E-08
   0.2268813E-01   0.8464179E-08
   0.2286265E-01   0.8225430E-08
   0.2303718E-01   0.8306452E-08
   0.2321170E-01   0.8226596E-08
   0.2338623E-01   0.8278983E-08
   0.2356075E-01   0.8327106E-08
   0.2373527E-01   0.8465827E-08
   0.2390980E-01   0.8641935E-08
   0.2408432E-01   0.8527400E-08
   0.2425884E-01   0.8716667E-08
   0.2443337E-01   0.8742520E-08
   0.2460789E-01   0.8709179E-08
   0.2478242E-01   0.8560566E-08
   0.2495694E-01   0.8396827E-08
   0.2513147E-01   0.8342859E-08
   0.2530599E-01   0.8051586E-08
   0.2548051E-01   0.7671487E-08
   0.2565504E-01   0.7584769E-08
   0.2582956E-01   0.7227233E-08
   0.2600409E-01   0.7023206E-08
   0.2617861E-01   0.6794821E-08
   0.2635313E-01   0.6653922E-08
   0.2652766E-01   0.6559468E-08
   0.2670218E-01   0.6422683E-08
   0.2687671E-01   0.6299387E-08
   0.2705123E-01   0.6406147E-08
   0.2722575E-01   0.6473496E-08
   0.2740028E-01   0.6290312E-08
   0.2757480E-01   0.6335741E-08
   0.2774933E-01   0.6282196E-08
   0.2792385E-01   0.6305361E-08
   0.2809837E-01   0.6231995E-08
   0.2827290E-01   0.6212078E-08
   0.2844742E-01   0.6346726E-08
   0.2862195E-01   0.6333074E-08
   0.2879647E-01   0.6361428E-08
   0.2897099E-01   0.6510780E-08
   0.2914552E-01   0.6588746E-08
   0.2932004E-01   0.6703437E-08
   0.2949457E-01   0.6767312E-08
   0.2966909E-01   0.7005283E-08
   0.2984362E-01   0.7169659E-08
   0.3001814E-01   0.7298119E-08
   0.3019266E-01   0.7396055E-08
   0.3036719E-01   0.7423457E-08
   0.3054171E-01   0.7547948E-08
   0.3071623E-01   0.7663603E-08
   0.3089076E-01   0.7642908E-08
   0.3106528E-01   0.7696882E-08
   0.3123981E-01   0.7717448E-08
   0.3141433E-01   0.7654739E-08
   0.3158886E-01   0.7695877E-08
   0.3176338E-01   0.7598420E-08
   0.3193790E-01   0.7506332E-08
   0.3211243E-01   0.7446423E-08
   0.3228695E-01   0.7251697E-08
   0.3246148E-01   0.7094063E-08
   0.3263600E-01   0.6952554E-08
   0.3281052E-01   0.6751981E-08
   0.3298505E-01   0.6618142E-08
   0.3315957E-01   0.6427657E-08
   0.3333410E-01   0.6290048E-08
   0.3350862E-01   0.6216691E-08
   0.3368314E-01   0.6075011E-08
   0.3385767E-01   0.6068066E-08
   0.3403219E-01   0.6013896E-08
   0.3420672E-01   0.5975580E-08
   0.3438124E-01   0.6002589E-08
   0.3455576E-01   0.5981259E-08
   0.3473029E-01   0.6065219E-08
   0.3490481E-01   0.6129129E-08
