        4.80        3.90
NULL
$r$
radial profile
0 0 0
0
   0.1100000E+31  -0.1100000E+31    5
   0.1100000E+31  -0.1100000E+31    5
    0
CURVE
     201
NULL
black_solid
NULL
    0.000000        0.000000    
   0.1745241E-03  -0.4461401E-10
   0.3490481E-03   0.5914594E-07
   0.5235722E-03   0.8114295E-07
   0.6980962E-03   0.1187274E-06
   0.8726203E-03   0.2077240E-06
   0.1047144E-02   0.2672303E-06
   0.1221668E-02   0.3264597E-06
   0.1396192E-02   0.4141257E-06
   0.1570717E-02   0.4773588E-06
   0.1745241E-02   0.5361569E-06
   0.1919765E-02   0.5984888E-06
   0.2094289E-02   0.6391808E-06
   0.2268813E-02   0.6772796E-06
   0.2443337E-02   0.7026488E-06
   0.2617861E-02   0.7182314E-06
   0.2792385E-02   0.7290174E-06
   0.2966909E-02   0.7295507E-06
   0.3141433E-02   0.7274946E-06
   0.3315957E-02   0.7207652E-06
   0.3490481E-02   0.7090752E-06
   0.3665005E-02   0.6972101E-06
   0.3839529E-02   0.6798812E-06
   0.4014053E-02   0.6619737E-06
   0.4188578E-02   0.6446813E-06
   0.4363101E-02   0.6226671E-06
   0.4537626E-02   0.6026979E-06
   0.4712150E-02   0.5818072E-06
   0.4886674E-02   0.5585233E-06
   0.5061198E-02   0.5386445E-06
   0.5235722E-02   0.5163586E-06
   0.5410246E-02   0.4943472E-06
   0.5584770E-02   0.4765709E-06
   0.5759294E-02   0.4553259E-06
   0.5933818E-02   0.4370440E-06
   0.6108342E-02   0.4211821E-06
   0.6282866E-02   0.4034671E-06
   0.6457390E-02   0.3869540E-06
   0.6631915E-02   0.3743640E-06
   0.6806438E-02   0.3592442E-06
   0.6980963E-02   0.3461904E-06
   0.7155487E-02   0.3350104E-06
   0.7330011E-02   0.3226274E-06
   0.7504535E-02   0.3116322E-06
   0.7679059E-02   0.3016503E-06
   0.7853583E-02   0.2920628E-06
   0.8028107E-02   0.2857807E-06
   0.8202631E-02   0.2788289E-06
   0.8377155E-02   0.2726418E-06
   0.8551680E-02   0.2684474E-06
   0.8726203E-02   0.2638832E-06
   0.8900727E-02   0.2597278E-06
   0.9075251E-02   0.2543334E-06
   0.9249776E-02   0.2506939E-06
   0.9424300E-02   0.2453196E-06
   0.9598823E-02   0.2393757E-06
   0.9773348E-02   0.2336789E-06
   0.9947872E-02   0.2270735E-06
   0.1012240E-01   0.2206652E-06
   0.1029692E-01   0.2132978E-06
   0.1047144E-01   0.2058337E-06
   0.1064597E-01   0.2008764E-06
   0.1082049E-01   0.1942430E-06
   0.1099502E-01   0.1881081E-06
   0.1116954E-01   0.1840074E-06
   0.1134406E-01   0.1789182E-06
   0.1151859E-01   0.1754121E-06
   0.1169311E-01   0.1716504E-06
   0.1186764E-01   0.1677336E-06
   0.1204216E-01   0.1648190E-06
   0.1221668E-01   0.1617191E-06
   0.1239121E-01   0.1587878E-06
   0.1256573E-01   0.1553120E-06
   0.1274026E-01   0.1525635E-06
   0.1291478E-01   0.1496118E-06
   0.1308930E-01   0.1462656E-06
   0.1326383E-01   0.1440379E-06
   0.1343835E-01   0.1422035E-06
   0.1361288E-01   0.1398680E-06
   0.1378740E-01   0.1378723E-06
   0.1396193E-01   0.1361108E-06
   0.1413645E-01   0.1345628E-06
   0.1431097E-01   0.1330564E-06
   0.1448550E-01   0.1313905E-06
   0.1466002E-01   0.1292505E-06
   0.1483455E-01   0.1271112E-06
   0.1500907E-01   0.1253025E-06
   0.1518359E-01   0.1225713E-06
   0.1535812E-01   0.1194954E-06
   0.1553264E-01   0.1171409E-06
   0.1570717E-01   0.1141505E-06
   0.1588169E-01   0.1108176E-06
   0.1605621E-01   0.1085720E-06
   0.1623074E-01   0.1060414E-06
   0.1640526E-01   0.1037103E-06
   0.1657979E-01   0.1018951E-06
   0.1675431E-01   0.9979386E-07
   0.1692883E-01   0.9904080E-07
   0.1710336E-01   0.9806212E-07
   0.1727788E-01   0.9786759E-07
   0.1745241E-01   0.9780103E-07
   0.1762693E-01   0.9755073E-07
   0.1780145E-01   0.9865756E-07
   0.1797598E-01   0.9948225E-07
   0.1815050E-01   0.1003454E-06
   0.1832503E-01   0.1023386E-06
   0.1849955E-01   0.1045680E-06
   0.1867408E-01   0.1070092E-06
   0.1884860E-01   0.1092753E-06
   0.1902312E-01   0.1117153E-06
   0.1919765E-01   0.1137855E-06
   0.1937217E-01   0.1163136E-06
   0.1954670E-01   0.1186698E-06
   0.1972122E-01   0.1198040E-06
   0.1989574E-01   0.1215932E-06
   0.2007027E-01   0.1223836E-06
   0.2024479E-01   0.1222133E-06
   0.2041932E-01   0.1217364E-06
   0.2059384E-01   0.1212171E-06
   0.2076836E-01   0.1197433E-06
   0.2094289E-01   0.1175576E-06
   0.2111741E-01   0.1157150E-06
   0.2129194E-01   0.1129207E-06
   0.2146646E-01   0.1102907E-06
   0.2164098E-01   0.1077227E-06
   0.2181551E-01   0.1047783E-06
   0.2199003E-01   0.1013435E-06
   0.2216456E-01   0.9830901E-07
   0.2233908E-01   0.9530380E-07
   0.2251360E-01   0.9199409E-07
   0.2268813E-01   0.8859520E-07
   0.2286265E-01   0.8593262E-07
   0.2303718E-01   0.8320245E-07
   0.2321170E-01   0.8000828E-07
   0.2338623E-01   0.7763406E-07
   0.2356075E-01   0.7552081E-07
   0.2373527E-01   0.7369997E-07
   0.2390980E-01   0.7244510E-07
   0.2408432E-01   0.7157038E-07
   0.2425884E-01   0.7033211E-07
   0.2443337E-01   0.7001074E-07
   0.2460789E-01   0.6972095E-07
   0.2478242E-01   0.6883648E-07
   0.2495694E-01   0.6837595E-07
   0.2513147E-01   0.6775450E-07
   0.2530599E-01   0.6692338E-07
   0.2548051E-01   0.6614804E-07
   0.2565504E-01   0.6521019E-07
   0.2582956E-01   0.6469603E-07
   0.2600409E-01   0.6408109E-07
   0.2617861E-01   0.6329901E-07
   0.2635313E-01   0.6304457E-07
   0.2652766E-01   0.6269964E-07
   0.2670218E-01   0.6251581E-07
   0.2687671E-01   0.6199378E-07
   0.2705123E-01   0.6230458E-07
   0.2722575E-01   0.6268190E-07
   0.2740028E-01   0.6248477E-07
   0.2757480E-01   0.6249294E-07
   0.2774933E-01   0.6235642E-07
   0.2792385E-01   0.6214239E-07
   0.2809837E-01   0.6268817E-07
   0.2827290E-01   0.6220212E-07
   0.2844742E-01   0.6232855E-07
   0.2862195E-01   0.6276743E-07
   0.2879647E-01   0.6336236E-07
   0.2897099E-01   0.6427965E-07
   0.2914552E-01   0.6518209E-07
   0.2932004E-01   0.6636280E-07
   0.2949457E-01   0.6794612E-07
   0.2966909E-01   0.6950086E-07
   0.2984362E-01   0.7070020E-07
   0.3001814E-01   0.7155175E-07
   0.3019266E-01   0.7243878E-07
   0.3036719E-01   0.7284254E-07
   0.3054171E-01   0.7291941E-07
   0.3071623E-01   0.7292916E-07
   0.3089076E-01   0.7210510E-07
   0.3106528E-01   0.7108206E-07
   0.3123981E-01   0.6976044E-07
   0.3141433E-01   0.6845360E-07
   0.3158886E-01   0.6683666E-07
   0.3176338E-01   0.6493667E-07
   0.3193790E-01   0.6325447E-07
   0.3211243E-01   0.6095637E-07
   0.3228695E-01   0.5946040E-07
   0.3246148E-01   0.5757545E-07
   0.3263600E-01   0.5541694E-07
   0.3281052E-01   0.5391418E-07
   0.3298505E-01   0.5227806E-07
   0.3315957E-01   0.5091939E-07
   0.3333410E-01   0.4952316E-07
   0.3350862E-01   0.4875266E-07
   0.3368314E-01   0.4780659E-07
   0.3385767E-01   0.4712829E-07
   0.3403219E-01   0.4684556E-07
   0.3420672E-01   0.4669845E-07
   0.3438124E-01   0.4666604E-07
   0.3455576E-01   0.4651283E-07
   0.3473029E-01   0.4731057E-07
   0.3490481E-01   0.4741457E-07
