        4.80        3.90
NULL
$r$
radial profile
0 0 0
0
   0.1100000E+31  -0.1100000E+31    5
   0.1100000E+31  -0.1100000E+31    5
    0
CURVE
     201
NULL
black_solid
NULL
    0.000000        0.000000    
   0.1745241E-03   0.8322372E-08
   0.3490481E-03  -0.1018790E-07
   0.5235722E-03   0.6304212E-08
   0.6980962E-03   0.9301504E-08
   0.8726203E-03  -0.4478900E-08
   0.1047144E-02   0.5710960E-09
   0.1221668E-02   0.5956577E-08
   0.1396192E-02  -0.3901595E-08
   0.1570717E-02  -0.9430142E-08
   0.1745241E-02  -0.1063840E-07
   0.1919765E-02  -0.1417593E-07
   0.2094289E-02  -0.1894788E-07
   0.2268813E-02  -0.2333224E-07
   0.2443337E-02  -0.2711415E-07
   0.2617861E-02  -0.2834151E-07
   0.2792385E-02  -0.3402723E-07
   0.2966909E-02  -0.3793178E-07
   0.3141433E-02  -0.3827510E-07
   0.3315957E-02  -0.3926749E-07
   0.3490481E-02  -0.3894866E-07
   0.3665005E-02  -0.3490117E-07
   0.3839529E-02  -0.3195064E-07
   0.4014053E-02  -0.2829046E-07
   0.4188578E-02  -0.1977673E-07
   0.4363101E-02  -0.1239771E-07
   0.4537626E-02  -0.7843730E-08
   0.4712150E-02   0.4136828E-08
   0.4886674E-02   0.1535128E-07
   0.5061198E-02   0.2132212E-07
   0.5235722E-02   0.3042707E-07
   0.5410246E-02   0.3934902E-07
   0.5584770E-02   0.4204648E-07
   0.5759294E-02   0.4780741E-07
   0.5933818E-02   0.5294573E-07
   0.6108342E-02   0.5084723E-07
   0.6282866E-02   0.5281451E-07
   0.6457390E-02   0.5213258E-07
   0.6631915E-02   0.4581553E-07
   0.6806438E-02   0.4255082E-07
   0.6980963E-02   0.3992738E-07
   0.7155487E-02   0.3430170E-07
   0.7330011E-02   0.2886758E-07
   0.7504535E-02   0.2628586E-07
   0.7679059E-02   0.2398359E-07
   0.7853583E-02   0.1883233E-07
   0.8028107E-02   0.1651448E-07
   0.8202631E-02   0.1636884E-07
   0.8377155E-02   0.1670311E-07
   0.8551680E-02   0.1437347E-07
   0.8726203E-02   0.1688650E-07
   0.8900727E-02   0.1835500E-07
   0.9075251E-02   0.2041865E-07
   0.9249776E-02   0.2185731E-07
   0.9424300E-02   0.2207274E-07
   0.9598823E-02   0.2441682E-07
   0.9773348E-02   0.2683369E-07
   0.9947872E-02   0.2575103E-07
   0.1012240E-01   0.2724739E-07
   0.1029692E-01   0.2667426E-07
   0.1047144E-01   0.2675903E-07
   0.1064597E-01   0.2528138E-07
   0.1082049E-01   0.2497715E-07
   0.1099502E-01   0.2231190E-07
   0.1116954E-01   0.1866284E-07
   0.1134406E-01   0.1802418E-07
   0.1151859E-01   0.1451936E-07
   0.1169311E-01   0.1135590E-07
   0.1186764E-01   0.9923720E-08
   0.1204216E-01   0.6569143E-08
   0.1221668E-01   0.5631494E-08
   0.1239121E-01   0.3589415E-08
   0.1256573E-01   0.3601828E-08
   0.1274026E-01   0.3945132E-08
   0.1291478E-01   0.3113804E-08
   0.1308930E-01   0.2846980E-08
   0.1326383E-01   0.3979181E-08
   0.1343835E-01   0.2397071E-08
   0.1361288E-01   0.3365511E-09
   0.1378740E-01  -0.6323236E-09
   0.1396193E-01  -0.2234998E-08
   0.1413645E-01  -0.5589257E-08
   0.1431097E-01  -0.9158569E-08
   0.1448550E-01  -0.1250124E-07
   0.1466002E-01  -0.1621589E-07
   0.1483455E-01  -0.2006918E-07
   0.1500907E-01  -0.2390600E-07
   0.1518359E-01  -0.2847588E-07
   0.1535812E-01  -0.2993439E-07
   0.1553264E-01  -0.3275137E-07
   0.1570717E-01  -0.3497282E-07
   0.1588169E-01  -0.3437513E-07
   0.1605621E-01  -0.3362699E-07
   0.1623074E-01  -0.3282201E-07
   0.1640526E-01  -0.3153665E-07
   0.1657979E-01  -0.2946742E-07
   0.1675431E-01  -0.2713826E-07
   0.1692883E-01  -0.2403720E-07
   0.1710336E-01  -0.2015822E-07
   0.1727788E-01  -0.1762157E-07
   0.1745241E-01  -0.1372161E-07
   0.1762693E-01  -0.8849570E-08
   0.1780145E-01  -0.6428497E-08
   0.1797598E-01  -0.2161382E-08
   0.1815050E-01   0.1651023E-08
   0.1832503E-01   0.4309359E-08
   0.1849955E-01   0.6178912E-08
   0.1867408E-01   0.8757058E-08
   0.1884860E-01   0.9526565E-08
   0.1902312E-01   0.8771809E-08
   0.1919765E-01   0.9284970E-08
   0.1937217E-01   0.8763235E-08
   0.1954670E-01   0.7130998E-08
   0.1972122E-01   0.5262932E-08
   0.1989574E-01   0.3447054E-08
   0.2007027E-01   0.5965248E-09
   0.2024479E-01  -0.1490446E-08
   0.2041932E-01  -0.3768509E-08
   0.2059384E-01  -0.5125155E-08
   0.2076836E-01  -0.6853872E-08
   0.2094289E-01  -0.8355198E-08
   0.2111741E-01  -0.9295722E-08
   0.2129194E-01  -0.1152317E-07
   0.2146646E-01  -0.1291510E-07
   0.2164098E-01  -0.1383682E-07
   0.2181551E-01  -0.1626596E-07
   0.2199003E-01  -0.1699786E-07
   0.2216456E-01  -0.1976209E-07
   0.2233908E-01  -0.2078655E-07
   0.2251360E-01  -0.2120370E-07
   0.2268813E-01  -0.2294727E-07
   0.2286265E-01  -0.2179056E-07
   0.2303718E-01  -0.2129795E-07
   0.2321170E-01  -0.2002249E-07
   0.2338623E-01  -0.1801734E-07
   0.2356075E-01  -0.1516651E-07
   0.2373527E-01  -0.1256900E-07
   0.2390980E-01  -0.9041320E-08
   0.2408432E-01  -0.5566899E-08
   0.2425884E-01  -0.3069281E-08
   0.2443337E-01   0.4072713E-09
   0.2460789E-01   0.2577429E-08
   0.2478242E-01   0.4302988E-08
   0.2495694E-01   0.6128376E-08
   0.2513147E-01   0.7542314E-08
   0.2530599E-01   0.8372982E-08
   0.2548051E-01   0.8678289E-08
   0.2565504E-01   0.1007173E-07
   0.2582956E-01   0.1065527E-07
   0.2600409E-01   0.1145818E-07
   0.2617861E-01   0.1368287E-07
   0.2635313E-01   0.1421109E-07
   0.2652766E-01   0.1733680E-07
   0.2670218E-01   0.1864349E-07
   0.2687671E-01   0.2013101E-07
   0.2705123E-01   0.2398030E-07
   0.2722575E-01   0.2286460E-07
   0.2740028E-01   0.2633491E-07
   0.2757480E-01   0.2599422E-07
   0.2774933E-01   0.2728304E-07
   0.2792385E-01   0.2759657E-07
   0.2809837E-01   0.2625900E-07
   0.2827290E-01   0.2726399E-07
   0.2844742E-01   0.2504729E-07
   0.2862195E-01   0.2518457E-07
   0.2879647E-01   0.2314240E-07
   0.2897099E-01   0.2157714E-07
   0.2914552E-01   0.2157227E-07
   0.2932004E-01   0.1914637E-07
   0.2949457E-01   0.1788395E-07
   0.2966909E-01   0.1735858E-07
   0.2984362E-01   0.1677802E-07
   0.3001814E-01   0.1541544E-07
   0.3019266E-01   0.1436504E-07
   0.3036719E-01   0.1332143E-07
   0.3054171E-01   0.1201305E-07
   0.3071623E-01   0.1197395E-07
   0.3089076E-01   0.1002351E-07
   0.3106528E-01   0.8301886E-08
   0.3123981E-01   0.6833518E-08
   0.3141433E-01   0.3674183E-08
   0.3158886E-01   0.1336010E-08
   0.3176338E-01  -0.1355955E-08
   0.3193790E-01  -0.3724124E-08
   0.3211243E-01  -0.6059029E-08
   0.3228695E-01  -0.9022203E-08
   0.3246148E-01  -0.9866954E-08
   0.3263600E-01  -0.1112968E-07
   0.3281052E-01  -0.1140432E-07
   0.3298505E-01  -0.1107573E-07
   0.3315957E-01  -0.1034361E-07
   0.3333410E-01  -0.7459969E-08
   0.3350862E-01  -0.5035158E-08
   0.3368314E-01  -0.2446978E-08
   0.3385767E-01   0.4121196E-09
   0.3403219E-01   0.2105849E-08
   0.3420672E-01   0.4629931E-08
   0.3438124E-01   0.5367543E-08
   0.3455576E-01   0.5810965E-08
   0.3473029E-01   0.5522840E-08
   0.3490481E-01   0.3593290E-08
