   0.00000E+00   0.76803E-07
   0.17452E-03   0.76744E-07
   0.34905E-03   0.76710E-07
   0.52357E-03   0.76547E-07
   0.69810E-03   0.76850E-07
   0.87262E-03   0.76610E-07
   0.10471E-02   0.76619E-07
   0.12217E-02   0.76633E-07
   0.13962E-02   0.76474E-07
   0.15707E-02   0.76461E-07
   0.17452E-02   0.76572E-07
   0.19198E-02   0.76429E-07
   0.20943E-02   0.76435E-07
   0.22688E-02   0.76556E-07
   0.24433E-02   0.76526E-07
   0.26179E-02   0.76685E-07
   0.27924E-02   0.76979E-07
   0.29669E-02   0.77025E-07
   0.31414E-02   0.77220E-07
   0.33160E-02   0.77397E-07
   0.34905E-02   0.77533E-07
   0.36650E-02   0.77570E-07
   0.38395E-02   0.77715E-07
   0.40141E-02   0.77836E-07
   0.41886E-02   0.77772E-07
   0.43631E-02   0.77751E-07
   0.45376E-02   0.77684E-07
   0.47121E-02   0.77475E-07
   0.48867E-02   0.77267E-07
   0.50612E-02   0.77089E-07
   0.52357E-02   0.76874E-07
   0.54102E-02   0.76657E-07
   0.55848E-02   0.76505E-07
   0.57593E-02   0.76315E-07
   0.59338E-02   0.76189E-07
   0.61083E-02   0.76085E-07
   0.62829E-02   0.76168E-07
   0.64574E-02   0.76150E-07
   0.66319E-02   0.76166E-07
   0.68064E-02   0.76317E-07
   0.69810E-02   0.76441E-07
   0.71555E-02   0.76502E-07
   0.73300E-02   0.76654E-07
   0.75045E-02   0.76743E-07
   0.76791E-02   0.76804E-07
   0.78536E-02   0.77012E-07
   0.80281E-02   0.77118E-07
   0.82026E-02   0.77284E-07
   0.83772E-02   0.77458E-07
   0.85517E-02   0.77553E-07
   0.87262E-02   0.77774E-07
   0.89007E-02   0.77866E-07
   0.90753E-02   0.78041E-07
   0.92498E-02   0.78190E-07
   0.94243E-02   0.78369E-07
   0.95988E-02   0.78474E-07
   0.97733E-02   0.78617E-07
   0.99479E-02   0.78793E-07
   0.10122E-01   0.78800E-07
   0.10297E-01   0.78807E-07
   0.10471E-01   0.78762E-07
   0.10646E-01   0.78701E-07
   0.10820E-01   0.78535E-07
   0.10995E-01   0.78314E-07
   0.11170E-01   0.78271E-07
   0.11344E-01   0.77904E-07
   0.11519E-01   0.77695E-07
   0.11693E-01   0.77539E-07
   0.11868E-01   0.77088E-07
   0.12042E-01   0.76998E-07
   0.12217E-01   0.76878E-07
   0.12391E-01   0.76760E-07
   0.12566E-01   0.76682E-07
   0.12740E-01   0.76675E-07
   0.12915E-01   0.76779E-07
   0.13089E-01   0.76881E-07
   0.13264E-01   0.77050E-07
   0.13438E-01   0.77290E-07
   0.13613E-01   0.77496E-07
   0.13787E-01   0.77772E-07
   0.13962E-01   0.78037E-07
   0.14136E-01   0.78277E-07
   0.14311E-01   0.78577E-07
   0.14485E-01   0.78843E-07
   0.14660E-01   0.79095E-07
   0.14835E-01   0.79352E-07
   0.15009E-01   0.79622E-07
   0.15184E-01   0.79832E-07
   0.15358E-01   0.80093E-07
   0.15533E-01   0.80273E-07
   0.15707E-01   0.80456E-07
   0.15882E-01   0.80563E-07
   0.16056E-01   0.80696E-07
   0.16231E-01   0.80811E-07
   0.16405E-01   0.80795E-07
   0.16580E-01   0.80908E-07
   0.16754E-01   0.80908E-07
   0.16929E-01   0.80864E-07
   0.17103E-01   0.80899E-07
   0.17278E-01   0.80815E-07
   0.17452E-01   0.80728E-07
   0.17627E-01   0.80633E-07
   0.17801E-01   0.80575E-07
   0.17976E-01   0.80550E-07
   0.18151E-01   0.80379E-07
   0.18325E-01   0.80301E-07
   0.18500E-01   0.80183E-07
   0.18674E-01   0.80083E-07
   0.18849E-01   0.80014E-07
   0.19023E-01   0.79802E-07
   0.19198E-01   0.79679E-07
   0.19372E-01   0.79554E-07
   0.19547E-01   0.79308E-07
   0.19721E-01   0.79099E-07
   0.19896E-01   0.78908E-07
   0.20070E-01   0.78674E-07
   0.20245E-01   0.78489E-07
   0.20419E-01   0.78240E-07
   0.20594E-01   0.78024E-07
   0.20768E-01   0.77880E-07
   0.20943E-01   0.77670E-07
   0.21117E-01   0.77577E-07
   0.21292E-01   0.77477E-07
   0.21466E-01   0.77503E-07
   0.21641E-01   0.77433E-07
   0.21816E-01   0.77428E-07
   0.21990E-01   0.77521E-07
   0.22165E-01   0.77590E-07
   0.22339E-01   0.77702E-07
   0.22514E-01   0.77810E-07
   0.22688E-01   0.77913E-07
   0.22863E-01   0.77993E-07
   0.23037E-01   0.78152E-07
   0.23212E-01   0.78275E-07
   0.23386E-01   0.78268E-07
   0.23561E-01   0.78382E-07
   0.23735E-01   0.78507E-07
   0.23910E-01   0.78440E-07
   0.24084E-01   0.78397E-07
   0.24259E-01   0.78364E-07
   0.24433E-01   0.78305E-07
   0.24608E-01   0.78146E-07
   0.24782E-01   0.77997E-07
   0.24957E-01   0.77852E-07
   0.25131E-01   0.77723E-07
   0.25306E-01   0.77582E-07
   0.25481E-01   0.77424E-07
   0.25655E-01   0.77286E-07
   0.25830E-01   0.77123E-07
   0.26004E-01   0.77019E-07
   0.26179E-01   0.76913E-07
   0.26353E-01   0.76845E-07
   0.26528E-01   0.76870E-07
   0.26702E-01   0.76855E-07
   0.26877E-01   0.76914E-07
   0.27051E-01   0.76996E-07
   0.27226E-01   0.77057E-07
   0.27400E-01   0.77195E-07
   0.27575E-01   0.77269E-07
   0.27749E-01   0.77375E-07
   0.27924E-01   0.77546E-07
   0.28098E-01   0.77673E-07
   0.28273E-01   0.77788E-07
   0.28447E-01   0.77895E-07
   0.28622E-01   0.78026E-07
   0.28796E-01   0.78089E-07
   0.28971E-01   0.78177E-07
   0.29146E-01   0.78309E-07
   0.29320E-01   0.78315E-07
   0.29495E-01   0.78330E-07
   0.29669E-01   0.78416E-07
   0.29844E-01   0.78462E-07
   0.30018E-01   0.78437E-07
   0.30193E-01   0.78479E-07
   0.30367E-01   0.78472E-07
   0.30542E-01   0.78468E-07
   0.30716E-01   0.78492E-07
   0.30891E-01   0.78496E-07
   0.31065E-01   0.78519E-07
   0.31240E-01   0.78518E-07
   0.31414E-01   0.78541E-07
   0.31589E-01   0.78477E-07
   0.31763E-01   0.78473E-07
   0.31938E-01   0.78405E-07
   0.32112E-01   0.78363E-07
   0.32287E-01   0.78285E-07
   0.32461E-01   0.78211E-07
   0.32636E-01   0.78072E-07
   0.32811E-01   0.77948E-07
   0.32985E-01   0.77835E-07
   0.33160E-01   0.77682E-07
   0.33334E-01   0.77528E-07
   0.33509E-01   0.77415E-07
   0.33683E-01   0.77267E-07
   0.33858E-01   0.77176E-07
   0.34032E-01   0.77079E-07
   0.34207E-01   0.76977E-07
   0.34381E-01   0.76918E-07
   0.34556E-01   0.76843E-07
   0.34730E-01   0.76807E-07
   0.34905E-01   0.76728E-07
