        4.80        3.90
NULL
$r$
radial profile
0 0 0
0
   0.1100000E+31  -0.1100000E+31    5
   0.1100000E+31  -0.1100000E+31    5
    0
CURVE
     201
NULL
black_solid
NULL
    0.000000        0.000000    
   0.1745241E-03   0.7620995E-08
   0.3490481E-03  -0.8849688E-08
   0.5235722E-03   0.1388833E-08
   0.6980962E-03   0.3061345E-08
   0.8726203E-03   0.2846613E-09
   0.1047144E-02   0.1366627E-08
   0.1221668E-02   0.3309815E-08
   0.1396192E-02   0.1894210E-08
   0.1570717E-02   0.4137012E-09
   0.1745241E-02   0.5233116E-09
   0.1919765E-02   0.3602298E-08
   0.2094289E-02   0.3352769E-08
   0.2268813E-02   0.2578458E-08
   0.2443337E-02   0.3996046E-08
   0.2617861E-02   0.5078836E-08
   0.2792385E-02   0.4370315E-08
   0.2966909E-02   0.5119001E-08
   0.3141433E-02   0.6238693E-08
   0.3315957E-02   0.5688757E-08
   0.3490481E-02   0.6264444E-08
   0.3665005E-02   0.6593956E-08
   0.3839529E-02   0.6744997E-08
   0.4014053E-02   0.7422331E-08
   0.4188578E-02   0.8087143E-08
   0.4363101E-02   0.9022593E-08
   0.4537626E-02   0.1009374E-07
   0.4712150E-02   0.1096555E-07
   0.4886674E-02   0.1268361E-07
   0.5061198E-02   0.1366604E-07
   0.5235722E-02   0.1506404E-07
   0.5410246E-02   0.1615775E-07
   0.5584770E-02   0.1722607E-07
   0.5759294E-02   0.1821960E-07
   0.5933818E-02   0.1903226E-07
   0.6108342E-02   0.1940120E-07
   0.6282866E-02   0.1972064E-07
   0.6457390E-02   0.1993852E-07
   0.6631915E-02   0.1982973E-07
   0.6806438E-02   0.1974192E-07
   0.6980963E-02   0.1970165E-07
   0.7155487E-02   0.1908859E-07
   0.7330011E-02   0.1910789E-07
   0.7504535E-02   0.1855513E-07
   0.7679059E-02   0.1812162E-07
   0.7853583E-02   0.1770690E-07
   0.8028107E-02   0.1722297E-07
   0.8202631E-02   0.1670026E-07
   0.8377155E-02   0.1567694E-07
   0.8551680E-02   0.1498577E-07
   0.8726203E-02   0.1398838E-07
   0.8900727E-02   0.1297453E-07
   0.9075251E-02   0.1206621E-07
   0.9249776E-02   0.1124748E-07
   0.9424300E-02   0.1042263E-07
   0.9598823E-02   0.9491782E-08
   0.9773348E-02   0.9256676E-08
   0.9947872E-02   0.9052901E-08
   0.1012240E-01   0.8638126E-08
   0.1029692E-01   0.8800132E-08
   0.1047144E-01   0.9326954E-08
   0.1064597E-01   0.9530327E-08
   0.1082049E-01   0.1015007E-07
   0.1099502E-01   0.1080403E-07
   0.1116954E-01   0.1149825E-07
   0.1134406E-01   0.1206320E-07
   0.1151859E-01   0.1264366E-07
   0.1169311E-01   0.1300309E-07
   0.1186764E-01   0.1332274E-07
   0.1204216E-01   0.1389429E-07
   0.1221668E-01   0.1388832E-07
   0.1239121E-01   0.1372816E-07
   0.1256573E-01   0.1380675E-07
   0.1274026E-01   0.1364326E-07
   0.1291478E-01   0.1330398E-07
   0.1308930E-01   0.1307024E-07
   0.1326383E-01   0.1271857E-07
   0.1343835E-01   0.1238054E-07
   0.1361288E-01   0.1159775E-07
   0.1378740E-01   0.1102563E-07
   0.1396193E-01   0.1030051E-07
   0.1413645E-01   0.9189328E-08
   0.1431097E-01   0.8534188E-08
   0.1448550E-01   0.7425852E-08
   0.1466002E-01   0.6458522E-08
   0.1483455E-01   0.5764986E-08
   0.1500907E-01   0.4678143E-08
   0.1518359E-01   0.3531613E-08
   0.1535812E-01   0.3191062E-08
   0.1553264E-01   0.2320300E-08
   0.1570717E-01   0.1452981E-08
   0.1588169E-01   0.1319883E-08
   0.1605621E-01   0.9876724E-09
   0.1623074E-01   0.6338137E-09
   0.1640526E-01   0.5065912E-09
   0.1657979E-01   0.6798883E-09
   0.1675431E-01   0.8996661E-09
   0.1692883E-01   0.9142805E-09
   0.1710336E-01   0.1435890E-08
   0.1727788E-01   0.1678072E-08
   0.1745241E-01   0.1998183E-08
   0.1762693E-01   0.2386612E-08
   0.1780145E-01   0.2699211E-08
   0.1797598E-01   0.3101029E-08
   0.1815050E-01   0.3608964E-08
   0.1832503E-01   0.3922438E-08
   0.1849955E-01   0.4297369E-08
   0.1867408E-01   0.4449006E-08
   0.1884860E-01   0.4468387E-08
   0.1902312E-01   0.4693978E-08
   0.1919765E-01   0.4366825E-08
   0.1937217E-01   0.4389320E-08
   0.1954670E-01   0.4029099E-08
   0.1972122E-01   0.3807738E-08
   0.1989574E-01   0.3406093E-08
   0.2007027E-01   0.3143367E-08
   0.2024479E-01   0.2987409E-08
   0.2041932E-01   0.2587594E-08
   0.2059384E-01   0.2390193E-08
   0.2076836E-01   0.2164686E-08
   0.2094289E-01   0.1853017E-08
   0.2111741E-01   0.1818192E-08
   0.2129194E-01   0.1501066E-08
   0.2146646E-01   0.1392460E-08
   0.2164098E-01   0.1423572E-08
   0.2181551E-01   0.1211874E-08
   0.2199003E-01   0.1141818E-08
   0.2216456E-01   0.1244295E-08
   0.2233908E-01   0.1093331E-08
   0.2251360E-01   0.1354954E-08
   0.2268813E-01   0.1327299E-08
   0.2286265E-01   0.1443483E-08
   0.2303718E-01   0.2156143E-08
   0.2321170E-01   0.2460584E-08
   0.2338623E-01   0.3260212E-08
   0.2356075E-01   0.4117574E-08
   0.2373527E-01   0.4909380E-08
   0.2390980E-01   0.6000496E-08
   0.2408432E-01   0.6866873E-08
   0.2425884E-01   0.8037255E-08
   0.2443337E-01   0.9190875E-08
   0.2460789E-01   0.1005944E-07
   0.2478242E-01   0.1097534E-07
   0.2495694E-01   0.1160175E-07
   0.2513147E-01   0.1233708E-07
   0.2530599E-01   0.1276464E-07
   0.2548051E-01   0.1280351E-07
   0.2565504E-01   0.1332228E-07
   0.2582956E-01   0.1310096E-07
   0.2600409E-01   0.1286469E-07
   0.2617861E-01   0.1262478E-07
   0.2635313E-01   0.1232028E-07
   0.2652766E-01   0.1167940E-07
   0.2670218E-01   0.1104988E-07
   0.2687671E-01   0.1029358E-07
   0.2705123E-01   0.9928902E-08
   0.2722575E-01   0.9279031E-08
   0.2740028E-01   0.8436111E-08
   0.2757480E-01   0.8009923E-08
   0.2774933E-01   0.7343369E-08
   0.2792385E-01   0.6851392E-08
   0.2809837E-01   0.6399209E-08
   0.2827290E-01   0.6155218E-08
   0.2844742E-01   0.5997111E-08
   0.2862195E-01   0.5798383E-08
   0.2879647E-01   0.5767718E-08
   0.2897099E-01   0.5732131E-08
   0.2914552E-01   0.5817001E-08
   0.2932004E-01   0.6035124E-08
   0.2949457E-01   0.6079268E-08
   0.2966909E-01   0.6487727E-08
   0.2984362E-01   0.6736794E-08
   0.3001814E-01   0.7117639E-08
   0.3019266E-01   0.7222845E-08
   0.3036719E-01   0.7328159E-08
   0.3054171E-01   0.7651430E-08
   0.3071623E-01   0.7846890E-08
   0.3089076E-01   0.7749374E-08
   0.3106528E-01   0.7867378E-08
   0.3123981E-01   0.7943401E-08
   0.3141433E-01   0.7644286E-08
   0.3158886E-01   0.7515850E-08
   0.3176338E-01   0.7236180E-08
   0.3193790E-01   0.6864596E-08
   0.3211243E-01   0.6554870E-08
   0.3228695E-01   0.5957475E-08
   0.3246148E-01   0.5516822E-08
   0.3263600E-01   0.5072639E-08
   0.3281052E-01   0.4546244E-08
   0.3298505E-01   0.4024946E-08
   0.3315957E-01   0.3609877E-08
   0.3333410E-01   0.3280069E-08
   0.3350862E-01   0.2954364E-08
   0.3368314E-01   0.2783423E-08
   0.3385767E-01   0.2676476E-08
   0.3403219E-01   0.2634301E-08
   0.3420672E-01   0.2717954E-08
   0.3438124E-01   0.2705230E-08
   0.3455576E-01   0.2807155E-08
   0.3473029E-01   0.2899294E-08
   0.3490481E-01   0.2991418E-08
