        4.80        3.90
NULL
$r$
radial profile
0 0 0
0
   0.1100000E+31  -0.1100000E+31    5
   0.1100000E+31  -0.1100000E+31    5
    0
CURVE
     201
NULL
black_solid
NULL
    0.000000       0.1428691E-05
   0.1745241E-03   0.1422659E-05
   0.3490481E-03   0.1362065E-05
   0.5235722E-03   0.1332740E-05
   0.6980962E-03   0.1294694E-05
   0.8726203E-03   0.1210184E-05
   0.1047144E-02   0.1129793E-05
   0.1221668E-02   0.1061314E-05
   0.1396192E-02   0.9677108E-06
   0.1570717E-02   0.8806823E-06
   0.1745241E-02   0.7963621E-06
   0.1919765E-02   0.7134967E-06
   0.2094289E-02   0.6414538E-06
   0.2268813E-02   0.5669875E-06
   0.2443337E-02   0.5032698E-06
   0.2617861E-02   0.4527153E-06
   0.2792385E-02   0.3995634E-06
   0.2966909E-02   0.3564431E-06
   0.3141433E-02   0.3232153E-06
   0.3315957E-02   0.2893474E-06
   0.3490481E-02   0.2621479E-06
   0.3665005E-02   0.2410605E-06
   0.3839529E-02   0.2197251E-06
   0.4014053E-02   0.2027156E-06
   0.4188578E-02   0.1884492E-06
   0.4363101E-02   0.1751494E-06
   0.4537626E-02   0.1643355E-06
   0.4712150E-02   0.1545302E-06
   0.4886674E-02   0.1461174E-06
   0.5061198E-02   0.1391026E-06
   0.5235722E-02   0.1326573E-06
   0.5410246E-02   0.1270406E-06
   0.5584770E-02   0.1222677E-06
   0.5759294E-02   0.1178811E-06
   0.5933818E-02   0.1136002E-06
   0.6108342E-02   0.1099769E-06
   0.6282866E-02   0.1062135E-06
   0.6457390E-02   0.1026691E-06
   0.6631915E-02   0.9965156E-07
   0.6806438E-02   0.9597506E-07
   0.6980963E-02   0.9320788E-07
   0.7155487E-02   0.9040264E-07
   0.7330011E-02   0.8759174E-07
   0.7504535E-02   0.8530539E-07
   0.7679059E-02   0.8336927E-07
   0.7853583E-02   0.8144944E-07
   0.8028107E-02   0.7960774E-07
   0.8202631E-02   0.7848761E-07
   0.8377155E-02   0.7701190E-07
   0.8551680E-02   0.7600849E-07
   0.8726203E-02   0.7510206E-07
   0.8900727E-02   0.7396015E-07
   0.9075251E-02   0.7315193E-07
   0.9249776E-02   0.7229325E-07
   0.9424300E-02   0.7154096E-07
   0.9598823E-02   0.7077832E-07
   0.9773348E-02   0.7013861E-07
   0.9947872E-02   0.6958290E-07
   0.1012240E-01   0.6895672E-07
   0.1029692E-01   0.6860503E-07
   0.1047144E-01   0.6794468E-07
   0.1064597E-01   0.6738661E-07
   0.1082049E-01   0.6704893E-07
   0.1099502E-01   0.6630358E-07
   0.1116954E-01   0.6560755E-07
   0.1134406E-01   0.6494869E-07
   0.1151859E-01   0.6420323E-07
   0.1169311E-01   0.6337437E-07
   0.1186764E-01   0.6242443E-07
   0.1204216E-01   0.6164716E-07
   0.1221668E-01   0.6061370E-07
   0.1239121E-01   0.5976023E-07
   0.1256573E-01   0.5884007E-07
   0.1274026E-01   0.5772151E-07
   0.1291478E-01   0.5690828E-07
   0.1308930E-01   0.5593084E-07
   0.1326383E-01   0.5486125E-07
   0.1343835E-01   0.5373933E-07
   0.1361288E-01   0.5297454E-07
   0.1378740E-01   0.5195421E-07
   0.1396193E-01   0.5072674E-07
   0.1413645E-01   0.5000459E-07
   0.1431097E-01   0.4912106E-07
   0.1448550E-01   0.4821340E-07
   0.1466002E-01   0.4756600E-07
   0.1483455E-01   0.4692511E-07
   0.1500907E-01   0.4646463E-07
   0.1518359E-01   0.4602176E-07
   0.1535812E-01   0.4578417E-07
   0.1553264E-01   0.4553672E-07
   0.1570717E-01   0.4540586E-07
   0.1588169E-01   0.4530739E-07
   0.1605621E-01   0.4527361E-07
   0.1623074E-01   0.4521772E-07
   0.1640526E-01   0.4512429E-07
   0.1657979E-01   0.4503876E-07
   0.1675431E-01   0.4512430E-07
   0.1692883E-01   0.4489949E-07
   0.1710336E-01   0.4483609E-07
   0.1727788E-01   0.4475487E-07
   0.1745241E-01   0.4459197E-07
   0.1762693E-01   0.4448790E-07
   0.1780145E-01   0.4427713E-07
   0.1797598E-01   0.4415209E-07
   0.1815050E-01   0.4393345E-07
   0.1832503E-01   0.4384335E-07
   0.1849955E-01   0.4361362E-07
   0.1867408E-01   0.4343529E-07
   0.1884860E-01   0.4321529E-07
   0.1902312E-01   0.4303037E-07
   0.1919765E-01   0.4284295E-07
   0.1937217E-01   0.4252309E-07
   0.1954670E-01   0.4235457E-07
   0.1972122E-01   0.4202987E-07
   0.1989574E-01   0.4159081E-07
   0.2007027E-01   0.4128120E-07
   0.2024479E-01   0.4075764E-07
   0.2041932E-01   0.4032808E-07
   0.2059384E-01   0.3984088E-07
   0.2076836E-01   0.3929941E-07
   0.2094289E-01   0.3876915E-07
   0.2111741E-01   0.3822056E-07
   0.2129194E-01   0.3770809E-07
   0.2146646E-01   0.3728042E-07
   0.2164098E-01   0.3682706E-07
   0.2181551E-01   0.3650329E-07
   0.2199003E-01   0.3611039E-07
   0.2216456E-01   0.3584357E-07
   0.2233908E-01   0.3551694E-07
   0.2251360E-01   0.3530722E-07
   0.2268813E-01   0.3503113E-07
   0.2286265E-01   0.3476887E-07
   0.2303718E-01   0.3455758E-07
   0.2321170E-01   0.3430792E-07
   0.2338623E-01   0.3408599E-07
   0.2356075E-01   0.3371895E-07
   0.2373527E-01   0.3338722E-07
   0.2390980E-01   0.3306332E-07
   0.2408432E-01   0.3259399E-07
   0.2425884E-01   0.3217723E-07
   0.2443337E-01   0.3168212E-07
   0.2460789E-01   0.3125330E-07
   0.2478242E-01   0.3070566E-07
   0.2495694E-01   0.3017968E-07
   0.2513147E-01   0.2968622E-07
   0.2530599E-01   0.2911297E-07
   0.2548051E-01   0.2851378E-07
   0.2565504E-01   0.2797634E-07
   0.2582956E-01   0.2744443E-07
   0.2600409E-01   0.2693223E-07
   0.2617861E-01   0.2638410E-07
   0.2635313E-01   0.2595302E-07
   0.2652766E-01   0.2566141E-07
   0.2670218E-01   0.2529304E-07
   0.2687671E-01   0.2504834E-07
   0.2705123E-01   0.2486461E-07
   0.2722575E-01   0.2477956E-07
   0.2740028E-01   0.2465864E-07
   0.2757480E-01   0.2461577E-07
   0.2774933E-01   0.2457806E-07
   0.2792385E-01   0.2447926E-07
   0.2809837E-01   0.2442115E-07
   0.2827290E-01   0.2434328E-07
   0.2844742E-01   0.2420853E-07
   0.2862195E-01   0.2410768E-07
   0.2879647E-01   0.2400480E-07
   0.2897099E-01   0.2371302E-07
   0.2914552E-01   0.2364986E-07
   0.2932004E-01   0.2361784E-07
   0.2949457E-01   0.2341378E-07
   0.2966909E-01   0.2345608E-07
   0.2984362E-01   0.2354328E-07
   0.3001814E-01   0.2357212E-07
   0.3019266E-01   0.2367503E-07
   0.3036719E-01   0.2383532E-07
   0.3054171E-01   0.2403988E-07
   0.3071623E-01   0.2413899E-07
   0.3089076E-01   0.2425589E-07
   0.3106528E-01   0.2440377E-07
   0.3123981E-01   0.2425531E-07
   0.3141433E-01   0.2435731E-07
   0.3158886E-01   0.2428735E-07
   0.3176338E-01   0.2418240E-07
   0.3193790E-01   0.2412615E-07
   0.3211243E-01   0.2400526E-07
   0.3228695E-01   0.2390889E-07
   0.3246148E-01   0.2377931E-07
   0.3263600E-01   0.2364109E-07
   0.3281052E-01   0.2354829E-07
   0.3298505E-01   0.2351374E-07
   0.3315957E-01   0.2337685E-07
   0.3333410E-01   0.2320743E-07
   0.3350862E-01   0.2306816E-07
   0.3368314E-01   0.2298903E-07
   0.3385767E-01   0.2274393E-07
   0.3403219E-01   0.2256412E-07
   0.3420672E-01   0.2238660E-07
   0.3438124E-01   0.2220487E-07
   0.3455576E-01   0.2199305E-07
   0.3473029E-01   0.2189016E-07
   0.3490481E-01   0.2176625E-07
