        4.80        3.90
NULL
$r$
radial profile
0 0 0
0
   0.1100000E+31  -0.1100000E+31    5
   0.1100000E+31  -0.1100000E+31    5
    0
CURVE
     201
NULL
black_solid
NULL
    0.000000       0.1472129E-05
   0.1745241E-03   0.1465956E-05
   0.3490481E-03   0.1403533E-05
   0.5235722E-03   0.1373168E-05
   0.6980962E-03   0.1334253E-05
   0.8726203E-03   0.1246240E-05
   0.1047144E-02   0.1163920E-05
   0.1221668E-02   0.1093154E-05
   0.1396192E-02   0.9958624E-06
   0.1570717E-02   0.9062358E-06
   0.1745241E-02   0.8191723E-06
   0.1919765E-02   0.7328475E-06
   0.2094289E-02   0.6585993E-06
   0.2268813E-02   0.5813495E-06
   0.2443337E-02   0.5149137E-06
   0.2617861E-02   0.4626332E-06
   0.2792385E-02   0.4075261E-06
   0.2966909E-02   0.3626999E-06
   0.3141433E-02   0.3283048E-06
   0.3315957E-02   0.2932002E-06
   0.3490481E-02   0.2652521E-06
   0.3665005E-02   0.2435393E-06
   0.3839529E-02   0.2217104E-06
   0.4014053E-02   0.2045861E-06
   0.4188578E-02   0.1902047E-06
   0.4363101E-02   0.1769060E-06
   0.4537626E-02   0.1662490E-06
   0.4712150E-02   0.1567433E-06
   0.4886674E-02   0.1485543E-06
   0.5061198E-02   0.1417283E-06
   0.5235722E-02   0.1356733E-06
   0.5410246E-02   0.1303577E-06
   0.5584770E-02   0.1257491E-06
   0.5759294E-02   0.1215396E-06
   0.5933818E-02   0.1175072E-06
   0.6108342E-02   0.1141098E-06
   0.6282866E-02   0.1104228E-06
   0.6457390E-02   0.1070884E-06
   0.6631915E-02   0.1042579E-06
   0.6806438E-02   0.1008520E-06
   0.6980963E-02   0.9823520E-07
   0.7155487E-02   0.9563459E-07
   0.7330011E-02   0.9314787E-07
   0.7504535E-02   0.9102423E-07
   0.7679059E-02   0.8913867E-07
   0.7853583E-02   0.8745096E-07
   0.8028107E-02   0.8570053E-07
   0.8202631E-02   0.8451882E-07
   0.8377155E-02   0.8305127E-07
   0.8551680E-02   0.8186695E-07
   0.8726203E-02   0.8083505E-07
   0.8900727E-02   0.7961604E-07
   0.9075251E-02   0.7867277E-07
   0.9249776E-02   0.7766882E-07
   0.9424300E-02   0.7691188E-07
   0.9598823E-02   0.7609862E-07
   0.9773348E-02   0.7546977E-07
   0.9947872E-02   0.7500088E-07
   0.1012240E-01   0.7439734E-07
   0.1029692E-01   0.7408823E-07
   0.1047144E-01   0.7354991E-07
   0.1064597E-01   0.7305542E-07
   0.1082049E-01   0.7264404E-07
   0.1099502E-01   0.7193302E-07
   0.1116954E-01   0.7129159E-07
   0.1134406E-01   0.7043783E-07
   0.1151859E-01   0.6952637E-07
   0.1169311E-01   0.6863431E-07
   0.1186764E-01   0.6745108E-07
   0.1204216E-01   0.6655123E-07
   0.1221668E-01   0.6532245E-07
   0.1239121E-01   0.6435248E-07
   0.1256573E-01   0.6331185E-07
   0.1274026E-01   0.6219133E-07
   0.1291478E-01   0.6140493E-07
   0.1308930E-01   0.6039775E-07
   0.1326383E-01   0.5948938E-07
   0.1343835E-01   0.5857491E-07
   0.1361288E-01   0.5779962E-07
   0.1378740E-01   0.5696421E-07
   0.1396193E-01   0.5607482E-07
   0.1413645E-01   0.5541007E-07
   0.1431097E-01   0.5467273E-07
   0.1448550E-01   0.5395431E-07
   0.1466002E-01   0.5335841E-07
   0.1483455E-01   0.5277916E-07
   0.1500907E-01   0.5229272E-07
   0.1518359E-01   0.5175704E-07
   0.1535812E-01   0.5143648E-07
   0.1553264E-01   0.5102109E-07
   0.1570717E-01   0.5063465E-07
   0.1588169E-01   0.5032968E-07
   0.1605621E-01   0.4998377E-07
   0.1623074E-01   0.4958985E-07
   0.1640526E-01   0.4918711E-07
   0.1657979E-01   0.4882396E-07
   0.1675431E-01   0.4853445E-07
   0.1692883E-01   0.4803222E-07
   0.1710336E-01   0.4776175E-07
   0.1727788E-01   0.4737431E-07
   0.1745241E-01   0.4702985E-07
   0.1762693E-01   0.4670750E-07
   0.1780145E-01   0.4631236E-07
   0.1797598E-01   0.4607525E-07
   0.1815050E-01   0.4565631E-07
   0.1832503E-01   0.4538138E-07
   0.1849955E-01   0.4497794E-07
   0.1867408E-01   0.4458799E-07
   0.1884860E-01   0.4417534E-07
   0.1902312E-01   0.4370899E-07
   0.1919765E-01   0.4332511E-07
   0.1937217E-01   0.4276783E-07
   0.1954670E-01   0.4230816E-07
   0.1972122E-01   0.4179865E-07
   0.1989574E-01   0.4117530E-07
   0.2007027E-01   0.4075312E-07
   0.2024479E-01   0.4007381E-07
   0.2041932E-01   0.3961528E-07
   0.2059384E-01   0.3907551E-07
   0.2076836E-01   0.3856481E-07
   0.2094289E-01   0.3817450E-07
   0.2111741E-01   0.3764683E-07
   0.2129194E-01   0.3730757E-07
   0.2146646E-01   0.3698847E-07
   0.2164098E-01   0.3668746E-07
   0.2181551E-01   0.3649749E-07
   0.2199003E-01   0.3630977E-07
   0.2216456E-01   0.3624216E-07
   0.2233908E-01   0.3612748E-07
   0.2251360E-01   0.3615987E-07
   0.2268813E-01   0.3615068E-07
   0.2286265E-01   0.3614669E-07
   0.2303718E-01   0.3619334E-07
   0.2321170E-01   0.3611689E-07
   0.2338623E-01   0.3613201E-07
   0.2356075E-01   0.3597016E-07
   0.2373527E-01   0.3579533E-07
   0.2390980E-01   0.3565896E-07
   0.2408432E-01   0.3535318E-07
   0.2425884E-01   0.3504267E-07
   0.2443337E-01   0.3466107E-07
   0.2460789E-01   0.3432468E-07
   0.2478242E-01   0.3384521E-07
   0.2495694E-01   0.3338245E-07
   0.2513147E-01   0.3294699E-07
   0.2530599E-01   0.3244346E-07
   0.2548051E-01   0.3189663E-07
   0.2565504E-01   0.3136179E-07
   0.2582956E-01   0.3085648E-07
   0.2600409E-01   0.3036514E-07
   0.2617861E-01   0.2980675E-07
   0.2635313E-01   0.2934913E-07
   0.2652766E-01   0.2899113E-07
   0.2670218E-01   0.2859131E-07
   0.2687671E-01   0.2820872E-07
   0.2705123E-01   0.2793561E-07
   0.2722575E-01   0.2778959E-07
   0.2740028E-01   0.2758383E-07
   0.2757480E-01   0.2745358E-07
   0.2774933E-01   0.2738538E-07
   0.2792385E-01   0.2724332E-07
   0.2809837E-01   0.2714092E-07
   0.2827290E-01   0.2701858E-07
   0.2844742E-01   0.2686582E-07
   0.2862195E-01   0.2670242E-07
   0.2879647E-01   0.2655099E-07
   0.2897099E-01   0.2630229E-07
   0.2914552E-01   0.2612020E-07
   0.2932004E-01   0.2603290E-07
   0.2949457E-01   0.2574923E-07
   0.2966909E-01   0.2570183E-07
   0.2984362E-01   0.2565471E-07
   0.3001814E-01   0.2557893E-07
   0.3019266E-01   0.2559633E-07
   0.3036719E-01   0.2560463E-07
   0.3054171E-01   0.2570519E-07
   0.3071623E-01   0.2572660E-07
   0.3089076E-01   0.2577033E-07
   0.3106528E-01   0.2582325E-07
   0.3123981E-01   0.2570908E-07
   0.3141433E-01   0.2574743E-07
   0.3158886E-01   0.2565645E-07
   0.3176338E-01   0.2557843E-07
   0.3193790E-01   0.2552070E-07
   0.3211243E-01   0.2540338E-07
   0.3228695E-01   0.2539643E-07
   0.3246148E-01   0.2529070E-07
   0.3263600E-01   0.2522803E-07
   0.3281052E-01   0.2522368E-07
   0.3298505E-01   0.2520620E-07
   0.3315957E-01   0.2517223E-07
   0.3333410E-01   0.2509932E-07
   0.3350862E-01   0.2513562E-07
   0.3368314E-01   0.2501229E-07
   0.3385767E-01   0.2489982E-07
   0.3403219E-01   0.2479041E-07
   0.3420672E-01   0.2461611E-07
   0.3438124E-01   0.2444289E-07
   0.3455576E-01   0.2421118E-07
   0.3473029E-01   0.2406270E-07
   0.3490481E-01   0.2389737E-07
