        4.80        3.90
NULL
$r$
radial profile
0 0 0
0
   0.1100000E+31  -0.1100000E+31    5
   0.1100000E+31  -0.1100000E+31    5
    0
CURVE
      51
NULL
black_solid
NULL
    0.000000       0.9978638E-07
   0.6980962E-03   0.1038281E-06
   0.1396192E-02   0.1322706E-06
   0.2094289E-02   0.1632788E-06
   0.2792385E-02   0.1593341E-06
   0.3490481E-02   0.1499053E-06
   0.4188578E-02   0.1503929E-06
   0.4886674E-02   0.1423226E-06
   0.5584770E-02   0.1297100E-06
   0.6282866E-02   0.1241656E-06
   0.6980963E-02   0.1141118E-06
   0.7679059E-02   0.1048473E-06
   0.8377155E-02   0.9954076E-07
   0.9075251E-02   0.9869690E-07
   0.9773348E-02   0.9580735E-07
   0.1047144E-01   0.9306250E-07
   0.1116954E-01   0.9070153E-07
   0.1186764E-01   0.9265791E-07
   0.1256573E-01   0.9638670E-07
   0.1326383E-01   0.9298758E-07
   0.1396193E-01   0.9218980E-07
   0.1466002E-01   0.9274384E-07
   0.1535812E-01   0.8942892E-07
   0.1605621E-01   0.8700199E-07
   0.1675431E-01   0.8738090E-07
   0.1745241E-01   0.8975100E-07
   0.1815050E-01   0.9261184E-07
   0.1884860E-01   0.8975006E-07
   0.1954670E-01   0.8871004E-07
   0.2024479E-01   0.8714878E-07
   0.2094289E-01   0.8478545E-07
   0.2164098E-01   0.8528438E-07
   0.2233908E-01   0.8573596E-07
   0.2303718E-01   0.8860121E-07
   0.2373527E-01   0.8863939E-07
   0.2443337E-01   0.8794179E-07
   0.2513147E-01   0.8795002E-07
   0.2582956E-01   0.8800832E-07
   0.2652766E-01   0.8690937E-07
   0.2722575E-01   0.8461330E-07
   0.2792385E-01   0.8391750E-07
   0.2862195E-01   0.8267318E-07
   0.2932004E-01   0.8214464E-07
   0.3001814E-01   0.8298943E-07
   0.3071623E-01   0.8515492E-07
   0.3141433E-01   0.8548081E-07
   0.3211243E-01   0.8358343E-07
   0.3281052E-01   0.8369674E-07
   0.3350862E-01   0.8276489E-07
   0.3420672E-01   0.8228958E-07
   0.3490481E-01   0.8060519E-07
