        4.80        3.90
NULL
$r$
radial profile
0 0 0
0
   0.1100000E+31  -0.1100000E+31    5
   0.1100000E+31  -0.1100000E+31    5
    0
CURVE
     201
NULL
black_solid
NULL
    0.000000       0.4930839E-05
   0.1745241E-03   0.4902002E-05
   0.3490481E-03   0.4581222E-05
   0.5235722E-03   0.4425218E-05
   0.6980962E-03   0.4220107E-05
   0.8726203E-03   0.3735107E-05
   0.1047144E-02   0.3332564E-05
   0.1221668E-02   0.3020825E-05
   0.1396192E-02   0.2630551E-05
   0.1570717E-02   0.2305633E-05
   0.1745241E-02   0.2016640E-05
   0.1919765E-02   0.1745855E-05
   0.2094289E-02   0.1528568E-05
   0.2268813E-02   0.1325728E-05
   0.2443337E-02   0.1161447E-05
   0.2617861E-02   0.1037709E-05
   0.2792385E-02   0.9149074E-06
   0.2966909E-02   0.8223648E-06
   0.3141433E-02   0.7593079E-06
   0.3315957E-02   0.7073815E-06
   0.3490481E-02   0.6677643E-06
   0.3665005E-02   0.6379794E-06
   0.3839529E-02   0.6100262E-06
   0.4014053E-02   0.5873391E-06
   0.4188578E-02   0.5761929E-06
   0.4363101E-02   0.5699855E-06
   0.4537626E-02   0.5626974E-06
   0.4712150E-02   0.5553448E-06
   0.4886674E-02   0.5504062E-06
   0.5061198E-02   0.5442545E-06
   0.5235722E-02   0.5388445E-06
   0.5410246E-02   0.5351474E-06
   0.5584770E-02   0.5329940E-06
   0.5759294E-02   0.5277337E-06
   0.5933818E-02   0.5197911E-06
   0.6108342E-02   0.5153048E-06
   0.6282866E-02   0.5075491E-06
   0.6457390E-02   0.4991513E-06
   0.6631915E-02   0.4934739E-06
   0.6806438E-02   0.4885034E-06
   0.6980963E-02   0.4826477E-06
   0.7155487E-02   0.4807941E-06
   0.7330011E-02   0.4779315E-06
   0.7504535E-02   0.4773410E-06
   0.7679059E-02   0.4762704E-06
   0.7853583E-02   0.4720987E-06
   0.8028107E-02   0.4699219E-06
   0.8202631E-02   0.4705329E-06
   0.8377155E-02   0.4708666E-06
   0.8551680E-02   0.4714968E-06
   0.8726203E-02   0.4700984E-06
   0.8900727E-02   0.4681172E-06
   0.9075251E-02   0.4684549E-06
   0.9249776E-02   0.4689567E-06
   0.9424300E-02   0.4695480E-06
   0.9598823E-02   0.4705929E-06
   0.9773348E-02   0.4675247E-06
   0.9947872E-02   0.4677804E-06
   0.1012240E-01   0.4660656E-06
   0.1029692E-01   0.4654120E-06
   0.1047144E-01   0.4651874E-06
   0.1064597E-01   0.4627651E-06
   0.1082049E-01   0.4622455E-06
   0.1099502E-01   0.4605960E-06
   0.1116954E-01   0.4613056E-06
   0.1134406E-01   0.4596202E-06
   0.1151859E-01   0.4575642E-06
   0.1169311E-01   0.4554153E-06
   0.1186764E-01   0.4537836E-06
   0.1204216E-01   0.4511562E-06
   0.1221668E-01   0.4461573E-06
   0.1239121E-01   0.4410443E-06
   0.1256573E-01   0.4379039E-06
   0.1274026E-01   0.4349455E-06
   0.1291478E-01   0.4366645E-06
   0.1308930E-01   0.4398366E-06
   0.1326383E-01   0.4409117E-06
   0.1343835E-01   0.4421562E-06
   0.1361288E-01   0.4407495E-06
   0.1378740E-01   0.4363743E-06
   0.1396193E-01   0.4334371E-06
   0.1413645E-01   0.4290165E-06
   0.1431097E-01   0.4235898E-06
   0.1448550E-01   0.4192739E-06
   0.1466002E-01   0.4160904E-06
   0.1483455E-01   0.4135314E-06
   0.1500907E-01   0.4112491E-06
   0.1518359E-01   0.4100282E-06
   0.1535812E-01   0.4106169E-06
   0.1553264E-01   0.4087981E-06
   0.1570717E-01   0.4075748E-06
   0.1588169E-01   0.4074454E-06
   0.1605621E-01   0.4086785E-06
   0.1623074E-01   0.4091475E-06
   0.1640526E-01   0.4096264E-06
   0.1657979E-01   0.4079463E-06
   0.1675431E-01   0.4070889E-06
   0.1692883E-01   0.4068369E-06
   0.1710336E-01   0.4052958E-06
   0.1727788E-01   0.4027878E-06
   0.1745241E-01   0.3999607E-06
   0.1762693E-01   0.3981725E-06
   0.1780145E-01   0.3981072E-06
   0.1797598E-01   0.3979502E-06
   0.1815050E-01   0.3993860E-06
   0.1832503E-01   0.3996247E-06
   0.1849955E-01   0.3991178E-06
   0.1867408E-01   0.3983511E-06
   0.1884860E-01   0.3972139E-06
   0.1902312E-01   0.3980048E-06
   0.1919765E-01   0.3966107E-06
   0.1937217E-01   0.3954472E-06
   0.1954670E-01   0.3946655E-06
   0.1972122E-01   0.3940459E-06
   0.1989574E-01   0.3934181E-06
   0.2007027E-01   0.3929097E-06
   0.2024479E-01   0.3917529E-06
   0.2041932E-01   0.3917496E-06
   0.2059384E-01   0.3918278E-06
   0.2076836E-01   0.3913215E-06
   0.2094289E-01   0.3889081E-06
   0.2111741E-01   0.3859092E-06
   0.2129194E-01   0.3846045E-06
   0.2146646E-01   0.3824574E-06
   0.2164098E-01   0.3808904E-06
   0.2181551E-01   0.3799811E-06
   0.2199003E-01   0.3793189E-06
   0.2216456E-01   0.3782779E-06
   0.2233908E-01   0.3777756E-06
   0.2251360E-01   0.3767645E-06
   0.2268813E-01   0.3787336E-06
   0.2286265E-01   0.3810690E-06
   0.2303718E-01   0.3816151E-06
   0.2321170E-01   0.3812303E-06
   0.2338623E-01   0.3801860E-06
   0.2356075E-01   0.3800885E-06
   0.2373527E-01   0.3798677E-06
   0.2390980E-01   0.3773994E-06
   0.2408432E-01   0.3770471E-06
   0.2425884E-01   0.3772194E-06
   0.2443337E-01   0.3761024E-06
   0.2460789E-01   0.3742824E-06
   0.2478242E-01   0.3738201E-06
   0.2495694E-01   0.3735833E-06
   0.2513147E-01   0.3718339E-06
   0.2530599E-01   0.3703505E-06
   0.2548051E-01   0.3711058E-06
   0.2565504E-01   0.3713150E-06
   0.2582956E-01   0.3716393E-06
   0.2600409E-01   0.3728186E-06
   0.2617861E-01   0.3726144E-06
   0.2635313E-01   0.3747634E-06
   0.2652766E-01   0.3749247E-06
   0.2670218E-01   0.3749075E-06
   0.2687671E-01   0.3739115E-06
   0.2705123E-01   0.3738620E-06
   0.2722575E-01   0.3715376E-06
   0.2740028E-01   0.3698031E-06
   0.2757480E-01   0.3682889E-06
   0.2774933E-01   0.3671678E-06
   0.2792385E-01   0.3671502E-06
   0.2809837E-01   0.3666803E-06
   0.2827290E-01   0.3664938E-06
   0.2844742E-01   0.3654121E-06
   0.2862195E-01   0.3643538E-06
   0.2879647E-01   0.3643969E-06
   0.2897099E-01   0.3619556E-06
   0.2914552E-01   0.3593468E-06
   0.2932004E-01   0.3573986E-06
   0.2949457E-01   0.3558426E-06
   0.2966909E-01   0.3540248E-06
   0.2984362E-01   0.3542894E-06
   0.3001814E-01   0.3539151E-06
   0.3019266E-01   0.3526301E-06
   0.3036719E-01   0.3533004E-06
   0.3054171E-01   0.3539283E-06
   0.3071623E-01   0.3550197E-06
   0.3089076E-01   0.3558546E-06
   0.3106528E-01   0.3555481E-06
   0.3123981E-01   0.3545974E-06
   0.3141433E-01   0.3545125E-06
   0.3158886E-01   0.3552116E-06
   0.3176338E-01   0.3540747E-06
   0.3193790E-01   0.3521255E-06
   0.3211243E-01   0.3506970E-06
   0.3228695E-01   0.3491866E-06
   0.3246148E-01   0.3494033E-06
   0.3263600E-01   0.3506034E-06
   0.3281052E-01   0.3521638E-06
   0.3298505E-01   0.3518133E-06
   0.3315957E-01   0.3517304E-06
   0.3333410E-01   0.3525045E-06
   0.3350862E-01   0.3533557E-06
   0.3368314E-01   0.3544970E-06
   0.3385767E-01   0.3557561E-06
   0.3403219E-01   0.3561425E-06
   0.3420672E-01   0.3560058E-06
   0.3438124E-01   0.3567354E-06
   0.3455576E-01   0.3575376E-06
   0.3473029E-01   0.3562037E-06
   0.3490481E-01   0.3538206E-06
