   0.00000E+00   0.00000E+00
   0.17452E-03   0.73582E-10
   0.34905E-03   0.51757E-07
   0.52357E-03   0.77213E-07
   0.69810E-03   0.11293E-06
   0.87262E-03   0.18918E-06
   0.10471E-02   0.26070E-06
   0.12217E-02   0.31792E-06
   0.13962E-02   0.39586E-06
   0.15707E-02   0.46316E-06
   0.17452E-02   0.52372E-06
   0.19198E-02   0.57799E-06
   0.20943E-02   0.61968E-06
   0.22688E-02   0.65643E-06
   0.24433E-02   0.68230E-06
   0.26179E-02   0.69622E-06
   0.27924E-02   0.70417E-06
   0.29669E-02   0.70494E-06
   0.31414E-02   0.69935E-06
   0.33160E-02   0.68733E-06
   0.34905E-02   0.67336E-06
   0.36650E-02   0.65734E-06
   0.38395E-02   0.63687E-06
   0.40141E-02   0.61710E-06
   0.41886E-02   0.59666E-06
   0.43631E-02   0.57428E-06
   0.45376E-02   0.55336E-06
   0.47121E-02   0.53170E-06
   0.48867E-02   0.51011E-06
   0.50612E-02   0.49066E-06
   0.52357E-02   0.47016E-06
   0.54102E-02   0.45076E-06
   0.55848E-02   0.43345E-06
   0.57593E-02   0.41620E-06
   0.59338E-02   0.40012E-06
   0.61083E-02   0.38588E-06
   0.62829E-02   0.37225E-06
   0.64574E-02   0.35982E-06
   0.66319E-02   0.34818E-06
   0.68064E-02   0.33697E-06
   0.69810E-02   0.32680E-06
   0.71555E-02   0.31659E-06
   0.73300E-02   0.30647E-06
   0.75045E-02   0.29741E-06
   0.76791E-02   0.28818E-06
   0.78536E-02   0.27884E-06
   0.80281E-02   0.27077E-06
   0.82026E-02   0.26304E-06
   0.83772E-02   0.25543E-06
   0.85517E-02   0.24868E-06
   0.87262E-02   0.24270E-06
   0.89007E-02   0.23696E-06
   0.90753E-02   0.23180E-06
   0.92498E-02   0.22721E-06
   0.94243E-02   0.22257E-06
   0.95988E-02   0.21850E-06
   0.97733E-02   0.21439E-06
   0.99479E-02   0.21023E-06
   0.10122E-01   0.20610E-06
   0.10297E-01   0.20174E-06
   0.10471E-01   0.19753E-06
   0.10646E-01   0.19337E-06
   0.10820E-01   0.18889E-06
   0.10995E-01   0.18480E-06
   0.11170E-01   0.18097E-06
   0.11344E-01   0.17686E-06
   0.11519E-01   0.17317E-06
   0.11693E-01   0.16981E-06
   0.11868E-01   0.16630E-06
   0.12042E-01   0.16317E-06
   0.12217E-01   0.16017E-06
   0.12391E-01   0.15736E-06
   0.12566E-01   0.15470E-06
   0.12740E-01   0.15216E-06
   0.12915E-01   0.14982E-06
   0.13089E-01   0.14746E-06
   0.13264E-01   0.14529E-06
   0.13438E-01   0.14342E-06
   0.13613E-01   0.14158E-06
   0.13787E-01   0.13974E-06
   0.13962E-01   0.13805E-06
   0.14136E-01   0.13629E-06
   0.14311E-01   0.13447E-06
   0.14485E-01   0.13286E-06
   0.14660E-01   0.13115E-06
   0.14835E-01   0.12927E-06
   0.15009E-01   0.12741E-06
   0.15184E-01   0.12558E-06
   0.15358E-01   0.12377E-06
   0.15533E-01   0.12196E-06
   0.15707E-01   0.12024E-06
   0.15882E-01   0.11857E-06
   0.16056E-01   0.11720E-06
   0.16231E-01   0.11572E-06
   0.16405E-01   0.11449E-06
   0.16580E-01   0.11341E-06
   0.16754E-01   0.11216E-06
   0.16929E-01   0.11120E-06
   0.17103E-01   0.11017E-06
   0.17278E-01   0.10907E-06
   0.17452E-01   0.10788E-06
   0.17627E-01   0.10692E-06
   0.17801E-01   0.10547E-06
   0.17976E-01   0.10425E-06
   0.18151E-01   0.10295E-06
   0.18325E-01   0.10152E-06
   0.18500E-01   0.10033E-06
   0.18674E-01   0.99146E-07
   0.18849E-01   0.98078E-07
   0.19023E-01   0.97079E-07
   0.19198E-01   0.96196E-07
   0.19372E-01   0.95339E-07
   0.19547E-01   0.94545E-07
   0.19721E-01   0.93902E-07
   0.19896E-01   0.93185E-07
   0.20070E-01   0.92423E-07
   0.20245E-01   0.91786E-07
   0.20419E-01   0.91045E-07
   0.20594E-01   0.90170E-07
   0.20768E-01   0.89417E-07
   0.20943E-01   0.88595E-07
   0.21117E-01   0.87900E-07
   0.21292E-01   0.87037E-07
   0.21466E-01   0.86225E-07
   0.21641E-01   0.85422E-07
   0.21816E-01   0.84752E-07
   0.21990E-01   0.84008E-07
   0.22165E-01   0.83402E-07
   0.22339E-01   0.82799E-07
   0.22514E-01   0.82151E-07
   0.22688E-01   0.81664E-07
   0.22863E-01   0.80940E-07
   0.23037E-01   0.80485E-07
   0.23212E-01   0.80060E-07
   0.23386E-01   0.79483E-07
   0.23561E-01   0.79020E-07
   0.23735E-01   0.78575E-07
   0.23910E-01   0.77999E-07
   0.24084E-01   0.77379E-07
   0.24259E-01   0.76690E-07
   0.24433E-01   0.76098E-07
   0.24608E-01   0.75361E-07
   0.24782E-01   0.74616E-07
   0.24957E-01   0.73876E-07
   0.25131E-01   0.73152E-07
   0.25306E-01   0.72352E-07
   0.25481E-01   0.71417E-07
   0.25655E-01   0.70616E-07
   0.25830E-01   0.70073E-07
   0.26004E-01   0.69305E-07
   0.26179E-01   0.68751E-07
   0.26353E-01   0.68401E-07
   0.26528E-01   0.67967E-07
   0.26702E-01   0.67628E-07
   0.26877E-01   0.67440E-07
   0.27051E-01   0.67325E-07
   0.27226E-01   0.67166E-07
   0.27400E-01   0.67129E-07
   0.27575E-01   0.67159E-07
   0.27749E-01   0.67030E-07
   0.27924E-01   0.67103E-07
   0.28098E-01   0.67234E-07
   0.28273E-01   0.67187E-07
   0.28447E-01   0.67276E-07
   0.28622E-01   0.67393E-07
   0.28796E-01   0.67468E-07
   0.28971E-01   0.67368E-07
   0.29146E-01   0.67387E-07
   0.29320E-01   0.67284E-07
   0.29495E-01   0.66990E-07
   0.29669E-01   0.66743E-07
   0.29844E-01   0.66555E-07
   0.30018E-01   0.65977E-07
   0.30193E-01   0.65597E-07
   0.30367E-01   0.65027E-07
   0.30542E-01   0.64402E-07
   0.30716E-01   0.63893E-07
   0.30891E-01   0.63282E-07
   0.31065E-01   0.62468E-07
   0.31240E-01   0.61727E-07
   0.31414E-01   0.60980E-07
   0.31589E-01   0.60158E-07
   0.31763E-01   0.59294E-07
   0.31938E-01   0.58411E-07
   0.32112E-01   0.57590E-07
   0.32287E-01   0.56680E-07
   0.32461E-01   0.55731E-07
   0.32636E-01   0.54862E-07
   0.32811E-01   0.54064E-07
   0.32985E-01   0.53228E-07
   0.33160E-01   0.52502E-07
   0.33334E-01   0.51823E-07
   0.33509E-01   0.51360E-07
   0.33683E-01   0.50938E-07
   0.33858E-01   0.50503E-07
   0.34032E-01   0.50360E-07
   0.34207E-01   0.50212E-07
   0.34381E-01   0.50009E-07
   0.34556E-01   0.49990E-07
   0.34730E-01   0.49969E-07
   0.34905E-01   0.49881E-07
