        4.80        3.90
NULL
$r$
radial profile
0 0 0
0
   0.1100000E+31  -0.1100000E+31    5
   0.1100000E+31  -0.1100000E+31    5
    0
CURVE
     201
NULL
black_solid
NULL
    0.000000        0.000000    
   0.1745241E-03   0.6945515E-10
   0.3490481E-03   0.5183545E-07
   0.5235722E-03   0.7685740E-07
   0.6980962E-03   0.1123638E-06
   0.8726203E-03   0.1883440E-06
   0.1047144E-02   0.2593852E-06
   0.1221668E-02   0.3163031E-06
   0.1396192E-02   0.3934713E-06
   0.1570717E-02   0.4603217E-06
   0.1745241E-02   0.5204358E-06
   0.1919765E-02   0.5741288E-06
   0.2094289E-02   0.6154755E-06
   0.2268813E-02   0.6519434E-06
   0.2443337E-02   0.6771045E-06
   0.2617861E-02   0.6910624E-06
   0.2792385E-02   0.6989707E-06
   0.2966909E-02   0.6997560E-06
   0.3141433E-02   0.6942691E-06
   0.3315957E-02   0.6827426E-06
   0.3490481E-02   0.6690993E-06
   0.3665005E-02   0.6535395E-06
   0.3839529E-02   0.6337872E-06
   0.4014053E-02   0.6144747E-06
   0.4188578E-02   0.5944857E-06
   0.4363101E-02   0.5726904E-06
   0.4537626E-02   0.5522493E-06
   0.4712150E-02   0.5309222E-06
   0.4886674E-02   0.5097457E-06
   0.5061198E-02   0.4905158E-06
   0.5235722E-02   0.4701669E-06
   0.5410246E-02   0.4508358E-06
   0.5584770E-02   0.4335740E-06
   0.5759294E-02   0.4164981E-06
   0.5933818E-02   0.4001871E-06
   0.6108342E-02   0.3857929E-06
   0.6282866E-02   0.3720412E-06
   0.6457390E-02   0.3594660E-06
   0.6631915E-02   0.3473631E-06
   0.6806438E-02   0.3361318E-06
   0.6980963E-02   0.3259395E-06
   0.7155487E-02   0.3154749E-06
   0.7330011E-02   0.3051898E-06
   0.7504535E-02   0.2961774E-06
   0.7679059E-02   0.2868269E-06
   0.7853583E-02   0.2775791E-06
   0.8028107E-02   0.2694900E-06
   0.8202631E-02   0.2618093E-06
   0.8377155E-02   0.2543897E-06
   0.8551680E-02   0.2477404E-06
   0.8726203E-02   0.2418614E-06
   0.8900727E-02   0.2361549E-06
   0.9075251E-02   0.2311078E-06
   0.9249776E-02   0.2262266E-06
   0.9424300E-02   0.2216288E-06
   0.9598823E-02   0.2174778E-06
   0.9773348E-02   0.2131239E-06
   0.9947872E-02   0.2089231E-06
   0.1012240E-01   0.2046864E-06
   0.1029692E-01   0.2003876E-06
   0.1047144E-01   0.1962832E-06
   0.1064597E-01   0.1923073E-06
   0.1082049E-01   0.1882807E-06
   0.1099502E-01   0.1843378E-06
   0.1116954E-01   0.1809437E-06
   0.1134406E-01   0.1772927E-06
   0.1151859E-01   0.1737211E-06
   0.1169311E-01   0.1707928E-06
   0.1186764E-01   0.1676392E-06
   0.1204216E-01   0.1645443E-06
   0.1221668E-01   0.1615314E-06
   0.1239121E-01   0.1585893E-06
   0.1256573E-01   0.1556528E-06
   0.1274026E-01   0.1527965E-06
   0.1291478E-01   0.1500408E-06
   0.1308930E-01   0.1470066E-06
   0.1326383E-01   0.1443223E-06
   0.1343835E-01   0.1419752E-06
   0.1361288E-01   0.1395546E-06
   0.1378740E-01   0.1371814E-06
   0.1396193E-01   0.1351782E-06
   0.1413645E-01   0.1331314E-06
   0.1431097E-01   0.1308459E-06
   0.1448550E-01   0.1291317E-06
   0.1466002E-01   0.1273411E-06
   0.1483455E-01   0.1252146E-06
   0.1500907E-01   0.1233513E-06
   0.1518359E-01   0.1215808E-06
   0.1535812E-01   0.1196515E-06
   0.1553264E-01   0.1179264E-06
   0.1570717E-01   0.1162193E-06
   0.1588169E-01   0.1146596E-06
   0.1605621E-01   0.1133692E-06
   0.1623074E-01   0.1120735E-06
   0.1640526E-01   0.1109394E-06
   0.1657979E-01   0.1101444E-06
   0.1675431E-01   0.1090627E-06
   0.1692883E-01   0.1082108E-06
   0.1710336E-01   0.1073432E-06
   0.1727788E-01   0.1064388E-06
   0.1745241E-01   0.1053240E-06
   0.1762693E-01   0.1044584E-06
   0.1780145E-01   0.1030812E-06
   0.1797598E-01   0.1017438E-06
   0.1815050E-01   0.1001924E-06
   0.1832503E-01   0.9872937E-07
   0.1849955E-01   0.9727367E-07
   0.1867408E-01   0.9572604E-07
   0.1884860E-01   0.9439319E-07
   0.1902312E-01   0.9299737E-07
   0.1919765E-01   0.9164954E-07
   0.1937217E-01   0.9056370E-07
   0.1954670E-01   0.8953318E-07
   0.1972122E-01   0.8853839E-07
   0.1989574E-01   0.8772646E-07
   0.2007027E-01   0.8683954E-07
   0.2024479E-01   0.8607099E-07
   0.2041932E-01   0.8534795E-07
   0.2059384E-01   0.8446894E-07
   0.2076836E-01   0.8356536E-07
   0.2094289E-01   0.8279984E-07
   0.2111741E-01   0.8210435E-07
   0.2129194E-01   0.8107682E-07
   0.2146646E-01   0.8032849E-07
   0.2164098E-01   0.7957544E-07
   0.2181551E-01   0.7888234E-07
   0.2199003E-01   0.7831603E-07
   0.2216456E-01   0.7780524E-07
   0.2233908E-01   0.7737256E-07
   0.2251360E-01   0.7698041E-07
   0.2268813E-01   0.7675599E-07
   0.2286265E-01   0.7635953E-07
   0.2303718E-01   0.7638943E-07
   0.2321170E-01   0.7641515E-07
   0.2338623E-01   0.7621536E-07
   0.2356075E-01   0.7612940E-07
   0.2373527E-01   0.7609558E-07
   0.2390980E-01   0.7581128E-07
   0.2408432E-01   0.7529307E-07
   0.2425884E-01   0.7485372E-07
   0.2443337E-01   0.7429232E-07
   0.2460789E-01   0.7343051E-07
   0.2478242E-01   0.7288840E-07
   0.2495694E-01   0.7200701E-07
   0.2513147E-01   0.7131601E-07
   0.2530599E-01   0.7052103E-07
   0.2548051E-01   0.6964373E-07
   0.2565504E-01   0.6883151E-07
   0.2582956E-01   0.6838119E-07
   0.2600409E-01   0.6785726E-07
   0.2617861E-01   0.6740512E-07
   0.2635313E-01   0.6738625E-07
   0.2652766E-01   0.6715877E-07
   0.2670218E-01   0.6711703E-07
   0.2687671E-01   0.6712605E-07
   0.2705123E-01   0.6717571E-07
   0.2722575E-01   0.6713027E-07
   0.2740028E-01   0.6725126E-07
   0.2757480E-01   0.6720207E-07
   0.2774933E-01   0.6697977E-07
   0.2792385E-01   0.6704617E-07
   0.2809837E-01   0.6698524E-07
   0.2827290E-01   0.6666623E-07
   0.2844742E-01   0.6659668E-07
   0.2862195E-01   0.6638515E-07
   0.2879647E-01   0.6624456E-07
   0.2897099E-01   0.6589033E-07
   0.2914552E-01   0.6562603E-07
   0.2932004E-01   0.6541293E-07
   0.2949457E-01   0.6487210E-07
   0.2966909E-01   0.6451993E-07
   0.2984362E-01   0.6425019E-07
   0.3001814E-01   0.6360275E-07
   0.3019266E-01   0.6332423E-07
   0.3036719E-01   0.6276466E-07
   0.3054171E-01   0.6224642E-07
   0.3071623E-01   0.6185557E-07
   0.3089076E-01   0.6145887E-07
   0.3106528E-01   0.6087258E-07
   0.3123981E-01   0.6045794E-07
   0.3141433E-01   0.5998736E-07
   0.3158886E-01   0.5937579E-07
   0.3176338E-01   0.5883142E-07
   0.3193790E-01   0.5829267E-07
   0.3211243E-01   0.5757791E-07
   0.3228695E-01   0.5690635E-07
   0.3246148E-01   0.5615706E-07
   0.3263600E-01   0.5535128E-07
   0.3281052E-01   0.5450202E-07
   0.3298505E-01   0.5359806E-07
   0.3315957E-01   0.5284835E-07
   0.3333410E-01   0.5184924E-07
   0.3350862E-01   0.5118470E-07
   0.3368314E-01   0.5051914E-07
   0.3385767E-01   0.4969694E-07
   0.3403219E-01   0.4916796E-07
   0.3420672E-01   0.4878620E-07
   0.3438124E-01   0.4817170E-07
   0.3455576E-01   0.4784724E-07
   0.3473029E-01   0.4759467E-07
   0.3490481E-01   0.4723632E-07
