        4.80        3.90
NULL
$r$
radial profile
0 0 0
0
   0.1100000E+31  -0.1100000E+31    5
   0.1100000E+31  -0.1100000E+31    5
    0
CURVE
      71
NULL
black_solid
NULL
    0.000000        0.000000    
   0.4986402E-03    13.97152    
   0.9972804E-03   -50.10090    
   0.1495921E-02   -57.17004    
   0.1994561E-02    25.29496    
   0.2493201E-02    17.80968    
   0.2991841E-02    81.29487    
   0.3490481E-02    145.9661    
   0.3989121E-02    223.2931    
   0.4487762E-02    157.6486    
   0.4986402E-02    60.66943    
   0.5485042E-02   -21.85969    
   0.5983682E-02   -20.13450    
   0.6482322E-02   -2.345148    
   0.6980963E-02    48.20346    
   0.7479603E-02    36.36335    
   0.7978243E-02   -61.90778    
   0.8476883E-02   -69.74313    
   0.8975524E-02   -36.96302    
   0.9474164E-02   -21.20240    
   0.9972803E-02   -46.96483    
   0.1047144E-01   -7.432420    
   0.1097008E-01   -25.67841    
   0.1146872E-01    9.162291    
   0.1196736E-01    43.25221    
   0.1246601E-01    56.17279    
   0.1296464E-01   -12.26911    
   0.1346328E-01   -46.68618    
   0.1396193E-01   -26.84773    
   0.1446057E-01    7.518025    
   0.1495921E-01   -10.98963    
   0.1545785E-01   -40.68253    
   0.1595649E-01   -95.79590    
   0.1645513E-01   -151.5131    
   0.1695377E-01   -142.9520    
   0.1745241E-01   -67.80092    
   0.1795105E-01   -51.66944    
   0.1844969E-01   -85.86405    
   0.1894833E-01   -73.20602    
   0.1944697E-01   -48.90352    
   0.1994561E-01   -50.36747    
   0.2044425E-01   -44.20820    
   0.2094289E-01   -87.73671    
   0.2144153E-01   -128.6439    
   0.2194017E-01   -125.7161    
   0.2243881E-01   -129.0743    
   0.2293745E-01   -114.9766    
   0.2343609E-01   -132.6527    
   0.2393473E-01   -102.4635    
   0.2443337E-01   -75.60072    
   0.2493201E-01   -30.01629    
   0.2543065E-01   -14.41322    
   0.2592929E-01   -6.429064    
   0.2642793E-01    12.95533    
   0.2692657E-01    16.38023    
   0.2742521E-01    37.99260    
   0.2792385E-01    36.43477    
   0.2842249E-01    42.31660    
   0.2892113E-01    41.15701    
   0.2941977E-01    28.67536    
   0.2991841E-01    5.579430    
   0.3041705E-01    10.98844    
   0.3091569E-01    5.269164    
   0.3141433E-01    38.83906    
   0.3191297E-01    74.16320    
   0.3241161E-01    83.49884    
   0.3291025E-01    80.20728    
   0.3340889E-01    27.31538    
   0.3390753E-01   -6.983433    
   0.3440617E-01    2.019353    
   0.3490481E-01    17.43994    
