        4.80        3.90
NULL
$r$
radial profile
0 0 0
0
   0.1100000E+31  -0.1100000E+31    5
   0.1100000E+31  -0.1100000E+31    5
    0
CURVE
     201
NULL
black_solid
NULL
    0.000000        0.000000    
   0.1745241E-03   0.7408508E-08
   0.3490481E-03  -0.8803901E-08
   0.5235722E-03   0.1638585E-08
   0.6980962E-03   0.3392705E-08
   0.8726203E-03   0.3511351E-09
   0.1047144E-02   0.1016904E-08
   0.1221668E-02   0.3870132E-08
   0.1396192E-02   0.1861221E-08
   0.1570717E-02   0.5720664E-09
   0.1745241E-02   0.1086412E-08
   0.1919765E-02   0.3491796E-08
   0.2094289E-02   0.4008151E-08
   0.2268813E-02   0.3673743E-08
   0.2443337E-02   0.5077084E-08
   0.2617861E-02   0.6569255E-08
   0.2792385E-02   0.6387316E-08
   0.2966909E-02   0.7361291E-08
   0.3141433E-02   0.8645034E-08
   0.3315957E-02   0.8937421E-08
   0.3490481E-02   0.9344133E-08
   0.3665005E-02   0.9809844E-08
   0.3839529E-02   0.1004058E-07
   0.4014053E-02   0.1068561E-07
   0.4188578E-02   0.1101755E-07
   0.4363101E-02   0.1159151E-07
   0.4537626E-02   0.1189640E-07
   0.4712150E-02   0.1235724E-07
   0.4886674E-02   0.1271585E-07
   0.5061198E-02   0.1301083E-07
   0.5235722E-02   0.1345074E-07
   0.5410246E-02   0.1369163E-07
   0.5584770E-02   0.1399308E-07
   0.5759294E-02   0.1412215E-07
   0.5933818E-02   0.1455587E-07
   0.6108342E-02   0.1485170E-07
   0.6282866E-02   0.1520431E-07
   0.6457390E-02   0.1532222E-07
   0.6631915E-02   0.1582607E-07
   0.6806438E-02   0.1614874E-07
   0.6980963E-02   0.1652966E-07
   0.7155487E-02   0.1687908E-07
   0.7330011E-02   0.1738317E-07
   0.7504535E-02   0.1765084E-07
   0.7679059E-02   0.1784814E-07
   0.7853583E-02   0.1802187E-07
   0.8028107E-02   0.1794776E-07
   0.8202631E-02   0.1801875E-07
   0.8377155E-02   0.1750044E-07
   0.8551680E-02   0.1705349E-07
   0.8726203E-02   0.1662070E-07
   0.8900727E-02   0.1597002E-07
   0.9075251E-02   0.1540653E-07
   0.9249776E-02   0.1479916E-07
   0.9424300E-02   0.1421194E-07
   0.9598823E-02   0.1368727E-07
   0.9773348E-02   0.1329997E-07
   0.9947872E-02   0.1319258E-07
   0.1012240E-01   0.1290815E-07
   0.1029692E-01   0.1302983E-07
   0.1047144E-01   0.1295738E-07
   0.1064597E-01   0.1292675E-07
   0.1082049E-01   0.1319364E-07
   0.1099502E-01   0.1308287E-07
   0.1116954E-01   0.1332123E-07
   0.1134406E-01   0.1340797E-07
   0.1151859E-01   0.1345934E-07
   0.1169311E-01   0.1340704E-07
   0.1186764E-01   0.1343939E-07
   0.1204216E-01   0.1354978E-07
   0.1221668E-01   0.1330293E-07
   0.1239121E-01   0.1340308E-07
   0.1256573E-01   0.1327408E-07
   0.1274026E-01   0.1317168E-07
   0.1291478E-01   0.1320220E-07
   0.1308930E-01   0.1306231E-07
   0.1326383E-01   0.1298640E-07
   0.1343835E-01   0.1263450E-07
   0.1361288E-01   0.1217252E-07
   0.1378740E-01   0.1185900E-07
   0.1396193E-01   0.1134996E-07
   0.1413645E-01   0.1072986E-07
   0.1431097E-01   0.1027821E-07
   0.1448550E-01   0.9649747E-08
   0.1466002E-01   0.9055182E-08
   0.1483455E-01   0.8647183E-08
   0.1500907E-01   0.8332437E-08
   0.1518359E-01   0.7717246E-08
   0.1535812E-01   0.7680952E-08
   0.1553264E-01   0.7379382E-08
   0.1570717E-01   0.7183163E-08
   0.1588169E-01   0.7247331E-08
   0.1605621E-01   0.7133637E-08
   0.1623074E-01   0.7198931E-08
   0.1640526E-01   0.7188475E-08
   0.1657979E-01   0.7200836E-08
   0.1675431E-01   0.7368058E-08
   0.1692883E-01   0.7293014E-08
   0.1710336E-01   0.7415402E-08
   0.1727788E-01   0.7550685E-08
   0.1745241E-01   0.7756508E-08
   0.1762693E-01   0.7849427E-08
   0.1780145E-01   0.8023942E-08
   0.1797598E-01   0.8226436E-08
   0.1815050E-01   0.8669685E-08
   0.1832503E-01   0.8827311E-08
   0.1849955E-01   0.9122504E-08
   0.1867408E-01   0.9465768E-08
   0.1884860E-01   0.9518842E-08
   0.1902312E-01   0.9716422E-08
   0.1919765E-01   0.9853736E-08
   0.1937217E-01   0.9891696E-08
   0.1954670E-01   0.9827622E-08
   0.1972122E-01   0.9777734E-08
   0.1989574E-01   0.9601594E-08
   0.2007027E-01   0.9582220E-08
   0.2024479E-01   0.9387968E-08
   0.2041932E-01   0.9266320E-08
   0.2059384E-01   0.9153547E-08
   0.2076836E-01   0.9058084E-08
   0.2094289E-01   0.8880648E-08
   0.2111741E-01   0.8816763E-08
   0.2129194E-01   0.8636190E-08
   0.2146646E-01   0.8578455E-08
   0.2164098E-01   0.8442164E-08
   0.2181551E-01   0.8292750E-08
   0.2199003E-01   0.8142552E-08
   0.2216456E-01   0.8047099E-08
   0.2233908E-01   0.7790655E-08
   0.2251360E-01   0.7653917E-08
   0.2268813E-01   0.7603500E-08
   0.2286265E-01   0.7389351E-08
   0.2303718E-01   0.7446243E-08
   0.2321170E-01   0.7368226E-08
   0.2338623E-01   0.7391451E-08
   0.2356075E-01   0.7409245E-08
   0.2373527E-01   0.7473282E-08
   0.2390980E-01   0.7619015E-08
   0.2408432E-01   0.7477334E-08
   0.2425884E-01   0.7625831E-08
   0.2443337E-01   0.7677851E-08
   0.2460789E-01   0.7701238E-08
   0.2478242E-01   0.7611811E-08
   0.2495694E-01   0.7579990E-08
   0.2513147E-01   0.7614688E-08
   0.2530599E-01   0.7474013E-08
   0.2548051E-01   0.7275985E-08
   0.2565504E-01   0.7331284E-08
   0.2582956E-01   0.7108304E-08
   0.2600409E-01   0.7027692E-08
   0.2617861E-01   0.6950119E-08
   0.2635313E-01   0.6857704E-08
   0.2652766E-01   0.6812745E-08
   0.2670218E-01   0.6706951E-08
   0.2687671E-01   0.6605878E-08
   0.2705123E-01   0.6692318E-08
   0.2722575E-01   0.6721509E-08
   0.2740028E-01   0.6513852E-08
   0.2757480E-01   0.6519814E-08
   0.2774933E-01   0.6424809E-08
   0.2792385E-01   0.6393480E-08
   0.2809837E-01   0.6271471E-08
   0.2827290E-01   0.6207612E-08
   0.2844742E-01   0.6261614E-08
   0.2862195E-01   0.6222777E-08
   0.2879647E-01   0.6172835E-08
   0.2897099E-01   0.6259202E-08
   0.2914552E-01   0.6270112E-08
   0.2932004E-01   0.6343115E-08
   0.2949457E-01   0.6309242E-08
   0.2966909E-01   0.6506407E-08
   0.2984362E-01   0.6628541E-08
   0.3001814E-01   0.6707113E-08
   0.3019266E-01   0.6794190E-08
   0.3036719E-01   0.6784488E-08
   0.3054171E-01   0.6860242E-08
   0.3071623E-01   0.6985464E-08
   0.3089076E-01   0.6971987E-08
   0.3106528E-01   0.7021795E-08
   0.3123981E-01   0.7050949E-08
   0.3141433E-01   0.7002933E-08
   0.3158886E-01   0.7044906E-08
   0.3176338E-01   0.6967890E-08
   0.3193790E-01   0.6899524E-08
   0.3211243E-01   0.6844518E-08
   0.3228695E-01   0.6668424E-08
   0.3246148E-01   0.6546085E-08
   0.3263600E-01   0.6384449E-08
   0.3281052E-01   0.6213988E-08
   0.3298505E-01   0.6070302E-08
   0.3315957E-01   0.5884230E-08
   0.3333410E-01   0.5763519E-08
   0.3350862E-01   0.5638989E-08
   0.3368314E-01   0.5497535E-08
   0.3385767E-01   0.5469811E-08
   0.3403219E-01   0.5375311E-08
   0.3420672E-01   0.5331094E-08
   0.3438124E-01   0.5291111E-08
   0.3455576E-01   0.5228280E-08
   0.3473029E-01   0.5277838E-08
   0.3490481E-01   0.5324706E-08
