        4.80        3.90
NULL
$r$
radial profile
0 0 0
0
   0.1100000E+31  -0.1100000E+31    5
   0.1100000E+31  -0.1100000E+31    5
    0
CURVE
     201
NULL
black_solid
NULL
    0.000000        0.000000    
   0.1745241E-03   0.7384481E-08
   0.3490481E-03  -0.8764118E-08
   0.5235722E-03   0.1637667E-08
   0.6980962E-03   0.3164427E-08
   0.8726203E-03   0.2878698E-09
   0.1047144E-02   0.1005561E-08
   0.1221668E-02   0.3860312E-08
   0.1396192E-02   0.2001093E-08
   0.1570717E-02   0.5767639E-09
   0.1745241E-02   0.1060660E-08
   0.1919765E-02   0.3675448E-08
   0.2094289E-02   0.4215654E-08
   0.2268813E-02   0.3608655E-08
   0.2443337E-02   0.5223199E-08
   0.2617861E-02   0.6777511E-08
   0.2792385E-02   0.6309951E-08
   0.2966909E-02   0.7428875E-08
   0.3141433E-02   0.8693733E-08
   0.3315957E-02   0.8777117E-08
   0.3490481E-02   0.9230281E-08
   0.3665005E-02   0.9754883E-08
   0.3839529E-02   0.9965429E-08
   0.4014053E-02   0.1066507E-07
   0.4188578E-02   0.1117503E-07
   0.4363101E-02   0.1179767E-07
   0.4537626E-02   0.1223753E-07
   0.4712150E-02   0.1273440E-07
   0.4886674E-02   0.1331411E-07
   0.5061198E-02   0.1374330E-07
   0.5235722E-02   0.1420939E-07
   0.5410246E-02   0.1468337E-07
   0.5584770E-02   0.1497796E-07
   0.5759294E-02   0.1496977E-07
   0.5933818E-02   0.1546871E-07
   0.6108342E-02   0.1559637E-07
   0.6282866E-02   0.1565982E-07
   0.6457390E-02   0.1568841E-07
   0.6631915E-02   0.1598388E-07
   0.6806438E-02   0.1600589E-07
   0.6980963E-02   0.1623124E-07
   0.7155487E-02   0.1629258E-07
   0.7330011E-02   0.1662156E-07
   0.7504535E-02   0.1675400E-07
   0.7679059E-02   0.1689083E-07
   0.7853583E-02   0.1702734E-07
   0.8028107E-02   0.1688815E-07
   0.8202631E-02   0.1709212E-07
   0.8377155E-02   0.1657649E-07
   0.8551680E-02   0.1615066E-07
   0.8726203E-02   0.1581707E-07
   0.8900727E-02   0.1517562E-07
   0.9075251E-02   0.1464511E-07
   0.9249776E-02   0.1402375E-07
   0.9424300E-02   0.1343162E-07
   0.9598823E-02   0.1291871E-07
   0.9773348E-02   0.1256343E-07
   0.9947872E-02   0.1244275E-07
   0.1012240E-01   0.1200084E-07
   0.1029692E-01   0.1219397E-07
   0.1047144E-01   0.1220055E-07
   0.1064597E-01   0.1223690E-07
   0.1082049E-01   0.1259000E-07
   0.1099502E-01   0.1261893E-07
   0.1116954E-01   0.1306289E-07
   0.1134406E-01   0.1327466E-07
   0.1151859E-01   0.1349152E-07
   0.1169311E-01   0.1363421E-07
   0.1186764E-01   0.1378166E-07
   0.1204216E-01   0.1406850E-07
   0.1221668E-01   0.1395070E-07
   0.1239121E-01   0.1403413E-07
   0.1256573E-01   0.1397069E-07
   0.1274026E-01   0.1379598E-07
   0.1291478E-01   0.1386061E-07
   0.1308930E-01   0.1360307E-07
   0.1326383E-01   0.1340727E-07
   0.1343835E-01   0.1309986E-07
   0.1361288E-01   0.1262145E-07
   0.1378740E-01   0.1219053E-07
   0.1396193E-01   0.1172826E-07
   0.1413645E-01   0.1104296E-07
   0.1431097E-01   0.1066503E-07
   0.1448550E-01   0.1007747E-07
   0.1466002E-01   0.9597995E-08
   0.1483455E-01   0.9428785E-08
   0.1500907E-01   0.9261949E-08
   0.1518359E-01   0.8888409E-08
   0.1535812E-01   0.9128339E-08
   0.1553264E-01   0.9071163E-08
   0.1570717E-01   0.9123394E-08
   0.1588169E-01   0.9402249E-08
   0.1605621E-01   0.9487371E-08
   0.1623074E-01   0.9738044E-08
   0.1640526E-01   0.9904586E-08
   0.1657979E-01   0.9950049E-08
   0.1675431E-01   0.1024594E-07
   0.1692883E-01   0.1020636E-07
   0.1710336E-01   0.1031415E-07
   0.1727788E-01   0.1036985E-07
   0.1745241E-01   0.1049675E-07
   0.1762693E-01   0.1054263E-07
   0.1780145E-01   0.1067194E-07
   0.1797598E-01   0.1087551E-07
   0.1815050E-01   0.1118633E-07
   0.1832503E-01   0.1130165E-07
   0.1849955E-01   0.1157167E-07
   0.1867408E-01   0.1172971E-07
   0.1884860E-01   0.1166981E-07
   0.1902312E-01   0.1186417E-07
   0.1919765E-01   0.1176003E-07
   0.1937217E-01   0.1164274E-07
   0.1954670E-01   0.1142454E-07
   0.1972122E-01   0.1114412E-07
   0.1989574E-01   0.1083735E-07
   0.2007027E-01   0.1068725E-07
   0.2024479E-01   0.1041925E-07
   0.2041932E-01   0.1022984E-07
   0.2059384E-01   0.1012984E-07
   0.2076836E-01   0.1012652E-07
   0.2094289E-01   0.1001696E-07
   0.2111741E-01   0.1007111E-07
   0.2129194E-01   0.1014652E-07
   0.2146646E-01   0.1027290E-07
   0.2164098E-01   0.1035877E-07
   0.2181551E-01   0.1038213E-07
   0.2199003E-01   0.1038105E-07
   0.2216456E-01   0.1044992E-07
   0.2233908E-01   0.1012913E-07
   0.2251360E-01   0.1006589E-07
   0.2268813E-01   0.9877207E-08
   0.2286265E-01   0.9504626E-08
   0.2303718E-01   0.9504795E-08
   0.2321170E-01   0.9176909E-08
   0.2338623E-01   0.9086711E-08
   0.2356075E-01   0.9060037E-08
   0.2373527E-01   0.9021538E-08
   0.2390980E-01   0.9081605E-08
   0.2408432E-01   0.8928475E-08
   0.2425884E-01   0.9138929E-08
   0.2443337E-01   0.9161530E-08
   0.2460789E-01   0.9191312E-08
   0.2478242E-01   0.9154676E-08
   0.2495694E-01   0.9037473E-08
   0.2513147E-01   0.8975127E-08
   0.2530599E-01   0.8798932E-08
   0.2548051E-01   0.8403260E-08
   0.2565504E-01   0.8256613E-08
   0.2582956E-01   0.7771420E-08
   0.2600409E-01   0.7396203E-08
   0.2617861E-01   0.7015358E-08
   0.2635313E-01   0.6686908E-08
   0.2652766E-01   0.6370569E-08
   0.2670218E-01   0.6062245E-08
   0.2687671E-01   0.5713993E-08
   0.2705123E-01   0.5730869E-08
   0.2722575E-01   0.5670866E-08
   0.2740028E-01   0.5451210E-08
   0.2757480E-01   0.5422330E-08
   0.2774933E-01   0.5429862E-08
   0.2792385E-01   0.5498215E-08
   0.2809837E-01   0.5394664E-08
   0.2827290E-01   0.5572090E-08
   0.2844742E-01   0.5727632E-08
   0.2862195E-01   0.5834750E-08
   0.2879647E-01   0.5928428E-08
   0.2897099E-01   0.6063521E-08
   0.2914552E-01   0.6151854E-08
   0.2932004E-01   0.6309087E-08
   0.2949457E-01   0.6384149E-08
   0.2966909E-01   0.6541490E-08
   0.2984362E-01   0.6716941E-08
   0.3001814E-01   0.6847675E-08
   0.3019266E-01   0.6911647E-08
   0.3036719E-01   0.6926880E-08
   0.3054171E-01   0.7110650E-08
   0.3071623E-01   0.7218000E-08
   0.3089076E-01   0.7259648E-08
   0.3106528E-01   0.7401768E-08
   0.3123981E-01   0.7431390E-08
   0.3141433E-01   0.7551134E-08
   0.3158886E-01   0.7647365E-08
   0.3176338E-01   0.7612188E-08
   0.3193790E-01   0.7733391E-08
   0.3211243E-01   0.7783709E-08
   0.3228695E-01   0.7661757E-08
   0.3246148E-01   0.7615930E-08
   0.3263600E-01   0.7608876E-08
   0.3281052E-01   0.7373600E-08
   0.3298505E-01   0.7224564E-08
   0.3315957E-01   0.7137506E-08
   0.3333410E-01   0.6972547E-08
   0.3350862E-01   0.6914333E-08
   0.3368314E-01   0.6810971E-08
   0.3385767E-01   0.6848241E-08
   0.3403219E-01   0.6809049E-08
   0.3420672E-01   0.6810850E-08
   0.3438124E-01   0.6908509E-08
   0.3455576E-01   0.6843770E-08
   0.3473029E-01   0.6912827E-08
   0.3490481E-01   0.6965982E-08
