   0.00000E+00   0.00000E+00
   0.17452E-03   0.78004E-08
   0.34905E-03  -0.86244E-08
   0.52357E-03   0.19687E-08
   0.69810E-03   0.34113E-08
   0.87262E-03   0.40087E-09
   0.10471E-02   0.11672E-08
   0.12217E-02   0.35990E-08
   0.13962E-02   0.24222E-08
   0.15707E-02   0.82285E-09
   0.17452E-02   0.12654E-08
   0.19198E-02   0.40641E-08
   0.20943E-02   0.36380E-08
   0.22688E-02   0.39161E-08
   0.24433E-02   0.47476E-08
   0.26179E-02   0.54662E-08
   0.27924E-02   0.47011E-08
   0.29669E-02   0.53400E-08
   0.31414E-02   0.55282E-08
   0.33160E-02   0.51455E-08
   0.34905E-02   0.54900E-08
   0.36650E-02   0.50141E-08
   0.38395E-02   0.49800E-08
   0.40141E-02   0.51480E-08
   0.41886E-02   0.54573E-08
   0.43631E-02   0.62070E-08
   0.45376E-02   0.67664E-08
   0.47121E-02   0.74449E-08
   0.48867E-02   0.94531E-08
   0.50612E-02   0.10182E-07
   0.52357E-02   0.11495E-07
   0.54102E-02   0.12801E-07
   0.55848E-02   0.13834E-07
   0.57593E-02   0.15175E-07
   0.59338E-02   0.15763E-07
   0.61083E-02   0.16033E-07
   0.62829E-02   0.16569E-07
   0.64574E-02   0.16640E-07
   0.66319E-02   0.16545E-07
   0.68064E-02   0.16422E-07
   0.69810E-02   0.16454E-07
   0.71555E-02   0.15529E-07
   0.73300E-02   0.15979E-07
   0.75045E-02   0.15562E-07
   0.76791E-02   0.15219E-07
   0.78536E-02   0.15320E-07
   0.80281E-02   0.15072E-07
   0.82026E-02   0.14998E-07
   0.83772E-02   0.14385E-07
   0.85517E-02   0.14151E-07
   0.87262E-02   0.13585E-07
   0.89007E-02   0.12960E-07
   0.90753E-02   0.12678E-07
   0.92498E-02   0.12136E-07
   0.94243E-02   0.11511E-07
   0.95988E-02   0.10934E-07
   0.97733E-02   0.10693E-07
   0.99479E-02   0.10570E-07
   0.10122E-01   0.98624E-08
   0.10297E-01   0.99223E-08
   0.10471E-01   0.10050E-07
   0.10646E-01   0.99915E-08
   0.10820E-01   0.10084E-07
   0.10995E-01   0.10369E-07
   0.11170E-01   0.10527E-07
   0.11344E-01   0.10643E-07
   0.11519E-01   0.10901E-07
   0.11693E-01   0.11063E-07
   0.11868E-01   0.11317E-07
   0.12042E-01   0.11824E-07
   0.12217E-01   0.11923E-07
   0.12391E-01   0.11825E-07
   0.12566E-01   0.11963E-07
   0.12740E-01   0.12418E-07
   0.12915E-01   0.12341E-07
   0.13089E-01   0.12156E-07
   0.13264E-01   0.12397E-07
   0.13438E-01   0.12070E-07
   0.13613E-01   0.11401E-07
   0.13787E-01   0.11010E-07
   0.13962E-01   0.10257E-07
   0.14136E-01   0.91759E-08
   0.14311E-01   0.85702E-08
   0.14485E-01   0.73651E-08
   0.14660E-01   0.63703E-08
   0.14835E-01   0.57566E-08
   0.15009E-01   0.46877E-08
   0.15184E-01   0.37894E-08
   0.15358E-01   0.35235E-08
   0.15533E-01   0.29822E-08
   0.15707E-01   0.25469E-08
   0.15882E-01   0.27923E-08
   0.16056E-01   0.31160E-08
   0.16231E-01   0.30930E-08
   0.16405E-01   0.35380E-08
   0.16580E-01   0.41426E-08
   0.16754E-01   0.47184E-08
   0.16929E-01   0.52710E-08
   0.17103E-01   0.60283E-08
   0.17278E-01   0.63193E-08
   0.17452E-01   0.67885E-08
   0.17627E-01   0.74544E-08
   0.17801E-01   0.76000E-08
   0.17976E-01   0.78438E-08
   0.18151E-01   0.84431E-08
   0.18325E-01   0.82086E-08
   0.18500E-01   0.83419E-08
   0.18674E-01   0.83855E-08
   0.18849E-01   0.78289E-08
   0.19023E-01   0.75315E-08
   0.19198E-01   0.68659E-08
   0.19372E-01   0.65011E-08
   0.19547E-01   0.55682E-08
   0.19721E-01   0.51297E-08
   0.19896E-01   0.43494E-08
   0.20070E-01   0.36929E-08
   0.20245E-01   0.33505E-08
   0.20419E-01   0.27545E-08
   0.20594E-01   0.23740E-08
   0.20768E-01   0.20987E-08
   0.20943E-01   0.16958E-08
   0.21117E-01   0.16307E-08
   0.21292E-01   0.14217E-08
   0.21466E-01   0.13237E-08
   0.21641E-01   0.13759E-08
   0.21816E-01   0.12171E-08
   0.21990E-01   0.11820E-08
   0.22165E-01   0.11805E-08
   0.22339E-01   0.10995E-08
   0.22514E-01   0.15048E-08
   0.22688E-01   0.11885E-08
   0.22863E-01   0.12131E-08
   0.23037E-01   0.18194E-08
   0.23212E-01   0.19268E-08
   0.23386E-01   0.24406E-08
   0.23561E-01   0.30471E-08
   0.23735E-01   0.36158E-08
   0.23910E-01   0.44819E-08
   0.24084E-01   0.50320E-08
   0.24259E-01   0.57818E-08
   0.24433E-01   0.66258E-08
   0.24608E-01   0.72915E-08
   0.24782E-01   0.77022E-08
   0.24957E-01   0.81034E-08
   0.25131E-01   0.87342E-08
   0.25306E-01   0.89219E-08
   0.25481E-01   0.87509E-08
   0.25655E-01   0.93395E-08
   0.25830E-01   0.91318E-08
   0.26004E-01   0.89740E-08
   0.26179E-01   0.88037E-08
   0.26353E-01   0.87097E-08
   0.26528E-01   0.84297E-08
   0.26702E-01   0.80719E-08
   0.26877E-01   0.76974E-08
   0.27051E-01   0.76696E-08
   0.27226E-01   0.71855E-08
   0.27400E-01   0.67166E-08
   0.27575E-01   0.64109E-08
   0.27749E-01   0.58942E-08
   0.27924E-01   0.54210E-08
   0.28098E-01   0.49545E-08
   0.28273E-01   0.46839E-08
   0.28447E-01   0.45257E-08
   0.28622E-01   0.40282E-08
   0.28796E-01   0.38237E-08
   0.28971E-01   0.36440E-08
   0.29146E-01   0.35063E-08
   0.29320E-01   0.35715E-08
   0.29495E-01   0.33546E-08
   0.29669E-01   0.37737E-08
   0.29844E-01   0.38084E-08
   0.30018E-01   0.40383E-08
   0.30193E-01   0.40202E-08
   0.30367E-01   0.39926E-08
   0.30542E-01   0.42356E-08
   0.30716E-01   0.41760E-08
   0.30891E-01   0.39145E-08
   0.31065E-01   0.38265E-08
   0.31240E-01   0.35795E-08
   0.31414E-01   0.30808E-08
   0.31589E-01   0.26640E-08
   0.31763E-01   0.21235E-08
   0.31938E-01   0.15964E-08
   0.32112E-01   0.10066E-08
   0.32287E-01   0.34675E-09
   0.32461E-01  -0.16254E-09
   0.32636E-01  -0.63251E-09
   0.32811E-01  -0.11658E-08
   0.32985E-01  -0.15295E-08
   0.33160E-01  -0.17891E-08
   0.33334E-01  -0.19706E-08
   0.33509E-01  -0.18876E-08
   0.33683E-01  -0.18038E-08
   0.33858E-01  -0.16631E-08
   0.34032E-01  -0.14519E-08
   0.34207E-01  -0.96665E-09
   0.34381E-01  -0.65610E-09
   0.34556E-01  -0.39767E-09
   0.34730E-01   0.87294E-10
   0.34905E-01   0.38332E-09
