        4.80        3.90
NULL
$r$
radial profile
0 0 0
0
   0.1100000E+31  -0.1100000E+31    5
   0.1100000E+31  -0.1100000E+31    5
    0
CURVE
     201
NULL
black_solid
NULL
    0.000000        0.000000    
   0.1745241E-03   0.4392469E-10
   0.3490481E-03   0.5316214E-07
   0.5235722E-03   0.7936506E-07
   0.6980962E-03   0.1167097E-06
   0.8726203E-03   0.1933669E-06
   0.1047144E-02   0.2680223E-06
   0.1221668E-02   0.3277279E-06
   0.1396192E-02   0.4055281E-06
   0.1570717E-02   0.4759095E-06
   0.1745241E-02   0.5381342E-06
   0.1919765E-02   0.5923690E-06
   0.2094289E-02   0.6351564E-06
   0.2268813E-02   0.6731779E-06
   0.2443337E-02   0.6982867E-06
   0.2617861E-02   0.7120425E-06
   0.2792385E-02   0.7198410E-06
   0.2966909E-02   0.7199618E-06
   0.3141433E-02   0.7133766E-06
   0.3315957E-02   0.7009603E-06
   0.3490481E-02   0.6862406E-06
   0.3665005E-02   0.6693708E-06
   0.3839529E-02   0.6484174E-06
   0.4014053E-02   0.6279655E-06
   0.4188578E-02   0.6068026E-06
   0.4363101E-02   0.5839962E-06
   0.4537626E-02   0.5626154E-06
   0.4712150E-02   0.5403845E-06
   0.4886674E-02   0.5180804E-06
   0.5061198E-02   0.4978892E-06
   0.5235722E-02   0.4767721E-06
   0.5410246E-02   0.4564513E-06
   0.5584770E-02   0.4384945E-06
   0.5759294E-02   0.4202156E-06
   0.5933818E-02   0.4033423E-06
   0.6108342E-02   0.3885380E-06
   0.6282866E-02   0.3736677E-06
   0.6457390E-02   0.3607585E-06
   0.6631915E-02   0.3486389E-06
   0.6806438E-02   0.3370979E-06
   0.6980963E-02   0.3267086E-06
   0.7155487E-02   0.3166125E-06
   0.7330011E-02   0.3068195E-06
   0.7504535E-02   0.2975860E-06
   0.7679059E-02   0.2888658E-06
   0.7853583E-02   0.2803137E-06
   0.8028107E-02   0.2725376E-06
   0.8202631E-02   0.2650356E-06
   0.8377155E-02   0.2578460E-06
   0.8551680E-02   0.2514017E-06
   0.8726203E-02   0.2453472E-06
   0.8900727E-02   0.2393844E-06
   0.9075251E-02   0.2338870E-06
   0.9249776E-02   0.2287790E-06
   0.9424300E-02   0.2236025E-06
   0.9598823E-02   0.2185616E-06
   0.9773348E-02   0.2136349E-06
   0.9947872E-02   0.2085408E-06
   0.1012240E-01   0.2035914E-06
   0.1029692E-01   0.1984392E-06
   0.1047144E-01   0.1936922E-06
   0.1064597E-01   0.1890319E-06
   0.1082049E-01   0.1842484E-06
   0.1099502E-01   0.1801844E-06
   0.1116954E-01   0.1761647E-06
   0.1134406E-01   0.1724252E-06
   0.1151859E-01   0.1689233E-06
   0.1169311E-01   0.1658727E-06
   0.1186764E-01   0.1629130E-06
   0.1204216E-01   0.1600039E-06
   0.1221668E-01   0.1574288E-06
   0.1239121E-01   0.1549672E-06
   0.1256573E-01   0.1524651E-06
   0.1274026E-01   0.1501315E-06
   0.1291478E-01   0.1479713E-06
   0.1308930E-01   0.1456678E-06
   0.1326383E-01   0.1437336E-06
   0.1343835E-01   0.1419219E-06
   0.1361288E-01   0.1401119E-06
   0.1378740E-01   0.1385781E-06
   0.1396193E-01   0.1371535E-06
   0.1413645E-01   0.1355981E-06
   0.1431097E-01   0.1343316E-06
   0.1448550E-01   0.1331175E-06
   0.1466002E-01   0.1317375E-06
   0.1483455E-01   0.1303813E-06
   0.1500907E-01   0.1289058E-06
   0.1518359E-01   0.1275069E-06
   0.1535812E-01   0.1257801E-06
   0.1553264E-01   0.1241273E-06
   0.1570717E-01   0.1224066E-06
   0.1588169E-01   0.1205704E-06
   0.1605621E-01   0.1189627E-06
   0.1623074E-01   0.1172135E-06
   0.1640526E-01   0.1154760E-06
   0.1657979E-01   0.1140515E-06
   0.1675431E-01   0.1124697E-06
   0.1692883E-01   0.1112526E-06
   0.1710336E-01   0.1100050E-06
   0.1727788E-01   0.1088468E-06
   0.1745241E-01   0.1077588E-06
   0.1762693E-01   0.1067654E-06
   0.1780145E-01   0.1057420E-06
   0.1797598E-01   0.1047516E-06
   0.1815050E-01   0.1039031E-06
   0.1832503E-01   0.1030507E-06
   0.1849955E-01   0.1021576E-06
   0.1867408E-01   0.1012905E-06
   0.1884860E-01   0.1004348E-06
   0.1902312E-01   0.9953850E-07
   0.1919765E-01   0.9868632E-07
   0.1937217E-01   0.9773139E-07
   0.1954670E-01   0.9691564E-07
   0.1972122E-01   0.9599024E-07
   0.1989574E-01   0.9523439E-07
   0.2007027E-01   0.9433363E-07
   0.2024479E-01   0.9359320E-07
   0.2041932E-01   0.9291605E-07
   0.2059384E-01   0.9224743E-07
   0.2076836E-01   0.9165364E-07
   0.2094289E-01   0.9122837E-07
   0.2111741E-01   0.9080685E-07
   0.2129194E-01   0.9040153E-07
   0.2146646E-01   0.8975186E-07
   0.2164098E-01   0.8944480E-07
   0.2181551E-01   0.8884851E-07
   0.2199003E-01   0.8816708E-07
   0.2216456E-01   0.8765080E-07
   0.2233908E-01   0.8687457E-07
   0.2251360E-01   0.8595892E-07
   0.2268813E-01   0.8530820E-07
   0.2286265E-01   0.8425348E-07
   0.2303718E-01   0.8339612E-07
   0.2321170E-01   0.8268377E-07
   0.2338623E-01   0.8167211E-07
   0.2356075E-01   0.8089786E-07
   0.2373527E-01   0.8013313E-07
   0.2390980E-01   0.7938191E-07
   0.2408432E-01   0.7861090E-07
   0.2425884E-01   0.7789671E-07
   0.2443337E-01   0.7711328E-07
   0.2460789E-01   0.7621820E-07
   0.2478242E-01   0.7533517E-07
   0.2495694E-01   0.7443158E-07
   0.2513147E-01   0.7340958E-07
   0.2530599E-01   0.7249318E-07
   0.2548051E-01   0.7153498E-07
   0.2565504E-01   0.7066917E-07
   0.2582956E-01   0.6981107E-07
   0.2600409E-01   0.6901318E-07
   0.2617861E-01   0.6838513E-07
   0.2635313E-01   0.6789475E-07
   0.2652766E-01   0.6740194E-07
   0.2670218E-01   0.6703625E-07
   0.2687671E-01   0.6675420E-07
   0.2705123E-01   0.6648642E-07
   0.2722575E-01   0.6620563E-07
   0.2740028E-01   0.6605202E-07
   0.2757480E-01   0.6578881E-07
   0.2774933E-01   0.6546356E-07
   0.2792385E-01   0.6523668E-07
   0.2809837E-01   0.6495303E-07
   0.2827290E-01   0.6460006E-07
   0.2844742E-01   0.6434536E-07
   0.2862195E-01   0.6411013E-07
   0.2879647E-01   0.6384054E-07
   0.2897099E-01   0.6360718E-07
   0.2914552E-01   0.6344438E-07
   0.2932004E-01   0.6339030E-07
   0.2949457E-01   0.6312410E-07
   0.2966909E-01   0.6300447E-07
   0.2984362E-01   0.6291607E-07
   0.3001814E-01   0.6265454E-07
   0.3019266E-01   0.6244890E-07
   0.3036719E-01   0.6222472E-07
   0.3054171E-01   0.6197254E-07
   0.3071623E-01   0.6168330E-07
   0.3089076E-01   0.6131159E-07
   0.3106528E-01   0.6100566E-07
   0.3123981E-01   0.6051354E-07
   0.3141433E-01   0.5996367E-07
   0.3158886E-01   0.5954251E-07
   0.3176338E-01   0.5883748E-07
   0.3193790E-01   0.5806151E-07
   0.3211243E-01   0.5737188E-07
   0.3228695E-01   0.5659280E-07
   0.3246148E-01   0.5579087E-07
   0.3263600E-01   0.5496502E-07
   0.3281052E-01   0.5416861E-07
   0.3298505E-01   0.5351500E-07
   0.3315957E-01   0.5274281E-07
   0.3333410E-01   0.5212247E-07
   0.3350862E-01   0.5177784E-07
   0.3368314E-01   0.5149145E-07
   0.3385767E-01   0.5118567E-07
   0.3403219E-01   0.5103948E-07
   0.3420672E-01   0.5108824E-07
   0.3438124E-01   0.5100940E-07
   0.3455576E-01   0.5091811E-07
   0.3473029E-01   0.5107162E-07
   0.3490481E-01   0.5116843E-07
