        4.80        3.90
NULL
$r$
radial profile
0 0 0
0
   0.1100000E+31  -0.1100000E+31    5
   0.1100000E+31  -0.1100000E+31    5
    0
CURVE
     201
NULL
black_solid
NULL
    0.000000        0.000000    
   0.1745241E-03   0.6303217E-10
   0.3490481E-03   0.5252366E-07
   0.5235722E-03   0.7841634E-07
   0.6980962E-03   0.1145375E-06
   0.8726203E-03   0.1926249E-06
   0.1047144E-02   0.2650332E-06
   0.1221668E-02   0.3233765E-06
   0.1396192E-02   0.4028869E-06
   0.1570717E-02   0.4711779E-06
   0.1745241E-02   0.5326683E-06
   0.1919765E-02   0.5877736E-06
   0.2094289E-02   0.6296860E-06
   0.2268813E-02   0.6671655E-06
   0.2443337E-02   0.6929388E-06
   0.2617861E-02   0.7061643E-06
   0.2792385E-02   0.7136540E-06
   0.2966909E-02   0.7139097E-06
   0.3141433E-02   0.7075984E-06
   0.3315957E-02   0.6948742E-06
   0.3490481E-02   0.6802422E-06
   0.3665005E-02   0.6637283E-06
   0.3839529E-02   0.6427045E-06
   0.4014053E-02   0.6225666E-06
   0.4188578E-02   0.6021106E-06
   0.4363101E-02   0.5794999E-06
   0.4537626E-02   0.5584928E-06
   0.4712150E-02   0.5370036E-06
   0.4886674E-02   0.5154016E-06
   0.5061198E-02   0.4958858E-06
   0.5235722E-02   0.4752962E-06
   0.5410246E-02   0.4557631E-06
   0.5584770E-02   0.4381935E-06
   0.5759294E-02   0.4204224E-06
   0.5933818E-02   0.4039634E-06
   0.6108342E-02   0.3892842E-06
   0.6282866E-02   0.3747131E-06
   0.6457390E-02   0.3617166E-06
   0.6631915E-02   0.3496191E-06
   0.6806438E-02   0.3376313E-06
   0.6980963E-02   0.3269449E-06
   0.7155487E-02   0.3164717E-06
   0.7330011E-02   0.3059070E-06
   0.7504535E-02   0.2965189E-06
   0.7679059E-02   0.2871755E-06
   0.7853583E-02   0.2777725E-06
   0.8028107E-02   0.2695340E-06
   0.8202631E-02   0.2615672E-06
   0.8377155E-02   0.2538382E-06
   0.8551680E-02   0.2470100E-06
   0.8726203E-02   0.2408669E-06
   0.8900727E-02   0.2348572E-06
   0.9075251E-02   0.2294763E-06
   0.9249776E-02   0.2246610E-06
   0.9424300E-02   0.2198297E-06
   0.9598823E-02   0.2155130E-06
   0.9773348E-02   0.2110982E-06
   0.9947872E-02   0.2067111E-06
   0.1012240E-01   0.2025971E-06
   0.1029692E-01   0.1980716E-06
   0.1047144E-01   0.1937640E-06
   0.1064597E-01   0.1897000E-06
   0.1082049E-01   0.1853387E-06
   0.1099502E-01   0.1813336E-06
   0.1116954E-01   0.1777657E-06
   0.1134406E-01   0.1739588E-06
   0.1151859E-01   0.1706467E-06
   0.1169311E-01   0.1676331E-06
   0.1186764E-01   0.1646377E-06
   0.1204216E-01   0.1618787E-06
   0.1221668E-01   0.1591893E-06
   0.1239121E-01   0.1567217E-06
   0.1256573E-01   0.1542913E-06
   0.1274026E-01   0.1518927E-06
   0.1291478E-01   0.1495894E-06
   0.1308930E-01   0.1471884E-06
   0.1326383E-01   0.1449235E-06
   0.1343835E-01   0.1428588E-06
   0.1361288E-01   0.1407297E-06
   0.1378740E-01   0.1387955E-06
   0.1396193E-01   0.1368379E-06
   0.1413645E-01   0.1349000E-06
   0.1431097E-01   0.1331064E-06
   0.1448550E-01   0.1312856E-06
   0.1466002E-01   0.1294984E-06
   0.1483455E-01   0.1276831E-06
   0.1500907E-01   0.1259282E-06
   0.1518359E-01   0.1241689E-06
   0.1535812E-01   0.1222428E-06
   0.1553264E-01   0.1204917E-06
   0.1570717E-01   0.1188262E-06
   0.1588169E-01   0.1170434E-06
   0.1605621E-01   0.1155963E-06
   0.1623074E-01   0.1141266E-06
   0.1640526E-01   0.1126657E-06
   0.1657979E-01   0.1115225E-06
   0.1675431E-01   0.1102747E-06
   0.1692883E-01   0.1091858E-06
   0.1710336E-01   0.1080853E-06
   0.1727788E-01   0.1070845E-06
   0.1745241E-01   0.1058974E-06
   0.1762693E-01   0.1048367E-06
   0.1780145E-01   0.1037552E-06
   0.1797598E-01   0.1025397E-06
   0.1815050E-01   0.1013047E-06
   0.1832503E-01   0.1001402E-06
   0.1849955E-01   0.9902962E-07
   0.1867408E-01   0.9787360E-07
   0.1884860E-01   0.9676802E-07
   0.1902312E-01   0.9580947E-07
   0.1919765E-01   0.9484310E-07
   0.1937217E-01   0.9395666E-07
   0.1954670E-01   0.9315429E-07
   0.1972122E-01   0.9244862E-07
   0.1989574E-01   0.9185553E-07
   0.2007027E-01   0.9124763E-07
   0.2024479E-01   0.9070445E-07
   0.2041932E-01   0.9025469E-07
   0.2059384E-01   0.8978015E-07
   0.2076836E-01   0.8924629E-07
   0.2094289E-01   0.8878574E-07
   0.2111741E-01   0.8837927E-07
   0.2129194E-01   0.8786063E-07
   0.2146646E-01   0.8734107E-07
   0.2164098E-01   0.8677232E-07
   0.2181551E-01   0.8622474E-07
   0.2199003E-01   0.8560798E-07
   0.2216456E-01   0.8499449E-07
   0.2233908E-01   0.8437135E-07
   0.2251360E-01   0.8363172E-07
   0.2268813E-01   0.8297960E-07
   0.2286265E-01   0.8219810E-07
   0.2303718E-01   0.8154306E-07
   0.2321170E-01   0.8094263E-07
   0.2338623E-01   0.8024192E-07
   0.2356075E-01   0.7958373E-07
   0.2373527E-01   0.7903024E-07
   0.2390980E-01   0.7830196E-07
   0.2408432E-01   0.7760799E-07
   0.2425884E-01   0.7695099E-07
   0.2443337E-01   0.7621065E-07
   0.2460789E-01   0.7548724E-07
   0.2478242E-01   0.7468599E-07
   0.2495694E-01   0.7390847E-07
   0.2513147E-01   0.7324995E-07
   0.2530599E-01   0.7244649E-07
   0.2548051E-01   0.7162548E-07
   0.2565504E-01   0.7108683E-07
   0.2582956E-01   0.7062933E-07
   0.2600409E-01   0.7013092E-07
   0.2617861E-01   0.6978851E-07
   0.2635313E-01   0.6964581E-07
   0.2652766E-01   0.6950026E-07
   0.2670218E-01   0.6941907E-07
   0.2687671E-01   0.6941220E-07
   0.2705123E-01   0.6941568E-07
   0.2722575E-01   0.6941343E-07
   0.2740028E-01   0.6942645E-07
   0.2757480E-01   0.6932717E-07
   0.2774933E-01   0.6918656E-07
   0.2792385E-01   0.6906950E-07
   0.2809837E-01   0.6891475E-07
   0.2827290E-01   0.6866023E-07
   0.2844742E-01   0.6851661E-07
   0.2862195E-01   0.6830333E-07
   0.2879647E-01   0.6808714E-07
   0.2897099E-01   0.6784659E-07
   0.2914552E-01   0.6762882E-07
   0.2932004E-01   0.6740402E-07
   0.2949457E-01   0.6714212E-07
   0.2966909E-01   0.6690243E-07
   0.2984362E-01   0.6662987E-07
   0.3001814E-01   0.6620714E-07
   0.3019266E-01   0.6583059E-07
   0.3036719E-01   0.6536565E-07
   0.3054171E-01   0.6486194E-07
   0.3071623E-01   0.6433438E-07
   0.3089076E-01   0.6376337E-07
   0.3106528E-01   0.6307071E-07
   0.3123981E-01   0.6236395E-07
   0.3141433E-01   0.6169731E-07
   0.3158886E-01   0.6090257E-07
   0.3176338E-01   0.6010406E-07
   0.3193790E-01   0.5930697E-07
   0.3211243E-01   0.5849017E-07
   0.3228695E-01   0.5770091E-07
   0.3246148E-01   0.5684072E-07
   0.3263600E-01   0.5607899E-07
   0.3281052E-01   0.5533858E-07
   0.3298505E-01   0.5460265E-07
   0.3315957E-01   0.5398029E-07
   0.3333410E-01   0.5336878E-07
   0.3350862E-01   0.5286381E-07
   0.3368314E-01   0.5244003E-07
   0.3385767E-01   0.5202760E-07
   0.3403219E-01   0.5172348E-07
   0.3420672E-01   0.5151733E-07
   0.3438124E-01   0.5129603E-07
   0.3455576E-01   0.5119169E-07
   0.3473029E-01   0.5109989E-07
   0.3490481E-01   0.5096584E-07
