   0.00000E+00   0.00000E+00
   0.17452E-03   0.73849E-08
   0.34905E-03  -0.87351E-08
   0.52357E-03   0.16390E-08
   0.69810E-03   0.33047E-08
   0.87262E-03   0.30676E-09
   0.10471E-02   0.96808E-09
   0.12217E-02   0.38242E-08
   0.13962E-02   0.19638E-08
   0.15707E-02   0.61582E-09
   0.17452E-02   0.10506E-08
   0.19198E-02   0.35869E-08
   0.20943E-02   0.40571E-08
   0.22688E-02   0.36618E-08
   0.24433E-02   0.51254E-08
   0.26179E-02   0.66890E-08
   0.27924E-02   0.64303E-08
   0.29669E-02   0.74086E-08
   0.31414E-02   0.87754E-08
   0.33160E-02   0.89440E-08
   0.34905E-02   0.93867E-08
   0.36650E-02   0.99025E-08
   0.38395E-02   0.10063E-07
   0.40141E-02   0.10741E-07
   0.41886E-02   0.11136E-07
   0.43631E-02   0.11703E-07
   0.45376E-02   0.12043E-07
   0.47121E-02   0.12506E-07
   0.48867E-02   0.12953E-07
   0.50612E-02   0.13354E-07
   0.52357E-02   0.13862E-07
   0.54102E-02   0.14138E-07
   0.55848E-02   0.14450E-07
   0.57593E-02   0.14557E-07
   0.59338E-02   0.14949E-07
   0.61083E-02   0.15084E-07
   0.62829E-02   0.15211E-07
   0.64574E-02   0.15261E-07
   0.66319E-02   0.15541E-07
   0.68064E-02   0.15639E-07
   0.69810E-02   0.15844E-07
   0.71555E-02   0.15981E-07
   0.73300E-02   0.16310E-07
   0.75045E-02   0.16470E-07
   0.76791E-02   0.16683E-07
   0.78536E-02   0.16805E-07
   0.80281E-02   0.16768E-07
   0.82026E-02   0.16978E-07
   0.83772E-02   0.16546E-07
   0.85517E-02   0.16199E-07
   0.87262E-02   0.15853E-07
   0.89007E-02   0.15224E-07
   0.90753E-02   0.14746E-07
   0.92498E-02   0.14093E-07
   0.94243E-02   0.13435E-07
   0.95988E-02   0.12871E-07
   0.97733E-02   0.12431E-07
   0.99479E-02   0.12268E-07
   0.10122E-01   0.11737E-07
   0.10297E-01   0.11820E-07
   0.10471E-01   0.11786E-07
   0.10646E-01   0.11720E-07
   0.10820E-01   0.11981E-07
   0.10995E-01   0.11912E-07
   0.11170E-01   0.12337E-07
   0.11344E-01   0.12456E-07
   0.11519E-01   0.12565E-07
   0.11693E-01   0.12671E-07
   0.11868E-01   0.12743E-07
   0.12042E-01   0.12933E-07
   0.12217E-01   0.12717E-07
   0.12391E-01   0.12785E-07
   0.12566E-01   0.12575E-07
   0.12740E-01   0.12387E-07
   0.12915E-01   0.12396E-07
   0.13089E-01   0.12095E-07
   0.13264E-01   0.12015E-07
   0.13438E-01   0.11648E-07
   0.13613E-01   0.11219E-07
   0.13787E-01   0.10925E-07
   0.13962E-01   0.10528E-07
   0.14136E-01   0.99957E-08
   0.14311E-01   0.97020E-08
   0.14485E-01   0.91940E-08
   0.14660E-01   0.87620E-08
   0.14835E-01   0.85636E-08
   0.15009E-01   0.83878E-08
   0.15184E-01   0.79450E-08
   0.15358E-01   0.80840E-08
   0.15533E-01   0.79079E-08
   0.15707E-01   0.78158E-08
   0.15882E-01   0.79495E-08
   0.16056E-01   0.79430E-08
   0.16231E-01   0.80734E-08
   0.16405E-01   0.81782E-08
   0.16580E-01   0.82257E-08
   0.16754E-01   0.84514E-08
   0.16929E-01   0.84046E-08
   0.17103E-01   0.85269E-08
   0.17278E-01   0.86605E-08
   0.17452E-01   0.88168E-08
   0.17627E-01   0.89276E-08
   0.17801E-01   0.90927E-08
   0.17976E-01   0.92918E-08
   0.18151E-01   0.97033E-08
   0.18325E-01   0.98753E-08
   0.18500E-01   0.10128E-07
   0.18674E-01   0.10430E-07
   0.18849E-01   0.10411E-07
   0.19023E-01   0.10627E-07
   0.19198E-01   0.10699E-07
   0.19372E-01   0.10727E-07
   0.19547E-01   0.10574E-07
   0.19721E-01   0.10444E-07
   0.19896E-01   0.10215E-07
   0.20070E-01   0.10101E-07
   0.20245E-01   0.98167E-08
   0.20419E-01   0.96446E-08
   0.20594E-01   0.94692E-08
   0.20768E-01   0.93652E-08
   0.20943E-01   0.91740E-08
   0.21117E-01   0.90912E-08
   0.21292E-01   0.90553E-08
   0.21466E-01   0.90488E-08
   0.21641E-01   0.90372E-08
   0.21816E-01   0.90201E-08
   0.21990E-01   0.90235E-08
   0.22165E-01   0.91315E-08
   0.22339E-01   0.89399E-08
   0.22514E-01   0.90043E-08
   0.22688E-01   0.90114E-08
   0.22863E-01   0.88035E-08
   0.23037E-01   0.89695E-08
   0.23212E-01   0.88434E-08
   0.23386E-01   0.88829E-08
   0.23561E-01   0.88892E-08
   0.23735E-01   0.89369E-08
   0.23910E-01   0.90495E-08
   0.24084E-01   0.88156E-08
   0.24259E-01   0.89854E-08
   0.24433E-01   0.89439E-08
   0.24608E-01   0.88562E-08
   0.24782E-01   0.87039E-08
   0.24957E-01   0.85160E-08
   0.25131E-01   0.84071E-08
   0.25306E-01   0.81254E-08
   0.25481E-01   0.77066E-08
   0.25655E-01   0.75715E-08
   0.25830E-01   0.71213E-08
   0.26004E-01   0.68399E-08
   0.26179E-01   0.65027E-08
   0.26353E-01   0.62582E-08
   0.26528E-01   0.60778E-08
   0.26702E-01   0.57854E-08
   0.26877E-01   0.55720E-08
   0.27051E-01   0.56580E-08
   0.27226E-01   0.56094E-08
   0.27400E-01   0.54199E-08
   0.27575E-01   0.54809E-08
   0.27749E-01   0.54270E-08
   0.27924E-01   0.54713E-08
   0.28098E-01   0.54446E-08
   0.28273E-01   0.55100E-08
   0.28447E-01   0.56513E-08
   0.28622E-01   0.57187E-08
   0.28796E-01   0.57696E-08
   0.28971E-01   0.59119E-08
   0.29146E-01   0.60002E-08
   0.29320E-01   0.60888E-08
   0.29495E-01   0.61560E-08
   0.29669E-01   0.63349E-08
   0.29844E-01   0.64744E-08
   0.30018E-01   0.65968E-08
   0.30193E-01   0.66597E-08
   0.30367E-01   0.66568E-08
   0.30542E-01   0.68136E-08
   0.30716E-01   0.68968E-08
   0.30891E-01   0.69194E-08
   0.31065E-01   0.70256E-08
   0.31240E-01   0.70362E-08
   0.31414E-01   0.70616E-08
   0.31589E-01   0.71405E-08
   0.31763E-01   0.70521E-08
   0.31938E-01   0.70299E-08
   0.32112E-01   0.69932E-08
   0.32287E-01   0.67967E-08
   0.32461E-01   0.66510E-08
   0.32636E-01   0.65647E-08
   0.32811E-01   0.62890E-08
   0.32985E-01   0.61200E-08
   0.33160E-01   0.59838E-08
   0.33334E-01   0.57994E-08
   0.33509E-01   0.57502E-08
   0.33683E-01   0.56062E-08
   0.33858E-01   0.56381E-08
   0.34032E-01   0.56360E-08
   0.34207E-01   0.56054E-08
   0.34381E-01   0.57191E-08
   0.34556E-01   0.57224E-08
   0.34730E-01   0.58053E-08
   0.34905E-01   0.58752E-08
