        4.80        3.90
NULL
$r$
radial profile
0 0 0
0
   0.1100000E+31  -0.1100000E+31    5
   0.1100000E+31  -0.1100000E+31    5
    0
CURVE
      51
NULL
black_solid
NULL
    0.000000        0.000000    
   0.6980962E-03   0.1167251E-08
   0.1396192E-02   0.3344683E-08
   0.2094289E-02   0.6223252E-08
   0.2792385E-02   0.7185334E-08
   0.3490481E-02   0.1017364E-08
   0.4188578E-02  -0.3782262E-08
   0.4886674E-02   0.6573890E-08
   0.5584770E-02   0.1790234E-07
   0.6282866E-02   0.2826277E-07
   0.6980963E-02   0.3510568E-07
   0.7679059E-02   0.3737521E-07
   0.8377155E-02   0.3751406E-07
   0.9075251E-02   0.3636913E-07
   0.9773348E-02   0.3185863E-07
   0.1047144E-01   0.3373291E-07
   0.1116954E-01   0.3814671E-07
   0.1186764E-01   0.3972338E-07
   0.1256573E-01   0.3875367E-07
   0.1326383E-01   0.3905867E-07
   0.1396193E-01   0.3943666E-07
   0.1466002E-01   0.4191290E-07
   0.1535812E-01   0.4557054E-07
   0.1605621E-01   0.3966121E-07
   0.1675431E-01   0.3503430E-07
   0.1745241E-01   0.3532424E-07
   0.1815050E-01   0.3447632E-07
   0.1884860E-01   0.3243898E-07
   0.1954670E-01   0.3103403E-07
   0.2024479E-01   0.3313279E-07
   0.2094289E-01   0.3387913E-07
   0.2164098E-01   0.3510507E-07
   0.2233908E-01   0.3328108E-07
   0.2303718E-01   0.3026966E-07
   0.2373527E-01   0.2659271E-07
   0.2443337E-01   0.2421465E-07
   0.2513147E-01   0.2108808E-07
   0.2582956E-01   0.2338653E-07
   0.2652766E-01   0.2611967E-07
   0.2722575E-01   0.2505654E-07
   0.2792385E-01   0.2225313E-07
   0.2862195E-01   0.2077588E-07
   0.2932004E-01   0.1932122E-07
   0.3001814E-01   0.1697189E-07
   0.3071623E-01   0.1381508E-07
   0.3141433E-01   0.1196973E-07
   0.3211243E-01   0.1405977E-07
   0.3281052E-01   0.1568504E-07
   0.3350862E-01   0.1548370E-07
   0.3420672E-01   0.1529892E-07
   0.3490481E-01   0.1683918E-07
