        4.80        3.90
NULL
$r$
radial profile
0 0 0
0
   0.1100000E+31  -0.1100000E+31    5
   0.1100000E+31  -0.1100000E+31    5
    0
CURVE
     201
NULL
black_solid
NULL
    0.000000       0.1501054E-05
   0.1745241E-03   0.1494324E-05
   0.3490481E-03   0.1420163E-05
   0.5235722E-03   0.1384986E-05
   0.6980962E-03   0.1340441E-05
   0.8726203E-03   0.1233759E-05
   0.1047144E-02   0.1137346E-05
   0.1221668E-02   0.1059589E-05
   0.1396192E-02   0.9399200E-06
   0.1570717E-02   0.8400181E-06
   0.1745241E-02   0.7414485E-06
   0.1919765E-02   0.6415271E-06
   0.2094289E-02   0.5607007E-06
   0.2268813E-02   0.4743714E-06
   0.2443337E-02   0.4009189E-06
   0.2617861E-02   0.3454001E-06
   0.2792385E-02   0.2873275E-06
   0.2966909E-02   0.2390738E-06
   0.3141433E-02   0.2037576E-06
   0.3315957E-02   0.1680900E-06
   0.3490481E-02   0.1416584E-06
   0.3665005E-02   0.1192656E-06
   0.3839529E-02   0.1002978E-06
   0.4014053E-02   0.8402402E-07
   0.4188578E-02   0.7157538E-07
   0.4363101E-02   0.6114694E-07
   0.4537626E-02   0.5431376E-07
   0.4712150E-02   0.4748332E-07
   0.4886674E-02   0.4314670E-07
   0.5061198E-02   0.4051633E-07
   0.5235722E-02   0.3876092E-07
   0.5410246E-02   0.3707445E-07
   0.5584770E-02   0.3523778E-07
   0.5759294E-02   0.3439695E-07
   0.5933818E-02   0.3158230E-07
   0.6108342E-02   0.2866091E-07
   0.6282866E-02   0.2397829E-07
   0.6457390E-02   0.1942253E-07
   0.6631915E-02   0.1448238E-07
   0.6806438E-02   0.6142684E-08
   0.6980963E-02   0.1119860E-08
   0.7155487E-02  -0.4635503E-08
   0.7330011E-02  -0.1109988E-07
   0.7504535E-02  -0.1607041E-07
   0.7679059E-02  -0.1959904E-07
   0.7853583E-02  -0.2345216E-07
   0.8028107E-02  -0.2485138E-07
   0.8202631E-02  -0.2542213E-07
   0.8377155E-02  -0.2569105E-07
   0.8551680E-02  -0.2589424E-07
   0.8726203E-02  -0.2382766E-07
   0.8900727E-02  -0.2337919E-07
   0.9075251E-02  -0.2116084E-07
   0.9249776E-02  -0.2078537E-07
   0.9424300E-02  -0.1898966E-07
   0.9598823E-02  -0.1902751E-07
   0.9773348E-02  -0.1967121E-07
   0.9947872E-02  -0.1901233E-07
   0.1012240E-01  -0.1979353E-07
   0.1029692E-01  -0.1945207E-07
   0.1047144E-01  -0.1976807E-07
   0.1064597E-01  -0.2091536E-07
   0.1082049E-01  -0.1967805E-07
   0.1099502E-01  -0.2068484E-07
   0.1116954E-01  -0.1923416E-07
   0.1134406E-01  -0.1893172E-07
   0.1151859E-01  -0.1843392E-07
   0.1169311E-01  -0.1816780E-07
   0.1186764E-01  -0.1821626E-07
   0.1204216E-01  -0.1747754E-07
   0.1221668E-01  -0.1883223E-07
   0.1239121E-01  -0.1996596E-07
   0.1256573E-01  -0.2016724E-07
   0.1274026E-01  -0.2265069E-07
   0.1291478E-01  -0.2559352E-07
   0.1308930E-01  -0.2726918E-07
   0.1326383E-01  -0.3009434E-07
   0.1343835E-01  -0.3382672E-07
   0.1361288E-01  -0.3593767E-07
   0.1378740E-01  -0.3776136E-07
   0.1396193E-01  -0.4251213E-07
   0.1413645E-01  -0.4374211E-07
   0.1431097E-01  -0.4502730E-07
   0.1448550E-01  -0.4737480E-07
   0.1466002E-01  -0.4800129E-07
   0.1483455E-01  -0.4771569E-07
   0.1500907E-01  -0.4847612E-07
   0.1518359E-01  -0.4751306E-07
   0.1535812E-01  -0.4701005E-07
   0.1553264E-01  -0.4612525E-07
   0.1570717E-01  -0.4465107E-07
   0.1588169E-01  -0.4343878E-07
   0.1605621E-01  -0.4036676E-07
   0.1623074E-01  -0.3879572E-07
   0.1640526E-01  -0.3525172E-07
   0.1657979E-01  -0.3339771E-07
   0.1675431E-01  -0.2971877E-07
   0.1692883E-01  -0.2510641E-07
   0.1710336E-01  -0.2163278E-07
   0.1727788E-01  -0.1609892E-07
   0.1745241E-01  -0.1199751E-07
   0.1762693E-01  -0.7279911E-08
   0.1780145E-01  -0.2288146E-08
   0.1797598E-01   0.1947757E-08
   0.1815050E-01   0.6777069E-08
   0.1832503E-01   0.1060191E-07
   0.1849955E-01   0.1440841E-07
   0.1867408E-01   0.1757982E-07
   0.1884860E-01   0.2047845E-07
   0.1902312E-01   0.2232169E-07
   0.1919765E-01   0.2421121E-07
   0.1937217E-01   0.2604044E-07
   0.1954670E-01   0.2692755E-07
   0.1972122E-01   0.2743922E-07
   0.1989574E-01   0.2842724E-07
   0.2007027E-01   0.2910288E-07
   0.2024479E-01   0.2798479E-07
   0.2041932E-01   0.2892156E-07
   0.2059384E-01   0.2803494E-07
   0.2076836E-01   0.2587413E-07
   0.2094289E-01   0.2504838E-07
   0.2111741E-01   0.2382835E-07
   0.2129194E-01   0.2091168E-07
   0.2146646E-01   0.1830512E-07
   0.2164098E-01   0.1626510E-07
   0.2181551E-01   0.1228843E-07
   0.2199003E-01   0.9769375E-08
   0.2216456E-01   0.6636137E-08
   0.2233908E-01   0.3336390E-08
   0.2251360E-01   0.6257129E-09
   0.2268813E-01  -0.1867221E-08
   0.2286265E-01  -0.4297269E-08
   0.2303718E-01  -0.6149524E-08
   0.2321170E-01  -0.7131224E-08
   0.2338623E-01  -0.8078858E-08
   0.2356075E-01  -0.9167420E-08
   0.2373527E-01  -0.9313048E-08
   0.2390980E-01  -0.9208167E-08
   0.2408432E-01  -0.9704841E-08
   0.2425884E-01  -0.9755048E-08
   0.2443337E-01  -0.1024561E-07
   0.2460789E-01  -0.1019175E-07
   0.2478242E-01  -0.1007892E-07
   0.2495694E-01  -0.1026809E-07
   0.2513147E-01  -0.1006708E-07
   0.2530599E-01  -0.9509113E-08
   0.2548051E-01  -0.8750541E-08
   0.2565504E-01  -0.9065346E-08
   0.2582956E-01  -0.7710002E-08
   0.2600409E-01  -0.6588001E-08
   0.2617861E-01  -0.6712258E-08
   0.2635313E-01  -0.4984475E-08
   0.2652766E-01  -0.4166453E-08
   0.2670218E-01  -0.4104353E-08
   0.2687671E-01  -0.3547123E-08
   0.2705123E-01  -0.4272629E-08
   0.2722575E-01  -0.3861102E-08
   0.2740028E-01  -0.5277586E-08
   0.2757480E-01  -0.5364158E-08
   0.2774933E-01  -0.6365880E-08
   0.2792385E-01  -0.7039335E-08
   0.2809837E-01  -0.7219734E-08
   0.2827290E-01  -0.8199222E-08
   0.2844742E-01  -0.7432652E-08
   0.2862195E-01  -0.7802737E-08
   0.2879647E-01  -0.7181924E-08
   0.2897099E-01  -0.6370084E-08
   0.2914552E-01  -0.5759111E-08
   0.2932004E-01  -0.4356294E-08
   0.2949457E-01  -0.4895044E-08
   0.2966909E-01  -0.3120680E-08
   0.2984362E-01  -0.2988267E-08
   0.3001814E-01  -0.3666847E-08
   0.3019266E-01  -0.3685492E-08
   0.3036719E-01  -0.4660845E-08
   0.3054171E-01  -0.5503765E-08
   0.3071623E-01  -0.7322618E-08
   0.3089076E-01  -0.8836072E-08
   0.3106528E-01  -0.1066630E-07
   0.3123981E-01  -0.1336308E-07
   0.3141433E-01  -0.1500511E-07
   0.3158886E-01  -0.1714677E-07
   0.3176338E-01  -0.1858860E-07
   0.3193790E-01  -0.2016376E-07
   0.3211243E-01  -0.2138733E-07
   0.3228695E-01  -0.2143041E-07
   0.3246148E-01  -0.2234035E-07
   0.3263600E-01  -0.2288511E-07
   0.3281052E-01  -0.2256482E-07
   0.3298505E-01  -0.2192802E-07
   0.3315957E-01  -0.2158536E-07
   0.3333410E-01  -0.2154840E-07
   0.3350862E-01  -0.2036587E-07
   0.3368314E-01  -0.2017928E-07
   0.3385767E-01  -0.2018433E-07
   0.3403219E-01  -0.1933583E-07
   0.3420672E-01  -0.1942596E-07
   0.3438124E-01  -0.1949495E-07
   0.3455576E-01  -0.1914840E-07
   0.3473029E-01  -0.1917902E-07
   0.3490481E-01  -0.1877477E-07
