        4.80        3.90
NULL
$r$
radial profile
0 0 0
0
   0.1100000E+31  -0.1100000E+31    5
   0.1100000E+31  -0.1100000E+31    5
    0
CURVE
      71
NULL
black_solid
NULL
    0.000000        50181.95    
   0.4986402E-03    47300.12    
   0.9972804E-03    42193.82    
   0.1495921E-02    38059.86    
   0.1994561E-02    35987.72    
   0.2493201E-02    34829.55    
   0.2991841E-02    33797.16    
   0.3490481E-02    33257.21    
   0.3989121E-02    33094.93    
   0.4487762E-02    33134.12    
   0.4986402E-02    33144.96    
   0.5485042E-02    33260.12    
   0.5983682E-02    33304.28    
   0.6482322E-02    33308.28    
   0.6980963E-02    33238.38    
   0.7479603E-02    33177.39    
   0.7978243E-02    33036.04    
   0.8476883E-02    32961.01    
   0.8975524E-02    32889.42    
   0.9474164E-02    32830.66    
   0.9972803E-02    32821.67    
   0.1047144E-01    32835.96    
   0.1097008E-01    32843.23    
   0.1146872E-01    32864.05    
   0.1196736E-01    32845.43    
   0.1246601E-01    32809.71    
   0.1296464E-01    32784.09    
   0.1346328E-01    32752.13    
   0.1396193E-01    32748.47    
   0.1446057E-01    32764.03    
   0.1495921E-01    32737.67    
   0.1545785E-01    32703.84    
   0.1595649E-01    32699.64    
   0.1645513E-01    32719.27    
   0.1695377E-01    32695.57    
   0.1745241E-01    32683.12    
   0.1795105E-01    32666.27    
   0.1844969E-01    32641.89    
   0.1894833E-01    32640.50    
   0.1944697E-01    32621.16    
   0.1994561E-01    32624.66    
   0.2044425E-01    32620.80    
   0.2094289E-01    32599.51    
   0.2144153E-01    32583.96    
   0.2194017E-01    32583.54    
   0.2243881E-01    32566.39    
   0.2293745E-01    32543.21    
   0.2343609E-01    32516.56    
   0.2393473E-01    32489.37    
   0.2443337E-01    32507.38    
   0.2493201E-01    32548.82    
   0.2543065E-01    32536.01    
   0.2592929E-01    32515.27    
   0.2642793E-01    32490.85    
   0.2692657E-01    32457.39    
   0.2742521E-01    32437.00    
   0.2792385E-01    32426.21    
   0.2842249E-01    32434.45    
   0.2892113E-01    32441.79    
   0.2941977E-01    32453.05    
   0.2991841E-01    32467.45    
   0.3041705E-01    32486.03    
   0.3091569E-01    32463.92    
   0.3141433E-01    32432.11    
   0.3191297E-01    32401.60    
   0.3241161E-01    32415.79    
   0.3291025E-01    32436.88    
   0.3340889E-01    32446.01    
   0.3390753E-01    32461.26    
   0.3440617E-01    32491.51    
   0.3490481E-01    32477.55    
