        4.80        3.90
NULL
$r$
radial profile
0 0 0
0
   0.1100000E+31  -0.1100000E+31    5
   0.1100000E+31  -0.1100000E+31    5
    0
CURVE
     201
NULL
black_solid
NULL
    0.000000        0.000000    
   0.1745241E-03   0.7610785E-08
   0.3490481E-03  -0.8974051E-08
   0.5235722E-03   0.1623631E-08
   0.6980962E-03   0.3521179E-08
   0.8726203E-03   0.7387846E-10
   0.1047144E-02   0.1152796E-08
   0.1221668E-02   0.3742746E-08
   0.1396192E-02   0.1322458E-08
   0.1570717E-02   0.6685486E-10
   0.1745241E-02   0.3457565E-09
   0.1919765E-02   0.2458735E-08
   0.2094289E-02   0.2828175E-08
   0.2268813E-02   0.2276492E-08
   0.2443337E-02   0.3638954E-08
   0.2617861E-02   0.5269037E-08
   0.2792385E-02   0.4810691E-08
   0.2966909E-02   0.6092575E-08
   0.3141433E-02   0.7631841E-08
   0.3315957E-02   0.7842409E-08
   0.3490481E-02   0.8799403E-08
   0.3665005E-02   0.9453022E-08
   0.3839529E-02   0.9948380E-08
   0.4014053E-02   0.1086138E-07
   0.4188578E-02   0.1135511E-07
   0.4363101E-02   0.1186752E-07
   0.4537626E-02   0.1239114E-07
   0.4712150E-02   0.1275928E-07
   0.4886674E-02   0.1305250E-07
   0.5061198E-02   0.1337487E-07
   0.5235722E-02   0.1363486E-07
   0.5410246E-02   0.1369368E-07
   0.5584770E-02   0.1380601E-07
   0.5759294E-02   0.1374064E-07
   0.5933818E-02   0.1379580E-07
   0.6108342E-02   0.1384916E-07
   0.6282866E-02   0.1374306E-07
   0.6457390E-02   0.1362203E-07
   0.6631915E-02   0.1378663E-07
   0.6806438E-02   0.1376854E-07
   0.6980963E-02   0.1380627E-07
   0.7155487E-02   0.1399066E-07
   0.7330011E-02   0.1409856E-07
   0.7504535E-02   0.1418282E-07
   0.7679059E-02   0.1426436E-07
   0.7853583E-02   0.1433444E-07
   0.8028107E-02   0.1430831E-07
   0.8202631E-02   0.1438924E-07
   0.8377155E-02   0.1414469E-07
   0.8551680E-02   0.1381088E-07
   0.8726203E-02   0.1365810E-07
   0.8900727E-02   0.1330470E-07
   0.9075251E-02   0.1278010E-07
   0.9249776E-02   0.1240678E-07
   0.9424300E-02   0.1197280E-07
   0.9598823E-02   0.1150647E-07
   0.9773348E-02   0.1110827E-07
   0.9947872E-02   0.1102737E-07
   0.1012240E-01   0.1071951E-07
   0.1029692E-01   0.1071549E-07
   0.1047144E-01   0.1071912E-07
   0.1064597E-01   0.1076011E-07
   0.1082049E-01   0.1092206E-07
   0.1099502E-01   0.1103786E-07
   0.1116954E-01   0.1142685E-07
   0.1134406E-01   0.1164017E-07
   0.1151859E-01   0.1189630E-07
   0.1169311E-01   0.1219661E-07
   0.1186764E-01   0.1243219E-07
   0.1204216E-01   0.1261550E-07
   0.1221668E-01   0.1276496E-07
   0.1239121E-01   0.1287339E-07
   0.1256573E-01   0.1287673E-07
   0.1274026E-01   0.1287045E-07
   0.1291478E-01   0.1275327E-07
   0.1308930E-01   0.1263444E-07
   0.1326383E-01   0.1245995E-07
   0.1343835E-01   0.1204124E-07
   0.1361288E-01   0.1150299E-07
   0.1378740E-01   0.1107936E-07
   0.1396193E-01   0.1050881E-07
   0.1413645E-01   0.9811478E-08
   0.1431097E-01   0.9291922E-08
   0.1448550E-01   0.8617415E-08
   0.1466002E-01   0.7985869E-08
   0.1483455E-01   0.7523948E-08
   0.1500907E-01   0.7112881E-08
   0.1518359E-01   0.6524465E-08
   0.1535812E-01   0.6482611E-08
   0.1553264E-01   0.6205736E-08
   0.1570717E-01   0.5968644E-08
   0.1588169E-01   0.6100859E-08
   0.1605621E-01   0.6061964E-08
   0.1623074E-01   0.6253957E-08
   0.1640526E-01   0.6325273E-08
   0.1657979E-01   0.6519204E-08
   0.1675431E-01   0.6833297E-08
   0.1692883E-01   0.6934354E-08
   0.1710336E-01   0.7239015E-08
   0.1727788E-01   0.7554825E-08
   0.1745241E-01   0.7911577E-08
   0.1762693E-01   0.8102379E-08
   0.1780145E-01   0.8433706E-08
   0.1797598E-01   0.8761167E-08
   0.1815050E-01   0.9148180E-08
   0.1832503E-01   0.9410707E-08
   0.1849955E-01   0.9767510E-08
   0.1867408E-01   0.1015273E-07
   0.1884860E-01   0.1037436E-07
   0.1902312E-01   0.1062338E-07
   0.1919765E-01   0.1087794E-07
   0.1937217E-01   0.1105345E-07
   0.1954670E-01   0.1106164E-07
   0.1972122E-01   0.1111836E-07
   0.1989574E-01   0.1103955E-07
   0.2007027E-01   0.1103275E-07
   0.2024479E-01   0.1088805E-07
   0.2041932E-01   0.1076394E-07
   0.2059384E-01   0.1057630E-07
   0.2076836E-01   0.1032791E-07
   0.2094289E-01   0.1014450E-07
   0.2111741E-01   0.9942099E-08
   0.2129194E-01   0.9652667E-08
   0.2146646E-01   0.9450064E-08
   0.2164098E-01   0.9256065E-08
   0.2181551E-01   0.9022390E-08
   0.2199003E-01   0.8799804E-08
   0.2216456E-01   0.8658247E-08
   0.2233908E-01   0.8414075E-08
   0.2251360E-01   0.8285872E-08
   0.2268813E-01   0.8185032E-08
   0.2286265E-01   0.7951023E-08
   0.2303718E-01   0.7902383E-08
   0.2321170E-01   0.7769767E-08
   0.2338623E-01   0.7687190E-08
   0.2356075E-01   0.7587349E-08
   0.2373527E-01   0.7544987E-08
   0.2390980E-01   0.7497028E-08
   0.2408432E-01   0.7328981E-08
   0.2425884E-01   0.7301943E-08
   0.2443337E-01   0.7246975E-08
   0.2460789E-01   0.7140819E-08
   0.2478242E-01   0.7045100E-08
   0.2495694E-01   0.6979612E-08
   0.2513147E-01   0.6930994E-08
   0.2530599E-01   0.6827087E-08
   0.2548051E-01   0.6785210E-08
   0.2565504E-01   0.6810618E-08
   0.2582956E-01   0.6796534E-08
   0.2600409E-01   0.6873411E-08
   0.2617861E-01   0.6922267E-08
   0.2635313E-01   0.7022285E-08
   0.2652766E-01   0.7169566E-08
   0.2670218E-01   0.7297532E-08
   0.2687671E-01   0.7381595E-08
   0.2705123E-01   0.7565773E-08
   0.2722575E-01   0.7753302E-08
   0.2740028E-01   0.7704235E-08
   0.2757480E-01   0.7887127E-08
   0.2774933E-01   0.7851644E-08
   0.2792385E-01   0.7800691E-08
   0.2809837E-01   0.7767707E-08
   0.2827290E-01   0.7675202E-08
   0.2844742E-01   0.7619489E-08
   0.2862195E-01   0.7449191E-08
   0.2879647E-01   0.7373918E-08
   0.2897099E-01   0.7296050E-08
   0.2914552E-01   0.7145102E-08
   0.2932004E-01   0.7090461E-08
   0.2949457E-01   0.6958842E-08
   0.2966909E-01   0.6951154E-08
   0.2984362E-01   0.6927320E-08
   0.3001814E-01   0.6900100E-08
   0.3019266E-01   0.6932940E-08
   0.3036719E-01   0.6903540E-08
   0.3054171E-01   0.6943778E-08
   0.3071623E-01   0.7039458E-08
   0.3089076E-01   0.7015120E-08
   0.3106528E-01   0.7099767E-08
   0.3123981E-01   0.7154003E-08
   0.3141433E-01   0.7239374E-08
   0.3158886E-01   0.7376432E-08
   0.3176338E-01   0.7420634E-08
   0.3193790E-01   0.7450592E-08
   0.3211243E-01   0.7522262E-08
   0.3228695E-01   0.7497173E-08
   0.3246148E-01   0.7457420E-08
   0.3263600E-01   0.7377886E-08
   0.3281052E-01   0.7246796E-08
   0.3298505E-01   0.7128939E-08
   0.3315957E-01   0.6902038E-08
   0.3333410E-01   0.6787463E-08
   0.3350862E-01   0.6544114E-08
   0.3368314E-01   0.6364762E-08
   0.3385767E-01   0.6223404E-08
   0.3403219E-01   0.6060529E-08
   0.3420672E-01   0.5974251E-08
   0.3438124E-01   0.5908674E-08
   0.3455576E-01   0.5905544E-08
   0.3473029E-01   0.6006685E-08
   0.3490481E-01   0.6132120E-08
