        4.80        3.90
NULL
$r$
radial profile
0 0 0
0
   0.1100000E+31  -0.1100000E+31    5
   0.1100000E+31  -0.1100000E+31    5
    0
CURVE
      71
NULL
black_solid
NULL
    0.000000        0.000000    
   0.4986402E-03   0.3202072E-10
   0.9972804E-03   0.1041008E-07
   0.1495921E-02   0.2056088E-08
   0.1994561E-02  -0.1218471E-07
   0.2493201E-02  -0.1697456E-08
   0.2991841E-02   0.1338826E-08
   0.3490481E-02   0.2351636E-08
   0.3989121E-02   0.6381175E-08
   0.4487762E-02   0.3331413E-08
   0.4986402E-02  -0.7076173E-08
   0.5485042E-02  -0.4219658E-08
   0.5983682E-02  -0.2834325E-08
   0.6482322E-02  -0.1248145E-08
   0.6980963E-02   0.1277588E-08
   0.7479603E-02   0.3751151E-08
   0.7978243E-02   0.5392146E-08
   0.8476883E-02   0.7873144E-08
   0.8975524E-02   0.5447851E-08
   0.9474164E-02  -0.3098364E-08
   0.9972803E-02  -0.9471385E-08
   0.1047144E-01  -0.1569735E-07
   0.1097008E-01  -0.1868002E-07
   0.1146872E-01  -0.2186741E-07
   0.1196736E-01  -0.1476388E-07
   0.1246601E-01  -0.6390590E-08
   0.1296464E-01  -0.6007298E-08
   0.1346328E-01  -0.8871528E-08
   0.1396193E-01  -0.5262663E-08
   0.1446057E-01  -0.2946217E-08
   0.1495921E-01  -0.2804279E-08
   0.1545785E-01  -0.4302674E-08
   0.1595649E-01  -0.1310159E-07
   0.1645513E-01  -0.1140538E-07
   0.1695377E-01  -0.5200320E-08
   0.1745241E-01  -0.2383955E-08
   0.1795105E-01  -0.3600825E-08
   0.1844969E-01  -0.5889214E-08
   0.1894833E-01  -0.3662872E-08
   0.1944697E-01  -0.5471525E-08
   0.1994561E-01  -0.5853958E-08
   0.2044425E-01  -0.1572183E-08
   0.2094289E-01   0.4338300E-08
   0.2144153E-01   0.9154804E-08
   0.2194017E-01   0.2707314E-08
   0.2243881E-01  -0.2778536E-08
   0.2293745E-01  -0.4215814E-08
   0.2343609E-01  -0.8320225E-08
   0.2393473E-01  -0.7648929E-08
   0.2443337E-01  -0.2251577E-08
   0.2493201E-01  -0.1161503E-09
   0.2543065E-01   0.1246102E-08
   0.2592929E-01   0.5605297E-08
   0.2642793E-01   0.7751154E-08
   0.2692657E-01   0.5713979E-08
   0.2742521E-01   0.4634952E-08
   0.2792385E-01   0.3631467E-08
   0.2842249E-01   0.5328870E-08
   0.2892113E-01   0.4049573E-08
   0.2941977E-01   0.5839365E-09
   0.2991841E-01   0.1756695E-08
   0.3041705E-01   0.5226827E-08
   0.3091569E-01   0.2247965E-08
   0.3141433E-01   0.3218678E-08
   0.3191297E-01   0.5859976E-08
   0.3241161E-01   0.5709146E-08
   0.3291025E-01   0.4281816E-08
   0.3340889E-01   0.2097708E-08
   0.3390753E-01   0.5422005E-11
   0.3440617E-01  -0.2661991E-08
   0.3490481E-01  -0.6181919E-08
