        4.80        3.90
NULL
$r$
radial profile
0 0 0
0
   0.1100000E+31  -0.1100000E+31    5
   0.1100000E+31  -0.1100000E+31    5
    0
CURVE
     201
NULL
black_solid
NULL
    0.000000        0.000000    
   0.1745241E-03   0.3705625E-07
   0.3490481E-03  -0.6348929E-07
   0.5235722E-03   0.8062609E-08
   0.6980962E-03   0.3162817E-07
   0.8726203E-03  -0.5496550E-08
   0.1047144E-02   0.1173121E-07
   0.1221668E-02   0.3331245E-07
   0.1396192E-02   0.1015336E-08
   0.1570717E-02   0.2034912E-08
   0.1745241E-02  -0.2172753E-08
   0.1919765E-02   0.7682968E-08
   0.2094289E-02   0.1374163E-07
   0.2268813E-02   0.2802387E-08
   0.2443337E-02   0.1347507E-07
   0.2617861E-02   0.2671526E-07
   0.2792385E-02   0.1296649E-07
   0.2966909E-02   0.2191667E-07
   0.3141433E-02   0.2944048E-07
   0.3315957E-02   0.2215402E-07
   0.3490481E-02   0.2506347E-07
   0.3665005E-02   0.2729272E-07
   0.3839529E-02   0.2336092E-07
   0.4014053E-02   0.2652488E-07
   0.4188578E-02   0.2581523E-07
   0.4363101E-02   0.2376422E-07
   0.4537626E-02   0.2522525E-07
   0.4712150E-02   0.2632978E-07
   0.4886674E-02   0.2823231E-07
   0.5061198E-02   0.2884706E-07
   0.5235722E-02   0.3134772E-07
   0.5410246E-02   0.3340884E-07
   0.5584770E-02   0.3500753E-07
   0.5759294E-02   0.3688991E-07
   0.5933818E-02   0.3824537E-07
   0.6108342E-02   0.3937441E-07
   0.6282866E-02   0.4049935E-07
   0.6457390E-02   0.3928666E-07
   0.6631915E-02   0.3772967E-07
   0.6806438E-02   0.3579317E-07
   0.6980963E-02   0.3372601E-07
   0.7155487E-02   0.3180397E-07
   0.7330011E-02   0.2840089E-07
   0.7504535E-02   0.2668462E-07
   0.7679059E-02   0.2346333E-07
   0.7853583E-02   0.2119957E-07
   0.8028107E-02   0.1934894E-07
   0.8202631E-02   0.1665461E-07
   0.8377155E-02   0.1485469E-07
   0.8551680E-02   0.1300417E-07
   0.8726203E-02   0.1126622E-07
   0.8900727E-02   0.1020167E-07
   0.9075251E-02   0.8022421E-08
   0.9249776E-02   0.6590310E-08
   0.9424300E-02   0.4512408E-08
   0.9598823E-02   0.2684421E-08
   0.9773348E-02  -0.1920419E-09
   0.9947872E-02  -0.2419530E-08
   0.1012240E-01  -0.3108993E-08
   0.1029692E-01  -0.6454937E-08
   0.1047144E-01  -0.7144895E-08
   0.1064597E-01  -0.8020348E-08
   0.1082049E-01  -0.8431131E-08
   0.1099502E-01  -0.8702128E-08
   0.1116954E-01  -0.9082830E-08
   0.1134406E-01  -0.7685277E-08
   0.1151859E-01  -0.6023553E-08
   0.1169311E-01  -0.4995208E-08
   0.1186764E-01  -0.3435466E-08
   0.1204216E-01  -0.3038279E-09
   0.1221668E-01   0.8825008E-09
   0.1239121E-01   0.3293556E-08
   0.1256573E-01   0.5843847E-08
   0.1274026E-01   0.7075342E-08
   0.1291478E-01   0.9623504E-08
   0.1308930E-01   0.1113522E-07
   0.1326383E-01   0.1301748E-07
   0.1343835E-01   0.1524508E-07
   0.1361288E-01   0.1605220E-07
   0.1378740E-01   0.1739028E-07
   0.1396193E-01   0.1808442E-07
   0.1413645E-01   0.1810406E-07
   0.1431097E-01   0.1864492E-07
   0.1448550E-01   0.1823175E-07
   0.1466002E-01   0.1777226E-07
   0.1483455E-01   0.1722448E-07
   0.1500907E-01   0.1729279E-07
   0.1518359E-01   0.1595104E-07
   0.1535812E-01   0.1614240E-07
   0.1553264E-01   0.1618042E-07
   0.1570717E-01   0.1631351E-07
   0.1588169E-01   0.1748496E-07
   0.1605621E-01   0.1829481E-07
   0.1623074E-01   0.1954807E-07
   0.1640526E-01   0.2116225E-07
   0.1657979E-01   0.2262326E-07
   0.1675431E-01   0.2410323E-07
   0.1692883E-01   0.2589583E-07
   0.1710336E-01   0.2654195E-07
   0.1727788E-01   0.2751431E-07
   0.1745241E-01   0.2841610E-07
   0.1762693E-01   0.2906165E-07
   0.1780145E-01   0.2902335E-07
   0.1797598E-01   0.2893767E-07
   0.1815050E-01   0.2881971E-07
   0.1832503E-01   0.2797020E-07
   0.1849955E-01   0.2734148E-07
   0.1867408E-01   0.2689827E-07
   0.1884860E-01   0.2668442E-07
   0.1902312E-01   0.2584126E-07
   0.1919765E-01   0.2471710E-07
   0.1937217E-01   0.2427466E-07
   0.1954670E-01   0.2361073E-07
   0.1972122E-01   0.2178600E-07
   0.1989574E-01   0.2118193E-07
   0.2007027E-01   0.2008731E-07
   0.2024479E-01   0.1889667E-07
   0.2041932E-01   0.1691474E-07
   0.2059384E-01   0.1591722E-07
   0.2076836E-01   0.1476006E-07
   0.2094289E-01   0.1294140E-07
   0.2111741E-01   0.1136400E-07
   0.2129194E-01   0.1033115E-07
   0.2146646E-01   0.8900971E-08
   0.2164098E-01   0.7775568E-08
   0.2181551E-01   0.6665635E-08
   0.2199003E-01   0.4944562E-08
   0.2216456E-01   0.3944176E-08
   0.2233908E-01   0.2006636E-08
   0.2251360E-01   0.9373918E-10
   0.2268813E-01  -0.1898486E-08
   0.2286265E-01  -0.3967792E-08
   0.2303718E-01  -0.5898573E-08
   0.2321170E-01  -0.8005623E-08
   0.2338623E-01  -0.9975293E-08
   0.2356075E-01  -0.1105553E-07
   0.2373527E-01  -0.1348852E-07
   0.2390980E-01  -0.1485884E-07
   0.2408432E-01  -0.1557726E-07
   0.2425884E-01  -0.1731894E-07
   0.2443337E-01  -0.1816803E-07
   0.2460789E-01  -0.1847119E-07
   0.2478242E-01  -0.1921372E-07
   0.2495694E-01  -0.1984994E-07
   0.2513147E-01  -0.1978603E-07
   0.2530599E-01  -0.1913842E-07
   0.2548051E-01  -0.1897804E-07
   0.2565504E-01  -0.1782820E-07
   0.2582956E-01  -0.1629791E-07
   0.2600409E-01  -0.1527931E-07
   0.2617861E-01  -0.1359411E-07
   0.2635313E-01  -0.1183324E-07
   0.2652766E-01  -0.9938138E-08
   0.2670218E-01  -0.8226836E-08
   0.2687671E-01  -0.6518201E-08
   0.2705123E-01  -0.4917643E-08
   0.2722575E-01  -0.3786654E-08
   0.2740028E-01  -0.2414737E-08
   0.2757480E-01  -0.1848422E-08
   0.2774933E-01  -0.1385170E-08
   0.2792385E-01  -0.5060701E-09
   0.2809837E-01  -0.4574503E-09
   0.2827290E-01   0.1162180E-09
   0.2844742E-01   0.4094414E-10
   0.2862195E-01   0.8622206E-09
   0.2879647E-01   0.9113612E-09
   0.2897099E-01  -0.1059801E-09
   0.2914552E-01   0.7087788E-09
   0.2932004E-01   0.2930633E-09
   0.2949457E-01  -0.1518030E-09
   0.2966909E-01  -0.3397763E-09
   0.2984362E-01  -0.9525543E-09
   0.3001814E-01  -0.1973608E-08
   0.3019266E-01  -0.1989384E-08
   0.3036719E-01  -0.2418106E-08
   0.3054171E-01  -0.2776639E-08
   0.3071623E-01  -0.2270671E-08
   0.3089076E-01  -0.2079684E-08
   0.3106528E-01  -0.1666502E-08
   0.3123981E-01   0.9038229E-10
   0.3141433E-01   0.7799909E-09
   0.3158886E-01   0.1645092E-08
   0.3176338E-01   0.3386313E-08
   0.3193790E-01   0.4279478E-08
   0.3211243E-01   0.4974710E-08
   0.3228695E-01   0.6049071E-08
   0.3246148E-01   0.6512413E-08
   0.3263600E-01   0.6779531E-08
   0.3281052E-01   0.6327663E-08
   0.3298505E-01   0.6375401E-08
   0.3315957E-01   0.5909375E-08
   0.3333410E-01   0.5437085E-08
   0.3350862E-01   0.5005881E-08
   0.3368314E-01   0.4901298E-08
   0.3385767E-01   0.4283689E-08
   0.3403219E-01   0.3502614E-08
   0.3420672E-01   0.3600077E-08
   0.3438124E-01   0.3131249E-08
   0.3455576E-01   0.1786161E-08
   0.3473029E-01   0.1051654E-08
   0.3490481E-01  -0.2806956E-10
