        4.80        3.90
NULL
$r$
radial profile
0 0 0
0
   0.1100000E+31  -0.1100000E+31    5
   0.1100000E+31  -0.1100000E+31    5
    0
CURVE
      71
NULL
black_solid
NULL
    0.000000        0.000000    
   0.4986402E-03  -0.1798716E-08
   0.9972804E-03  -0.1293854E-09
   0.1495921E-02   0.6515823E-08
   0.1994561E-02   0.7283210E-08
   0.2493201E-02   0.7030714E-08
   0.2991841E-02   0.5361527E-10
   0.3490481E-02  -0.1523751E-08
   0.3989121E-02  -0.7821595E-08
   0.4487762E-02  -0.6909033E-08
   0.4986402E-02  -0.1469802E-07
   0.5485042E-02  -0.1522611E-07
   0.5983682E-02  -0.7466203E-08
   0.6482322E-02   0.1607795E-09
   0.6980963E-02   0.8453439E-08
   0.7479603E-02   0.8774012E-08
   0.7978243E-02  -0.1944589E-08
   0.8476883E-02  -0.6981659E-08
   0.8975524E-02  -0.1294334E-07
   0.9474164E-02  -0.1425172E-07
   0.9972803E-02  -0.7581328E-08
   0.1047144E-01  -0.2669293E-08
   0.1097008E-01  -0.1368335E-08
   0.1146872E-01  -0.1973124E-08
   0.1196736E-01  -0.3839641E-08
   0.1246601E-01  -0.3224278E-08
   0.1296464E-01   0.2784989E-08
   0.1346328E-01   0.1623793E-08
   0.1396193E-01   0.2994071E-08
   0.1446057E-01   0.4660413E-08
   0.1495921E-01   0.2743699E-08
   0.1545785E-01   0.2274103E-08
   0.1595649E-01   0.3271836E-08
   0.1645513E-01   0.9858640E-10
   0.1695377E-01   0.2463219E-08
   0.1745241E-01   0.1024896E-07
   0.1795105E-01   0.8945029E-08
   0.1844969E-01   0.5063806E-08
   0.1894833E-01   0.4454435E-08
   0.1944697E-01   0.5085385E-08
   0.1994561E-01   0.2814277E-08
   0.2044425E-01   0.3334980E-08
   0.2094289E-01   0.5128368E-08
   0.2144153E-01   0.1076596E-07
   0.2194017E-01   0.9952966E-08
   0.2243881E-01   0.9541536E-08
   0.2293745E-01   0.6629467E-08
   0.2343609E-01   0.2533362E-08
   0.2393473E-01  -0.4384629E-09
   0.2443337E-01   0.4072265E-09
   0.2493201E-01   0.9384811E-09
   0.2543065E-01  -0.1008424E-08
   0.2592929E-01   0.1363878E-08
   0.2642793E-01   0.3254149E-08
   0.2692657E-01  -0.2266179E-08
   0.2742521E-01  -0.3463504E-08
   0.2792385E-01   0.3183177E-09
   0.2842249E-01   0.1747138E-08
   0.2892113E-01   0.4646195E-08
   0.2941977E-01   0.1765742E-08
   0.2991841E-01  -0.2559238E-08
   0.3041705E-01  -0.5175886E-08
   0.3091569E-01  -0.3807546E-09
   0.3141433E-01   0.4700007E-08
   0.3191297E-01   0.4779717E-08
   0.3241161E-01   0.3529355E-08
   0.3291025E-01   0.3244124E-08
   0.3340889E-01  -0.1950165E-09
   0.3390753E-01   0.1151223E-08
   0.3440617E-01   0.1408402E-08
   0.3490481E-01   0.7932048E-08
