        4.80        3.90
NULL
$r$
radial profile
0 0 0
0
   0.1100000E+31  -0.1100000E+31    5
   0.1100000E+31  -0.1100000E+31    5
    0
CURVE
     201
NULL
black_solid
NULL
    0.000000        0.000000    
   0.1745241E-03   0.4241044E-08
   0.3490481E-03  -0.4902477E-08
   0.5235722E-03   0.9260275E-09
   0.6980962E-03   0.1842388E-08
   0.8726203E-03   0.4102118E-10
   0.1047144E-02   0.7863685E-09
   0.1221668E-02   0.1993617E-08
   0.1396192E-02   0.5336047E-09
   0.1570717E-02  -0.1239014E-09
   0.1745241E-02   0.3524900E-09
   0.1919765E-02   0.1467874E-08
   0.2094289E-02   0.1292702E-08
   0.2268813E-02   0.1096421E-08
   0.2443337E-02   0.2060237E-08
   0.2617861E-02   0.3018907E-08
   0.2792385E-02   0.2543741E-08
   0.2966909E-02   0.3264232E-08
   0.3141433E-02   0.4111354E-08
   0.3315957E-02   0.3926151E-08
   0.3490481E-02   0.4441391E-08
   0.3665005E-02   0.4568922E-08
   0.3839529E-02   0.4502433E-08
   0.4014053E-02   0.4845982E-08
   0.4188578E-02   0.4740211E-08
   0.4363101E-02   0.4954773E-08
   0.4537626E-02   0.4976667E-08
   0.4712150E-02   0.5095465E-08
   0.4886674E-02   0.5266032E-08
   0.5061198E-02   0.5242483E-08
   0.5235722E-02   0.5616952E-08
   0.5410246E-02   0.5768974E-08
   0.5584770E-02   0.5859588E-08
   0.5759294E-02   0.5901240E-08
   0.5933818E-02   0.6162824E-08
   0.6108342E-02   0.6192767E-08
   0.6282866E-02   0.6567252E-08
   0.6457390E-02   0.6287249E-08
   0.6631915E-02   0.5916973E-08
   0.6806438E-02   0.6178705E-08
   0.6980963E-02   0.5811472E-08
   0.7155487E-02   0.5518055E-08
   0.7330011E-02   0.5238642E-08
   0.7504535E-02   0.4908174E-08
   0.7679059E-02   0.4504724E-08
   0.7853583E-02   0.4079585E-08
   0.8028107E-02   0.3886751E-08
   0.8202631E-02   0.3397052E-08
   0.8377155E-02   0.2819168E-08
   0.8551680E-02   0.2324955E-08
   0.8726203E-02   0.1905778E-08
   0.8900727E-02   0.1248592E-08
   0.9075251E-02   0.7616902E-09
   0.9249776E-02   0.1282688E-09
   0.9424300E-02  -0.4010980E-09
   0.9598823E-02  -0.8525652E-09
   0.9773348E-02  -0.1645937E-08
   0.9947872E-02  -0.1792367E-08
   0.1012240E-01  -0.2040407E-08
   0.1029692E-01  -0.2190621E-08
   0.1047144E-01  -0.2095369E-08
   0.1064597E-01  -0.1929690E-08
   0.1082049E-01  -0.1617049E-08
   0.1099502E-01  -0.1249060E-08
   0.1116954E-01  -0.6528901E-09
   0.1134406E-01  -0.1130934E-09
   0.1151859E-01   0.5162221E-09
   0.1169311E-01   0.1178228E-08
   0.1186764E-01   0.1723333E-08
   0.1204216E-01   0.2146325E-08
   0.1221668E-01   0.2537755E-08
   0.1239121E-01   0.2829204E-08
   0.1256573E-01   0.3044016E-08
   0.1274026E-01   0.3084008E-08
   0.1291478E-01   0.2988420E-08
   0.1308930E-01   0.3162591E-08
   0.1326383E-01   0.3138117E-08
   0.1343835E-01   0.2816646E-08
   0.1361288E-01   0.2869484E-08
   0.1378740E-01   0.2965438E-08
   0.1396193E-01   0.2877007E-08
   0.1413645E-01   0.2851759E-08
   0.1431097E-01   0.2910985E-08
   0.1448550E-01   0.3212398E-08
   0.1466002E-01   0.3368689E-08
   0.1483455E-01   0.3556695E-08
   0.1500907E-01   0.4027190E-08
   0.1518359E-01   0.4313127E-08
   0.1535812E-01   0.4923144E-08
   0.1553264E-01   0.5200974E-08
   0.1570717E-01   0.5769400E-08
   0.1588169E-01   0.6720727E-08
   0.1605621E-01   0.6961004E-08
   0.1623074E-01   0.7678192E-08
   0.1640526E-01   0.8322089E-08
   0.1657979E-01   0.8729353E-08
   0.1675431E-01   0.9443630E-08
   0.1692883E-01   0.9900561E-08
   0.1710336E-01   0.1005551E-07
   0.1727788E-01   0.1074104E-07
   0.1745241E-01   0.1082419E-07
   0.1762693E-01   0.1095784E-07
   0.1780145E-01   0.1123526E-07
   0.1797598E-01   0.1140468E-07
   0.1815050E-01   0.1155429E-07
   0.1832503E-01   0.1149823E-07
   0.1849955E-01   0.1174968E-07
   0.1867408E-01   0.1191666E-07
   0.1884860E-01   0.1198324E-07
   0.1902312E-01   0.1219294E-07
   0.1919765E-01   0.1218836E-07
   0.1937217E-01   0.1245547E-07
   0.1954670E-01   0.1236727E-07
   0.1972122E-01   0.1240505E-07
   0.1989574E-01   0.1246511E-07
   0.2007027E-01   0.1229677E-07
   0.2024479E-01   0.1230604E-07
   0.2041932E-01   0.1203628E-07
   0.2059384E-01   0.1169554E-07
   0.2076836E-01   0.1153369E-07
   0.2094289E-01   0.1103008E-07
   0.2111741E-01   0.1063032E-07
   0.2129194E-01   0.1026634E-07
   0.2146646E-01   0.9808546E-08
   0.2164098E-01   0.9278200E-08
   0.2181551E-01   0.8952951E-08
   0.2199003E-01   0.8347538E-08
   0.2216456E-01   0.7851171E-08
   0.2233908E-01   0.7582346E-08
   0.2251360E-01   0.7194192E-08
   0.2268813E-01   0.6758027E-08
   0.2286265E-01   0.6391605E-08
   0.2303718E-01   0.6122747E-08
   0.2321170E-01   0.5759921E-08
   0.2338623E-01   0.5479015E-08
   0.2356075E-01   0.5309544E-08
   0.2373527E-01   0.5161811E-08
   0.2390980E-01   0.4959885E-08
   0.2408432E-01   0.4999984E-08
   0.2425884E-01   0.4865548E-08
   0.2443337E-01   0.4894695E-08
   0.2460789E-01   0.5028412E-08
   0.2478242E-01   0.4877160E-08
   0.2495694E-01   0.4993785E-08
   0.2513147E-01   0.5259408E-08
   0.2530599E-01   0.5390425E-08
   0.2548051E-01   0.5449166E-08
   0.2565504E-01   0.5721433E-08
   0.2582956E-01   0.5919934E-08
   0.2600409E-01   0.6096498E-08
   0.2617861E-01   0.6295085E-08
   0.2635313E-01   0.6568092E-08
   0.2652766E-01   0.6909077E-08
   0.2670218E-01   0.7093448E-08
   0.2687671E-01   0.7377201E-08
   0.2705123E-01   0.7621944E-08
   0.2722575E-01   0.7925480E-08
   0.2740028E-01   0.7959454E-08
   0.2757480E-01   0.8080312E-08
   0.2774933E-01   0.8147942E-08
   0.2792385E-01   0.8151275E-08
   0.2809837E-01   0.8126408E-08
   0.2827290E-01   0.8026007E-08
   0.2844742E-01   0.7966795E-08
   0.2862195E-01   0.7785459E-08
   0.2879647E-01   0.7676606E-08
   0.2897099E-01   0.7602474E-08
   0.2914552E-01   0.7414527E-08
   0.2932004E-01   0.7237106E-08
   0.2949457E-01   0.7195446E-08
   0.2966909E-01   0.7084863E-08
   0.2984362E-01   0.6851501E-08
   0.3001814E-01   0.6573309E-08
   0.3019266E-01   0.6438043E-08
   0.3036719E-01   0.6016086E-08
   0.3054171E-01   0.5630505E-08
   0.3071623E-01   0.5310436E-08
   0.3089076E-01   0.4822040E-08
   0.3106528E-01   0.4466065E-08
   0.3123981E-01   0.3896188E-08
   0.3141433E-01   0.3547449E-08
   0.3158886E-01   0.3267907E-08
   0.3176338E-01   0.2947297E-08
   0.3193790E-01   0.2757045E-08
   0.3211243E-01   0.2600191E-08
   0.3228695E-01   0.2576872E-08
   0.3246148E-01   0.2593156E-08
   0.3263600E-01   0.2718234E-08
   0.3281052E-01   0.2800292E-08
   0.3298505E-01   0.3025090E-08
   0.3315957E-01   0.3238603E-08
   0.3333410E-01   0.3338319E-08
   0.3350862E-01   0.3505038E-08
   0.3368314E-01   0.3603637E-08
   0.3385767E-01   0.3669040E-08
   0.3403219E-01   0.3592010E-08
   0.3420672E-01   0.3555603E-08
   0.3438124E-01   0.3424506E-08
   0.3455576E-01   0.3307106E-08
   0.3473029E-01   0.3223866E-08
   0.3490481E-01   0.2976668E-08
