        4.80        3.90
NULL
$r$
radial profile
0 0 0
0
   0.1100000E+31  -0.1100000E+31    5
   0.1100000E+31  -0.1100000E+31    5
    0
CURVE
     201
NULL
black_solid
NULL
    0.000000        0.000000    
   0.1745241E-03   0.7496072E-08
   0.3490481E-03  -0.8790633E-08
   0.5235722E-03   0.1717268E-08
   0.6980962E-03   0.3548971E-08
   0.8726203E-03   0.1207448E-09
   0.1047144E-02   0.9557838E-09
   0.1221668E-02   0.3726884E-08
   0.1396192E-02   0.1626676E-08
   0.1570717E-02   0.2544110E-09
   0.1745241E-02   0.5496738E-09
   0.1919765E-02   0.2863130E-08
   0.2094289E-02   0.3344325E-08
   0.2268813E-02   0.2689189E-08
   0.2443337E-02   0.4029300E-08
   0.2617861E-02   0.5484937E-08
   0.2792385E-02   0.5175340E-08
   0.2966909E-02   0.6146469E-08
   0.3141433E-02   0.7500213E-08
   0.3315957E-02   0.7847151E-08
   0.3490481E-02   0.8405832E-08
   0.3665005E-02   0.8961775E-08
   0.3839529E-02   0.9370049E-08
   0.4014053E-02   0.1023828E-07
   0.4188578E-02   0.1073587E-07
   0.4363101E-02   0.1138894E-07
   0.4537626E-02   0.1188195E-07
   0.4712150E-02   0.1249192E-07
   0.4886674E-02   0.1295095E-07
   0.5061198E-02   0.1332194E-07
   0.5235722E-02   0.1379790E-07
   0.5410246E-02   0.1407310E-07
   0.5584770E-02   0.1417747E-07
   0.5759294E-02   0.1423677E-07
   0.5933818E-02   0.1446704E-07
   0.6108342E-02   0.1453374E-07
   0.6282866E-02   0.1468686E-07
   0.6457390E-02   0.1457536E-07
   0.6631915E-02   0.1483521E-07
   0.6806438E-02   0.1495253E-07
   0.6980963E-02   0.1508109E-07
   0.7155487E-02   0.1529560E-07
   0.7330011E-02   0.1563070E-07
   0.7504535E-02   0.1584276E-07
   0.7679059E-02   0.1597486E-07
   0.7853583E-02   0.1612242E-07
   0.8028107E-02   0.1610048E-07
   0.8202631E-02   0.1627206E-07
   0.8377155E-02   0.1583764E-07
   0.8551680E-02   0.1548091E-07
   0.8726203E-02   0.1523911E-07
   0.8900727E-02   0.1464742E-07
   0.9075251E-02   0.1406353E-07
   0.9249776E-02   0.1351472E-07
   0.9424300E-02   0.1289001E-07
   0.9598823E-02   0.1231796E-07
   0.9773348E-02   0.1175178E-07
   0.9947872E-02   0.1157969E-07
   0.1012240E-01   0.1115004E-07
   0.1029692E-01   0.1110979E-07
   0.1047144E-01   0.1096273E-07
   0.1064597E-01   0.1090525E-07
   0.1082049E-01   0.1110624E-07
   0.1099502E-01   0.1107006E-07
   0.1116954E-01   0.1146050E-07
   0.1134406E-01   0.1164664E-07
   0.1151859E-01   0.1188328E-07
   0.1169311E-01   0.1207199E-07
   0.1186764E-01   0.1223434E-07
   0.1204216E-01   0.1250516E-07
   0.1221668E-01   0.1247307E-07
   0.1239121E-01   0.1263081E-07
   0.1256573E-01   0.1258445E-07
   0.1274026E-01   0.1250071E-07
   0.1291478E-01   0.1241873E-07
   0.1308930E-01   0.1217300E-07
   0.1326383E-01   0.1192851E-07
   0.1343835E-01   0.1141301E-07
   0.1361288E-01   0.1074987E-07
   0.1378740E-01   0.1021961E-07
   0.1396193E-01   0.9549289E-08
   0.1413645E-01   0.8828606E-08
   0.1431097E-01   0.8222088E-08
   0.1448550E-01   0.7550817E-08
   0.1466002E-01   0.6916537E-08
   0.1483455E-01   0.6506955E-08
   0.1500907E-01   0.6222868E-08
   0.1518359E-01   0.5758975E-08
   0.1535812E-01   0.5827259E-08
   0.1553264E-01   0.5653534E-08
   0.1570717E-01   0.5674598E-08
   0.1588169E-01   0.5888188E-08
   0.1605621E-01   0.5939811E-08
   0.1623074E-01   0.6250649E-08
   0.1640526E-01   0.6359596E-08
   0.1657979E-01   0.6541589E-08
   0.1675431E-01   0.6878464E-08
   0.1692883E-01   0.6918020E-08
   0.1710336E-01   0.7117112E-08
   0.1727788E-01   0.7368411E-08
   0.1745241E-01   0.7640156E-08
   0.1762693E-01   0.7774064E-08
   0.1780145E-01   0.7952701E-08
   0.1797598E-01   0.8192893E-08
   0.1815050E-01   0.8602286E-08
   0.1832503E-01   0.8725775E-08
   0.1849955E-01   0.9044509E-08
   0.1867408E-01   0.9395094E-08
   0.1884860E-01   0.9453728E-08
   0.1902312E-01   0.9680185E-08
   0.1919765E-01   0.9837335E-08
   0.1937217E-01   0.9957820E-08
   0.1954670E-01   0.9891031E-08
   0.1972122E-01   0.9844996E-08
   0.1989574E-01   0.9691682E-08
   0.2007027E-01   0.9608801E-08
   0.2024479E-01   0.9395034E-08
   0.2041932E-01   0.9140117E-08
   0.2059384E-01   0.8921349E-08
   0.2076836E-01   0.8679874E-08
   0.2094289E-01   0.8344292E-08
   0.2111741E-01   0.8132086E-08
   0.2129194E-01   0.7769243E-08
   0.2146646E-01   0.7604338E-08
   0.2164098E-01   0.7326776E-08
   0.2181551E-01   0.7115676E-08
   0.2199003E-01   0.6867744E-08
   0.2216456E-01   0.6681537E-08
   0.2233908E-01   0.6488374E-08
   0.2251360E-01   0.6303692E-08
   0.2268813E-01   0.6243893E-08
   0.2286265E-01   0.6043548E-08
   0.2303718E-01   0.6089150E-08
   0.2321170E-01   0.5998596E-08
   0.2338623E-01   0.5984810E-08
   0.2356075E-01   0.5990080E-08
   0.2373527E-01   0.6020073E-08
   0.2390980E-01   0.6084442E-08
   0.2408432E-01   0.5947734E-08
   0.2425884E-01   0.6029402E-08
   0.2443337E-01   0.6062521E-08
   0.2460789E-01   0.6053062E-08
   0.2478242E-01   0.5978750E-08
   0.2495694E-01   0.5998078E-08
   0.2513147E-01   0.6026083E-08
   0.2530599E-01   0.5943648E-08
   0.2548051E-01   0.5856302E-08
   0.2565504E-01   0.6010009E-08
   0.2582956E-01   0.5878026E-08
   0.2600409E-01   0.5953987E-08
   0.2617861E-01   0.6004843E-08
   0.2635313E-01   0.5988484E-08
   0.2652766E-01   0.6127676E-08
   0.2670218E-01   0.6159938E-08
   0.2687671E-01   0.6175423E-08
   0.2705123E-01   0.6369610E-08
   0.2722575E-01   0.6494048E-08
   0.2740028E-01   0.6379132E-08
   0.2757480E-01   0.6502159E-08
   0.2774933E-01   0.6420973E-08
   0.2792385E-01   0.6382157E-08
   0.2809837E-01   0.6304205E-08
   0.2827290E-01   0.6211903E-08
   0.2844742E-01   0.6199130E-08
   0.2862195E-01   0.6082547E-08
   0.2879647E-01   0.5981447E-08
   0.2897099E-01   0.5972824E-08
   0.2914552E-01   0.5857915E-08
   0.2932004E-01   0.5910323E-08
   0.2949457E-01   0.5812412E-08
   0.2966909E-01   0.5921159E-08
   0.2984362E-01   0.6011382E-08
   0.3001814E-01   0.6048805E-08
   0.3019266E-01   0.6159215E-08
   0.3036719E-01   0.6154119E-08
   0.3054171E-01   0.6289320E-08
   0.3071623E-01   0.6421809E-08
   0.3089076E-01   0.6436444E-08
   0.3106528E-01   0.6525861E-08
   0.3123981E-01   0.6574701E-08
   0.3141433E-01   0.6594191E-08
   0.3158886E-01   0.6690632E-08
   0.3176338E-01   0.6638611E-08
   0.3193790E-01   0.6578543E-08
   0.3211243E-01   0.6528563E-08
   0.3228695E-01   0.6354985E-08
   0.3246148E-01   0.6196014E-08
   0.3263600E-01   0.5936769E-08
   0.3281052E-01   0.5673124E-08
   0.3298505E-01   0.5433393E-08
   0.3315957E-01   0.5094507E-08
   0.3333410E-01   0.4825069E-08
   0.3350862E-01   0.4519141E-08
   0.3368314E-01   0.4190865E-08
   0.3385767E-01   0.3953867E-08
   0.3403219E-01   0.3700773E-08
   0.3420672E-01   0.3518063E-08
   0.3438124E-01   0.3350248E-08
   0.3455576E-01   0.3169111E-08
   0.3473029E-01   0.3210227E-08
   0.3490481E-01   0.3246501E-08
