        4.80        3.90
NULL
$r$
radial profile
0 0 0
0
   0.1100000E+31  -0.1100000E+31    5
   0.1100000E+31  -0.1100000E+31    5
    0
CURVE
     201
NULL
black_solid
NULL
    0.000000        0.000000    
   0.1745241E-03   0.1034394E-10
   0.3490481E-03   0.8630229E-10
   0.5235722E-03   0.4562343E-09
   0.6980962E-03  -0.4946332E-10
   0.8726203E-03  -0.1797180E-09
   0.1047144E-02   0.8054778E-10
   0.1221668E-02   0.6323707E-10
   0.1396192E-02  -0.4193920E-09
   0.1570717E-02  -0.1907067E-09
   0.1745241E-02  -0.4989605E-09
   0.1919765E-02  -0.8320287E-09
   0.2094289E-02  -0.1009509E-08
   0.2268813E-02  -0.1427298E-08
   0.2443337E-02  -0.1708306E-08
   0.2617861E-02  -0.1862148E-08
   0.2792385E-02  -0.2045997E-08
   0.2966909E-02  -0.2328081E-08
   0.3141433E-02  -0.2381077E-08
   0.3315957E-02  -0.2656272E-08
   0.3490481E-02  -0.2631400E-08
   0.3665005E-02  -0.2772648E-08
   0.3839529E-02  -0.2764548E-08
   0.4014053E-02  -0.2617926E-08
   0.4188578E-02  -0.2547989E-08
   0.4363101E-02  -0.2443551E-08
   0.4537626E-02  -0.2348261E-08
   0.4712150E-02  -0.2243272E-08
   0.4886674E-02  -0.2190091E-08
   0.5061198E-02  -0.1934732E-08
   0.5235722E-02  -0.1815591E-08
   0.5410246E-02  -0.1485933E-08
   0.5584770E-02  -0.1261455E-08
   0.5759294E-02  -0.7733645E-09
   0.5933818E-02  -0.3825832E-09
   0.6108342E-02  -0.1199623E-10
   0.6282866E-02   0.4269874E-09
   0.6457390E-02   0.7744244E-09
   0.6631915E-02   0.1074392E-08
   0.6806438E-02   0.1452286E-08
   0.6980963E-02   0.1714415E-08
   0.7155487E-02   0.1844854E-08
   0.7330011E-02   0.1901857E-08
   0.7504535E-02   0.1976279E-08
   0.7679059E-02   0.1883200E-08
   0.7853583E-02   0.1623709E-08
   0.8028107E-02   0.1388985E-08
   0.8202631E-02   0.1156846E-08
   0.8377155E-02   0.6989619E-09
   0.8551680E-02   0.3912821E-09
   0.8726203E-02   0.2351903E-09
   0.8900727E-02   0.4103364E-10
   0.9075251E-02  -0.1501614E-09
   0.9249776E-02  -0.2715554E-09
   0.9424300E-02  -0.2321357E-09
   0.9598823E-02  -0.1513834E-09
   0.9773348E-02  -0.6047117E-10
   0.9947872E-02   0.2007378E-09
   0.1012240E-01   0.4224818E-09
   0.1029692E-01   0.6140732E-09
   0.1047144E-01   0.8758366E-09
   0.1064597E-01   0.1076550E-08
   0.1082049E-01   0.1405550E-08
   0.1099502E-01   0.1585269E-08
   0.1116954E-01   0.1738841E-08
   0.1134406E-01   0.1808813E-08
   0.1151859E-01   0.1754348E-08
   0.1169311E-01   0.1776848E-08
   0.1186764E-01   0.1393906E-08
   0.1204216E-01   0.1156004E-08
   0.1221668E-01   0.8051962E-09
   0.1239121E-01   0.2055071E-09
   0.1256573E-01  -0.3820119E-09
   0.1274026E-01  -0.9292327E-09
   0.1291478E-01  -0.1700501E-08
   0.1308930E-01  -0.2394179E-08
   0.1326383E-01  -0.3182295E-08
   0.1343835E-01  -0.3825526E-08
   0.1361288E-01  -0.4483849E-08
   0.1378740E-01  -0.4946791E-08
   0.1396193E-01  -0.5353084E-08
   0.1413645E-01  -0.5730155E-08
   0.1431097E-01  -0.5789707E-08
   0.1448550E-01  -0.5960871E-08
   0.1466002E-01  -0.5930750E-08
   0.1483455E-01  -0.5730427E-08
   0.1500907E-01  -0.5539329E-08
   0.1518359E-01  -0.5316771E-08
   0.1535812E-01  -0.4915997E-08
   0.1553264E-01  -0.4655397E-08
   0.1570717E-01  -0.4392108E-08
   0.1588169E-01  -0.4142776E-08
   0.1605621E-01  -0.3868179E-08
   0.1623074E-01  -0.3790987E-08
   0.1640526E-01  -0.3687493E-08
   0.1657979E-01  -0.3444387E-08
   0.1675431E-01  -0.3444346E-08
   0.1692883E-01  -0.3337086E-08
   0.1710336E-01  -0.3194643E-08
   0.1727788E-01  -0.3133952E-08
   0.1745241E-01  -0.3005564E-08
   0.1762693E-01  -0.2858008E-08
   0.1780145E-01  -0.2712981E-08
   0.1797598E-01  -0.2555703E-08
   0.1815050E-01  -0.2394256E-08
   0.1832503E-01  -0.2282946E-08
   0.1849955E-01  -0.2161022E-08
   0.1867408E-01  -0.2103547E-08
   0.1884860E-01  -0.2021783E-08
   0.1902312E-01  -0.2012454E-08
   0.1919765E-01  -0.2015656E-08
   0.1937217E-01  -0.2082136E-08
   0.1954670E-01  -0.2089916E-08
   0.1972122E-01  -0.2032966E-08
   0.1989574E-01  -0.2082335E-08
   0.2007027E-01  -0.2092134E-08
   0.2024479E-01  -0.1982872E-08
   0.2041932E-01  -0.1790597E-08
   0.2059384E-01  -0.1717681E-08
   0.2076836E-01  -0.1394836E-08
   0.2094289E-01  -0.1178911E-08
   0.2111741E-01  -0.8715998E-09
   0.2129194E-01  -0.5726409E-09
   0.2146646E-01  -0.3287284E-09
   0.2164098E-01  -0.4858637E-11
   0.2181551E-01   0.2760741E-09
   0.2199003E-01   0.3591738E-09
   0.2216456E-01   0.5189595E-09
   0.2233908E-01   0.7499207E-09
   0.2251360E-01   0.7524580E-09
   0.2268813E-01   0.7871062E-09
   0.2286265E-01   0.8256224E-09
   0.2303718E-01   0.8128771E-09
   0.2321170E-01   0.6939443E-09
   0.2338623E-01   0.7522361E-09
   0.2356075E-01   0.6529842E-09
   0.2373527E-01   0.5987629E-09
   0.2390980E-01   0.5765622E-09
   0.2408432E-01   0.4161741E-09
   0.2425884E-01   0.3583054E-09
   0.2443337E-01   0.3091482E-09
   0.2460789E-01   0.1301649E-09
   0.2478242E-01  -0.5565208E-10
   0.2495694E-01  -0.1573172E-09
   0.2513147E-01  -0.3739898E-09
   0.2530599E-01  -0.6844371E-09
   0.2548051E-01  -0.8476994E-09
   0.2565504E-01  -0.1033412E-08
   0.2582956E-01  -0.1324938E-08
   0.2600409E-01  -0.1458968E-08
   0.2617861E-01  -0.1609837E-08
   0.2635313E-01  -0.1844918E-08
   0.2652766E-01  -0.1938053E-08
   0.2670218E-01  -0.2044675E-08
   0.2687671E-01  -0.2160763E-08
   0.2705123E-01  -0.2230568E-08
   0.2722575E-01  -0.2290902E-08
   0.2740028E-01  -0.2303197E-08
   0.2757480E-01  -0.2377197E-08
   0.2774933E-01  -0.2388285E-08
   0.2792385E-01  -0.2368783E-08
   0.2809837E-01  -0.2410967E-08
   0.2827290E-01  -0.2417097E-08
   0.2844742E-01  -0.2424482E-08
   0.2862195E-01  -0.2373530E-08
   0.2879647E-01  -0.2318479E-08
   0.2897099E-01  -0.2292880E-08
   0.2914552E-01  -0.2195275E-08
   0.2932004E-01  -0.2135589E-08
   0.2949457E-01  -0.2130956E-08
   0.2966909E-01  -0.2008822E-08
   0.2984362E-01  -0.1947978E-08
   0.3001814E-01  -0.1910804E-08
   0.3019266E-01  -0.1805485E-08
   0.3036719E-01  -0.1699199E-08
   0.3054171E-01  -0.1617819E-08
   0.3071623E-01  -0.1482263E-08
   0.3089076E-01  -0.1450976E-08
   0.3106528E-01  -0.1324626E-08
   0.3123981E-01  -0.1148872E-08
   0.3141433E-01  -0.9725872E-09
   0.3158886E-01  -0.7886853E-09
   0.3176338E-01  -0.5491610E-09
   0.3193790E-01  -0.3261285E-09
   0.3211243E-01  -0.2173001E-09
   0.3228695E-01  -0.2829765E-10
   0.3246148E-01   0.1598469E-09
   0.3263600E-01   0.2701935E-09
   0.3281052E-01   0.3746073E-09
   0.3298505E-01   0.4402235E-09
   0.3315957E-01   0.4909890E-09
   0.3333410E-01   0.5488158E-09
   0.3350862E-01   0.5631873E-09
   0.3368314E-01   0.6395732E-09
   0.3385767E-01   0.6644606E-09
   0.3403219E-01   0.7125717E-09
   0.3420672E-01   0.8625948E-09
   0.3438124E-01   0.9235681E-09
   0.3455576E-01   0.1051489E-08
   0.3473029E-01   0.1153962E-08
   0.3490481E-01   0.1247434E-08
