        4.80        3.90
NULL
$r$
radial profile
0 0 0
0
   0.1100000E+31  -0.1100000E+31    5
   0.1100000E+31  -0.1100000E+31    5
    0
CURVE
     201
NULL
black_solid
NULL
    0.000000        0.000000    
   0.1745241E-03   0.7468728E-08
   0.3490481E-03  -0.8874314E-08
   0.5235722E-03   0.1621428E-08
   0.6980962E-03   0.3483910E-08
   0.8726203E-03   0.8993570E-10
   0.1047144E-02   0.1213019E-08
   0.1221668E-02   0.3869599E-08
   0.1396192E-02   0.1522362E-08
   0.1570717E-02   0.4628962E-09
   0.1745241E-02   0.7622599E-09
   0.1919765E-02   0.3015526E-08
   0.2094289E-02   0.3553485E-08
   0.2268813E-02   0.2999788E-08
   0.2443337E-02   0.4346500E-08
   0.2617861E-02   0.5938688E-08
   0.2792385E-02   0.5474290E-08
   0.2966909E-02   0.6569828E-08
   0.3141433E-02   0.8035851E-08
   0.3315957E-02   0.8100995E-08
   0.3490481E-02   0.8772099E-08
   0.3665005E-02   0.9256910E-08
   0.3839529E-02   0.9511814E-08
   0.4014053E-02   0.1026603E-07
   0.4188578E-02   0.1062247E-07
   0.4363101E-02   0.1103652E-07
   0.4537626E-02   0.1143205E-07
   0.4712150E-02   0.1183750E-07
   0.4886674E-02   0.1216820E-07
   0.5061198E-02   0.1243770E-07
   0.5235722E-02   0.1275604E-07
   0.5410246E-02   0.1296408E-07
   0.5584770E-02   0.1301138E-07
   0.5759294E-02   0.1301001E-07
   0.5933818E-02   0.1326883E-07
   0.6108342E-02   0.1333312E-07
   0.6282866E-02   0.1335710E-07
   0.6457390E-02   0.1331639E-07
   0.6631915E-02   0.1361051E-07
   0.6806438E-02   0.1368185E-07
   0.6980963E-02   0.1378026E-07
   0.7155487E-02   0.1406399E-07
   0.7330011E-02   0.1421768E-07
   0.7504535E-02   0.1434472E-07
   0.7679059E-02   0.1446863E-07
   0.7853583E-02   0.1454428E-07
   0.8028107E-02   0.1446096E-07
   0.8202631E-02   0.1457223E-07
   0.8377155E-02   0.1419937E-07
   0.8551680E-02   0.1378352E-07
   0.8726203E-02   0.1353776E-07
   0.8900727E-02   0.1303911E-07
   0.9075251E-02   0.1243140E-07
   0.9249776E-02   0.1199213E-07
   0.9424300E-02   0.1145415E-07
   0.9598823E-02   0.1097281E-07
   0.9773348E-02   0.1053685E-07
   0.9947872E-02   0.1041469E-07
   0.1012240E-01   0.1010300E-07
   0.1029692E-01   0.1008867E-07
   0.1047144E-01   0.1003506E-07
   0.1064597E-01   0.1002714E-07
   0.1082049E-01   0.1018488E-07
   0.1099502E-01   0.1025163E-07
   0.1116954E-01   0.1065777E-07
   0.1134406E-01   0.1081152E-07
   0.1151859E-01   0.1109467E-07
   0.1169311E-01   0.1137238E-07
   0.1186764E-01   0.1160472E-07
   0.1204216E-01   0.1186899E-07
   0.1221668E-01   0.1203536E-07
   0.1239121E-01   0.1227238E-07
   0.1256573E-01   0.1230968E-07
   0.1274026E-01   0.1240993E-07
   0.1291478E-01   0.1239726E-07
   0.1308930E-01   0.1232172E-07
   0.1326383E-01   0.1221195E-07
   0.1343835E-01   0.1182729E-07
   0.1361288E-01   0.1131256E-07
   0.1378740E-01   0.1092547E-07
   0.1396193E-01   0.1034076E-07
   0.1413645E-01   0.9707319E-08
   0.1431097E-01   0.9199166E-08
   0.1448550E-01   0.8592204E-08
   0.1466002E-01   0.8036622E-08
   0.1483455E-01   0.7644568E-08
   0.1500907E-01   0.7372857E-08
   0.1518359E-01   0.6888157E-08
   0.1535812E-01   0.6929353E-08
   0.1553264E-01   0.6797705E-08
   0.1570717E-01   0.6742975E-08
   0.1588169E-01   0.6939740E-08
   0.1605621E-01   0.6978549E-08
   0.1623074E-01   0.7268572E-08
   0.1640526E-01   0.7435912E-08
   0.1657979E-01   0.7651362E-08
   0.1675431E-01   0.8031547E-08
   0.1692883E-01   0.8126535E-08
   0.1710336E-01   0.8434220E-08
   0.1727788E-01   0.8783289E-08
   0.1745241E-01   0.9111952E-08
   0.1762693E-01   0.9331039E-08
   0.1780145E-01   0.9651414E-08
   0.1797598E-01   0.9941786E-08
   0.1815050E-01   0.1035877E-07
   0.1832503E-01   0.1057129E-07
   0.1849955E-01   0.1086268E-07
   0.1867408E-01   0.1120104E-07
   0.1884860E-01   0.1130573E-07
   0.1902312E-01   0.1146381E-07
   0.1919765E-01   0.1159399E-07
   0.1937217E-01   0.1167222E-07
   0.1954670E-01   0.1157928E-07
   0.1972122E-01   0.1150910E-07
   0.1989574E-01   0.1134473E-07
   0.2007027E-01   0.1125489E-07
   0.2024479E-01   0.1102631E-07
   0.2041932E-01   0.1080065E-07
   0.2059384E-01   0.1056643E-07
   0.2076836E-01   0.1026496E-07
   0.2094289E-01   0.9978876E-08
   0.2111741E-01   0.9709259E-08
   0.2129194E-01   0.9319936E-08
   0.2146646E-01   0.9096252E-08
   0.2164098E-01   0.8825412E-08
   0.2181551E-01   0.8562283E-08
   0.2199003E-01   0.8315548E-08
   0.2216456E-01   0.8162990E-08
   0.2233908E-01   0.7893469E-08
   0.2251360E-01   0.7759937E-08
   0.2268813E-01   0.7717190E-08
   0.2286265E-01   0.7469901E-08
   0.2303718E-01   0.7490629E-08
   0.2321170E-01   0.7379546E-08
   0.2338623E-01   0.7330542E-08
   0.2356075E-01   0.7245782E-08
   0.2373527E-01   0.7187080E-08
   0.2390980E-01   0.7126856E-08
   0.2408432E-01   0.6850340E-08
   0.2425884E-01   0.6748311E-08
   0.2443337E-01   0.6618730E-08
   0.2460789E-01   0.6398755E-08
   0.2478242E-01   0.6167609E-08
   0.2495694E-01   0.5990904E-08
   0.2513147E-01   0.5836802E-08
   0.2530599E-01   0.5652926E-08
   0.2548051E-01   0.5480936E-08
   0.2565504E-01   0.5468729E-08
   0.2582956E-01   0.5341888E-08
   0.2600409E-01   0.5393254E-08
   0.2617861E-01   0.5421978E-08
   0.2635313E-01   0.5445109E-08
   0.2652766E-01   0.5620911E-08
   0.2670218E-01   0.5700541E-08
   0.2687671E-01   0.5762482E-08
   0.2705123E-01   0.6005358E-08
   0.2722575E-01   0.6160578E-08
   0.2740028E-01   0.6147323E-08
   0.2757480E-01   0.6329954E-08
   0.2774933E-01   0.6299740E-08
   0.2792385E-01   0.6321446E-08
   0.2809837E-01   0.6306711E-08
   0.2827290E-01   0.6259333E-08
   0.2844742E-01   0.6276198E-08
   0.2862195E-01   0.6183180E-08
   0.2879647E-01   0.6136669E-08
   0.2897099E-01   0.6133522E-08
   0.2914552E-01   0.6059902E-08
   0.2932004E-01   0.6108546E-08
   0.2949457E-01   0.6018004E-08
   0.2966909E-01   0.6113447E-08
   0.2984362E-01   0.6147614E-08
   0.3001814E-01   0.6161069E-08
   0.3019266E-01   0.6272351E-08
   0.3036719E-01   0.6260985E-08
   0.3054171E-01   0.6360171E-08
   0.3071623E-01   0.6455860E-08
   0.3089076E-01   0.6422630E-08
   0.3106528E-01   0.6538136E-08
   0.3123981E-01   0.6527730E-08
   0.3141433E-01   0.6555839E-08
   0.3158886E-01   0.6656097E-08
   0.3176338E-01   0.6603432E-08
   0.3193790E-01   0.6541415E-08
   0.3211243E-01   0.6485936E-08
   0.3228695E-01   0.6367885E-08
   0.3246148E-01   0.6217848E-08
   0.3263600E-01   0.6053750E-08
   0.3281052E-01   0.5855539E-08
   0.3298505E-01   0.5705221E-08
   0.3315957E-01   0.5478968E-08
   0.3333410E-01   0.5368189E-08
   0.3350862E-01   0.5209705E-08
   0.3368314E-01   0.5052431E-08
   0.3385767E-01   0.5011166E-08
   0.3403219E-01   0.4925334E-08
   0.3420672E-01   0.4889672E-08
   0.3438124E-01   0.4899969E-08
   0.3455576E-01   0.4888730E-08
   0.3473029E-01   0.5013942E-08
   0.3490481E-01   0.5118886E-08
