        4.80        3.90
NULL
$r$
radial profile
0 0 0
0
   0.1100000E+31  -0.1100000E+31    5
   0.1100000E+31  -0.1100000E+31    5
    0
CURVE
     201
NULL
black_solid
NULL
    0.000000        0.000000    
   0.1745241E-03   0.7800431E-08
   0.3490481E-03  -0.8624368E-08
   0.5235722E-03   0.1968726E-08
   0.6980962E-03   0.3411318E-08
   0.8726203E-03   0.4008699E-09
   0.1047144E-02   0.1167150E-08
   0.1221668E-02   0.3599024E-08
   0.1396192E-02   0.2422237E-08
   0.1570717E-02   0.8228524E-09
   0.1745241E-02   0.1265359E-08
   0.1919765E-02   0.4064146E-08
   0.2094289E-02   0.3637967E-08
   0.2268813E-02   0.3916124E-08
   0.2443337E-02   0.4747631E-08
   0.2617861E-02   0.5466212E-08
   0.2792385E-02   0.4701091E-08
   0.2966909E-02   0.5340035E-08
   0.3141433E-02   0.5528193E-08
   0.3315957E-02   0.5145484E-08
   0.3490481E-02   0.5489956E-08
   0.3665005E-02   0.5014075E-08
   0.3839529E-02   0.4980028E-08
   0.4014053E-02   0.5148027E-08
   0.4188578E-02   0.5457265E-08
   0.4363101E-02   0.6206969E-08
   0.4537626E-02   0.6766401E-08
   0.4712150E-02   0.7444874E-08
   0.4886674E-02   0.9453142E-08
   0.5061198E-02   0.1018152E-07
   0.5235722E-02   0.1149523E-07
   0.5410246E-02   0.1280056E-07
   0.5584770E-02   0.1383376E-07
   0.5759294E-02   0.1517455E-07
   0.5933818E-02   0.1576264E-07
   0.6108342E-02   0.1603321E-07
   0.6282866E-02   0.1656920E-07
   0.6457390E-02   0.1664030E-07
   0.6631915E-02   0.1654516E-07
   0.6806438E-02   0.1642200E-07
   0.6980963E-02   0.1645442E-07
   0.7155487E-02   0.1552901E-07
   0.7330011E-02   0.1597854E-07
   0.7504535E-02   0.1556182E-07
   0.7679059E-02   0.1521906E-07
   0.7853583E-02   0.1532030E-07
   0.8028107E-02   0.1507231E-07
   0.8202631E-02   0.1499790E-07
   0.8377155E-02   0.1438536E-07
   0.8551680E-02   0.1415120E-07
   0.8726203E-02   0.1358476E-07
   0.8900727E-02   0.1296031E-07
   0.9075251E-02   0.1267821E-07
   0.9249776E-02   0.1213583E-07
   0.9424300E-02   0.1151124E-07
   0.9598823E-02   0.1093356E-07
   0.9773348E-02   0.1069304E-07
   0.9947872E-02   0.1057029E-07
   0.1012240E-01   0.9862380E-08
   0.1029692E-01   0.9922265E-08
   0.1047144E-01   0.1005038E-07
   0.1064597E-01   0.9991492E-08
   0.1082049E-01   0.1008352E-07
   0.1099502E-01   0.1036853E-07
   0.1116954E-01   0.1052672E-07
   0.1134406E-01   0.1064348E-07
   0.1151859E-01   0.1090129E-07
   0.1169311E-01   0.1106340E-07
   0.1186764E-01   0.1131674E-07
   0.1204216E-01   0.1182378E-07
   0.1221668E-01   0.1192297E-07
   0.1239121E-01   0.1182470E-07
   0.1256573E-01   0.1196287E-07
   0.1274026E-01   0.1241761E-07
   0.1291478E-01   0.1234050E-07
   0.1308930E-01   0.1215629E-07
   0.1326383E-01   0.1239720E-07
   0.1343835E-01   0.1207025E-07
   0.1361288E-01   0.1140070E-07
   0.1378740E-01   0.1101032E-07
   0.1396193E-01   0.1025749E-07
   0.1413645E-01   0.9175864E-08
   0.1431097E-01   0.8570220E-08
   0.1448550E-01   0.7365133E-08
   0.1466002E-01   0.6370333E-08
   0.1483455E-01   0.5756623E-08
   0.1500907E-01   0.4687668E-08
   0.1518359E-01   0.3789402E-08
   0.1535812E-01   0.3523536E-08
   0.1553264E-01   0.2982169E-08
   0.1570717E-01   0.2546944E-08
   0.1588169E-01   0.2792275E-08
   0.1605621E-01   0.3116017E-08
   0.1623074E-01   0.3093000E-08
   0.1640526E-01   0.3538031E-08
   0.1657979E-01   0.4142594E-08
   0.1675431E-01   0.4718356E-08
   0.1692883E-01   0.5271024E-08
   0.1710336E-01   0.6028276E-08
   0.1727788E-01   0.6319324E-08
   0.1745241E-01   0.6788520E-08
   0.1762693E-01   0.7454380E-08
   0.1780145E-01   0.7600003E-08
   0.1797598E-01   0.7843780E-08
   0.1815050E-01   0.8443058E-08
   0.1832503E-01   0.8208599E-08
   0.1849955E-01   0.8341910E-08
   0.1867408E-01   0.8385541E-08
   0.1884860E-01   0.7828934E-08
   0.1902312E-01   0.7531543E-08
   0.1919765E-01   0.6865898E-08
   0.1937217E-01   0.6501072E-08
   0.1954670E-01   0.5568233E-08
   0.1972122E-01   0.5129719E-08
   0.1989574E-01   0.4349381E-08
   0.2007027E-01   0.3692941E-08
   0.2024479E-01   0.3350511E-08
   0.2041932E-01   0.2754529E-08
   0.2059384E-01   0.2373959E-08
   0.2076836E-01   0.2098682E-08
   0.2094289E-01   0.1695760E-08
   0.2111741E-01   0.1630724E-08
   0.2129194E-01   0.1421731E-08
   0.2146646E-01   0.1323722E-08
   0.2164098E-01   0.1375927E-08
   0.2181551E-01   0.1217125E-08
   0.2199003E-01   0.1182034E-08
   0.2216456E-01   0.1180475E-08
   0.2233908E-01   0.1099506E-08
   0.2251360E-01   0.1504780E-08
   0.2268813E-01   0.1188454E-08
   0.2286265E-01   0.1213059E-08
   0.2303718E-01   0.1819393E-08
   0.2321170E-01   0.1926775E-08
   0.2338623E-01   0.2440634E-08
   0.2356075E-01   0.3047075E-08
   0.2373527E-01   0.3615760E-08
   0.2390980E-01   0.4481882E-08
   0.2408432E-01   0.5031954E-08
   0.2425884E-01   0.5781823E-08
   0.2443337E-01   0.6625779E-08
   0.2460789E-01   0.7291488E-08
   0.2478242E-01   0.7702238E-08
   0.2495694E-01   0.8103419E-08
   0.2513147E-01   0.8734222E-08
   0.2530599E-01   0.8921915E-08
   0.2548051E-01   0.8750880E-08
   0.2565504E-01   0.9339480E-08
   0.2582956E-01   0.9131751E-08
   0.2600409E-01   0.8973985E-08
   0.2617861E-01   0.8803734E-08
   0.2635313E-01   0.8709682E-08
   0.2652766E-01   0.8429722E-08
   0.2670218E-01   0.8071861E-08
   0.2687671E-01   0.7697383E-08
   0.2705123E-01   0.7669568E-08
   0.2722575E-01   0.7185549E-08
   0.2740028E-01   0.6716572E-08
   0.2757480E-01   0.6410898E-08
   0.2774933E-01   0.5894152E-08
   0.2792385E-01   0.5420958E-08
   0.2809837E-01   0.4954485E-08
   0.2827290E-01   0.4683882E-08
   0.2844742E-01   0.4525725E-08
   0.2862195E-01   0.4028195E-08
   0.2879647E-01   0.3823668E-08
   0.2897099E-01   0.3643991E-08
   0.2914552E-01   0.3506347E-08
   0.2932004E-01   0.3571530E-08
   0.2949457E-01   0.3354633E-08
   0.2966909E-01   0.3773735E-08
   0.2984362E-01   0.3808426E-08
   0.3001814E-01   0.4038332E-08
   0.3019266E-01   0.4020194E-08
   0.3036719E-01   0.3992578E-08
   0.3054171E-01   0.4235598E-08
   0.3071623E-01   0.4176032E-08
   0.3089076E-01   0.3914485E-08
   0.3106528E-01   0.3826544E-08
   0.3123981E-01   0.3579531E-08
   0.3141433E-01   0.3080761E-08
   0.3158886E-01   0.2664000E-08
   0.3176338E-01   0.2123508E-08
   0.3193790E-01   0.1596406E-08
   0.3211243E-01   0.1006624E-08
   0.3228695E-01   0.3467457E-09
   0.3246148E-01  -0.1625353E-09
   0.3263600E-01  -0.6325139E-09
   0.3281052E-01  -0.1165844E-08
   0.3298505E-01  -0.1529496E-08
   0.3315957E-01  -0.1789062E-08
   0.3333410E-01  -0.1970642E-08
   0.3350862E-01  -0.1887605E-08
   0.3368314E-01  -0.1803765E-08
   0.3385767E-01  -0.1663083E-08
   0.3403219E-01  -0.1451860E-08
   0.3420672E-01  -0.9666461E-09
   0.3438124E-01  -0.6560996E-09
   0.3455576E-01  -0.3976673E-09
   0.3473029E-01   0.8729410E-10
   0.3490481E-01   0.3833232E-09
