   0.00000E+00   0.14347E-05
   0.17452E-03   0.14286E-05
   0.34905E-03   0.13680E-05
   0.52357E-03   0.13386E-05
   0.69810E-03   0.13004E-05
   0.87262E-03   0.12155E-05
   0.10471E-02   0.11350E-05
   0.12217E-02   0.10663E-05
   0.13962E-02   0.97225E-06
   0.15707E-02   0.88505E-06
   0.17452E-02   0.80044E-06
   0.19198E-02   0.71703E-06
   0.20943E-02   0.64471E-06
   0.22688E-02   0.57009E-06
   0.24433E-02   0.50596E-06
   0.26179E-02   0.45518E-06
   0.27924E-02   0.40201E-06
   0.29669E-02   0.35866E-06
   0.31414E-02   0.32533E-06
   0.33160E-02   0.29148E-06
   0.34905E-02   0.26428E-06
   0.36650E-02   0.24319E-06
   0.38395E-02   0.22197E-06
   0.40141E-02   0.20502E-06
   0.41886E-02   0.19087E-06
   0.43631E-02   0.17770E-06
   0.45376E-02   0.16696E-06
   0.47121E-02   0.15730E-06
   0.48867E-02   0.14904E-06
   0.50612E-02   0.14213E-06
   0.52357E-02   0.13588E-06
   0.54102E-02   0.13036E-06
   0.55848E-02   0.12576E-06
   0.57593E-02   0.12160E-06
   0.59338E-02   0.11746E-06
   0.61083E-02   0.11404E-06
   0.62829E-02   0.11042E-06
   0.64574E-02   0.10705E-06
   0.66319E-02   0.10418E-06
   0.68064E-02   0.10054E-06
   0.69810E-02   0.97855E-07
   0.71555E-02   0.95036E-07
   0.73300E-02   0.92212E-07
   0.75045E-02   0.89906E-07
   0.76791E-02   0.87821E-07
   0.78536E-02   0.85842E-07
   0.80281E-02   0.83882E-07
   0.82026E-02   0.82646E-07
   0.83772E-02   0.81039E-07
   0.85517E-02   0.79900E-07
   0.87262E-02   0.78909E-07
   0.89007E-02   0.77623E-07
   0.90753E-02   0.76769E-07
   0.92498E-02   0.75826E-07
   0.94243E-02   0.75026E-07
   0.95988E-02   0.74219E-07
   0.97733E-02   0.73540E-07
   0.99479E-02   0.72957E-07
   0.10122E-01   0.72309E-07
   0.10297E-01   0.71959E-07
   0.10471E-01   0.71263E-07
   0.10646E-01   0.70762E-07
   0.10820E-01   0.70435E-07
   0.10995E-01   0.69667E-07
   0.11170E-01   0.69043E-07
   0.11344E-01   0.68375E-07
   0.11519E-01   0.67617E-07
   0.11693E-01   0.66830E-07
   0.11868E-01   0.65894E-07
   0.12042E-01   0.65125E-07
   0.12217E-01   0.64095E-07
   0.12391E-01   0.63291E-07
   0.12566E-01   0.62313E-07
   0.12740E-01   0.61210E-07
   0.12915E-01   0.60416E-07
   0.13089E-01   0.59371E-07
   0.13264E-01   0.58289E-07
   0.13438E-01   0.57171E-07
   0.13613E-01   0.56352E-07
   0.13787E-01   0.55281E-07
   0.13962E-01   0.54007E-07
   0.14136E-01   0.53189E-07
   0.14311E-01   0.52220E-07
   0.14485E-01   0.51208E-07
   0.14660E-01   0.50390E-07
   0.14835E-01   0.49638E-07
   0.15009E-01   0.49008E-07
   0.15184E-01   0.48384E-07
   0.15358E-01   0.47993E-07
   0.15533E-01   0.47569E-07
   0.15707E-01   0.47218E-07
   0.15882E-01   0.46956E-07
   0.16056E-01   0.46729E-07
   0.16231E-01   0.46505E-07
   0.16405E-01   0.46272E-07
   0.16580E-01   0.46056E-07
   0.16754E-01   0.46015E-07
   0.16929E-01   0.45699E-07
   0.17103E-01   0.45536E-07
   0.17278E-01   0.45358E-07
   0.17452E-01   0.45146E-07
   0.17627E-01   0.44997E-07
   0.17801E-01   0.44732E-07
   0.17976E-01   0.44646E-07
   0.18151E-01   0.44430E-07
   0.18325E-01   0.44336E-07
   0.18500E-01   0.44143E-07
   0.18674E-01   0.43977E-07
   0.18849E-01   0.43744E-07
   0.19023E-01   0.43538E-07
   0.19198E-01   0.43336E-07
   0.19372E-01   0.42996E-07
   0.19547E-01   0.42780E-07
   0.19721E-01   0.42396E-07
   0.19896E-01   0.41918E-07
   0.20070E-01   0.41569E-07
   0.20245E-01   0.40947E-07
   0.20419E-01   0.40479E-07
   0.20594E-01   0.39953E-07
   0.20768E-01   0.39345E-07
   0.20943E-01   0.38824E-07
   0.21117E-01   0.38233E-07
   0.21292E-01   0.37712E-07
   0.21466E-01   0.37306E-07
   0.21641E-01   0.36850E-07
   0.21816E-01   0.36507E-07
   0.21990E-01   0.36131E-07
   0.22165E-01   0.35906E-07
   0.22339E-01   0.35569E-07
   0.22514E-01   0.35380E-07
   0.22688E-01   0.35136E-07
   0.22863E-01   0.34897E-07
   0.23037E-01   0.34692E-07
   0.23212E-01   0.34439E-07
   0.23386E-01   0.34274E-07
   0.23561E-01   0.33928E-07
   0.23735E-01   0.33612E-07
   0.23910E-01   0.33336E-07
   0.24084E-01   0.32927E-07
   0.24259E-01   0.32536E-07
   0.24433E-01   0.32096E-07
   0.24608E-01   0.31728E-07
   0.24782E-01   0.31222E-07
   0.24957E-01   0.30726E-07
   0.25131E-01   0.30267E-07
   0.25306E-01   0.29739E-07
   0.25481E-01   0.29152E-07
   0.25655E-01   0.28620E-07
   0.25830E-01   0.28109E-07
   0.26004E-01   0.27592E-07
   0.26179E-01   0.27045E-07
   0.26353E-01   0.26607E-07
   0.26528E-01   0.26291E-07
   0.26702E-01   0.25888E-07
   0.26877E-01   0.25630E-07
   0.27051E-01   0.25423E-07
   0.27226E-01   0.25332E-07
   0.27400E-01   0.25204E-07
   0.27575E-01   0.25148E-07
   0.27749E-01   0.25142E-07
   0.27924E-01   0.25060E-07
   0.28098E-01   0.25022E-07
   0.28273E-01   0.24967E-07
   0.28447E-01   0.24840E-07
   0.28622E-01   0.24755E-07
   0.28796E-01   0.24639E-07
   0.28971E-01   0.24340E-07
   0.29146E-01   0.24209E-07
   0.29320E-01   0.24152E-07
   0.29495E-01   0.23870E-07
   0.29669E-01   0.23834E-07
   0.29844E-01   0.23847E-07
   0.30018E-01   0.23775E-07
   0.30193E-01   0.23794E-07
   0.30367E-01   0.23863E-07
   0.30542E-01   0.24005E-07
   0.30716E-01   0.24033E-07
   0.30891E-01   0.24111E-07
   0.31065E-01   0.24250E-07
   0.31240E-01   0.24090E-07
   0.31414E-01   0.24209E-07
   0.31589E-01   0.24148E-07
   0.31763E-01   0.24099E-07
   0.31938E-01   0.24062E-07
   0.32112E-01   0.23961E-07
   0.32287E-01   0.23922E-07
   0.32461E-01   0.23776E-07
   0.32636E-01   0.23630E-07
   0.32811E-01   0.23551E-07
   0.32985E-01   0.23483E-07
   0.33160E-01   0.23324E-07
   0.33334E-01   0.23104E-07
   0.33509E-01   0.22958E-07
   0.33683E-01   0.22777E-07
   0.33858E-01   0.22486E-07
   0.34032E-01   0.22264E-07
   0.34207E-01   0.21992E-07
   0.34381E-01   0.21751E-07
   0.34556E-01   0.21441E-07
   0.34730E-01   0.21260E-07
   0.34905E-01   0.21081E-07
