   0.00000E+00   0.00000E+00
   0.17452E-03   0.74712E-08
   0.34905E-03  -0.86676E-08
   0.52357E-03   0.20316E-08
   0.69810E-03   0.32618E-08
   0.87262E-03   0.20430E-09
   0.10471E-02   0.11455E-08
   0.12217E-02   0.34906E-08
   0.13962E-02   0.21622E-08
   0.15707E-02   0.62768E-09
   0.17452E-02   0.10445E-08
   0.19198E-02   0.41681E-08
   0.20943E-02   0.42234E-08
   0.22688E-02   0.36113E-08
   0.24433E-02   0.52545E-08
   0.26179E-02   0.64164E-08
   0.27924E-02   0.61146E-08
   0.29669E-02   0.67692E-08
   0.31414E-02   0.78099E-08
   0.33160E-02   0.77070E-08
   0.34905E-02   0.80536E-08
   0.36650E-02   0.83274E-08
   0.38395E-02   0.84390E-08
   0.40141E-02   0.90595E-08
   0.41886E-02   0.95417E-08
   0.43631E-02   0.10188E-07
   0.45376E-02   0.11117E-07
   0.47121E-02   0.11750E-07
   0.48867E-02   0.12896E-07
   0.50612E-02   0.13698E-07
   0.52357E-02   0.14736E-07
   0.54102E-02   0.15609E-07
   0.55848E-02   0.16467E-07
   0.57593E-02   0.17173E-07
   0.59338E-02   0.17960E-07
   0.61083E-02   0.18368E-07
   0.62829E-02   0.18689E-07
   0.64574E-02   0.18832E-07
   0.66319E-02   0.19065E-07
   0.68064E-02   0.19210E-07
   0.69810E-02   0.19244E-07
   0.71555E-02   0.19079E-07
   0.73300E-02   0.19352E-07
   0.75045E-02   0.19227E-07
   0.76791E-02   0.19191E-07
   0.78536E-02   0.19151E-07
   0.80281E-02   0.18913E-07
   0.82026E-02   0.18891E-07
   0.83772E-02   0.18131E-07
   0.85517E-02   0.17623E-07
   0.87262E-02   0.17110E-07
   0.89007E-02   0.16203E-07
   0.90753E-02   0.15502E-07
   0.92498E-02   0.14801E-07
   0.94243E-02   0.13990E-07
   0.95988E-02   0.13275E-07
   0.97733E-02   0.13022E-07
   0.99479E-02   0.12666E-07
   0.10122E-01   0.12201E-07
   0.10297E-01   0.12368E-07
   0.10471E-01   0.12504E-07
   0.10646E-01   0.12540E-07
   0.10820E-01   0.13090E-07
   0.10995E-01   0.13368E-07
   0.11170E-01   0.13880E-07
   0.11344E-01   0.14289E-07
   0.11519E-01   0.14715E-07
   0.11693E-01   0.14916E-07
   0.11868E-01   0.15221E-07
   0.12042E-01   0.15587E-07
   0.12217E-01   0.15547E-07
   0.12391E-01   0.15442E-07
   0.12566E-01   0.15484E-07
   0.12740E-01   0.15341E-07
   0.12915E-01   0.15012E-07
   0.13089E-01   0.14857E-07
   0.13264E-01   0.14503E-07
   0.13438E-01   0.14115E-07
   0.13613E-01   0.13499E-07
   0.13787E-01   0.12957E-07
   0.13962E-01   0.12279E-07
   0.14136E-01   0.11447E-07
   0.14311E-01   0.10812E-07
   0.14485E-01   0.98964E-08
   0.14660E-01   0.91033E-08
   0.14835E-01   0.85321E-08
   0.15009E-01   0.77928E-08
   0.15184E-01   0.66238E-08
   0.15358E-01   0.64553E-08
   0.15533E-01   0.56112E-08
   0.15707E-01   0.48693E-08
   0.15882E-01   0.47260E-08
   0.16056E-01   0.41441E-08
   0.16231E-01   0.39143E-08
   0.16405E-01   0.35924E-08
   0.16580E-01   0.34589E-08
   0.16754E-01   0.36368E-08
   0.16929E-01   0.34801E-08
   0.17103E-01   0.37593E-08
   0.17278E-01   0.38380E-08
   0.17452E-01   0.42035E-08
   0.17627E-01   0.45186E-08
   0.17801E-01   0.48291E-08
   0.17976E-01   0.53222E-08
   0.18151E-01   0.58045E-08
   0.18325E-01   0.61684E-08
   0.18500E-01   0.66235E-08
   0.18674E-01   0.68651E-08
   0.18849E-01   0.69656E-08
   0.19023E-01   0.72454E-08
   0.19198E-01   0.70350E-08
   0.19372E-01   0.70551E-08
   0.19547E-01   0.68076E-08
   0.19721E-01   0.64463E-08
   0.19896E-01   0.60446E-08
   0.20070E-01   0.58520E-08
   0.20245E-01   0.56375E-08
   0.20419E-01   0.52175E-08
   0.20594E-01   0.50309E-08
   0.20768E-01   0.49336E-08
   0.20943E-01   0.45968E-08
   0.21117E-01   0.46197E-08
   0.21292E-01   0.44293E-08
   0.21466E-01   0.43719E-08
   0.21641E-01   0.44030E-08
   0.21816E-01   0.42833E-08
   0.21990E-01   0.41696E-08
   0.22165E-01   0.42287E-08
   0.22339E-01   0.39683E-08
   0.22514E-01   0.39956E-08
   0.22688E-01   0.38313E-08
   0.22863E-01   0.36757E-08
   0.23037E-01   0.40450E-08
   0.23212E-01   0.40935E-08
   0.23386E-01   0.44794E-08
   0.23561E-01   0.50698E-08
   0.23735E-01   0.55306E-08
   0.23910E-01   0.62538E-08
   0.24084E-01   0.68115E-08
   0.24259E-01   0.77287E-08
   0.24433E-01   0.85340E-08
   0.24608E-01   0.91860E-08
   0.24782E-01   0.98987E-08
   0.24957E-01   0.10391E-07
   0.25131E-01   0.10902E-07
   0.25306E-01   0.11150E-07
   0.25481E-01   0.11224E-07
   0.25655E-01   0.11541E-07
   0.25830E-01   0.11241E-07
   0.26004E-01   0.11085E-07
   0.26179E-01   0.10840E-07
   0.26353E-01   0.10607E-07
   0.26528E-01   0.10116E-07
   0.26702E-01   0.97641E-08
   0.26877E-01   0.92020E-08
   0.27051E-01   0.89677E-08
   0.27226E-01   0.86934E-08
   0.27400E-01   0.80590E-08
   0.27575E-01   0.77447E-08
   0.27749E-01   0.72501E-08
   0.27924E-01   0.68738E-08
   0.28098E-01   0.64584E-08
   0.28273E-01   0.60833E-08
   0.28447E-01   0.58817E-08
   0.28622E-01   0.55874E-08
   0.28796E-01   0.52631E-08
   0.28971E-01   0.50454E-08
   0.29146E-01   0.48863E-08
   0.29320E-01   0.48395E-08
   0.29495E-01   0.46661E-08
   0.29669E-01   0.47850E-08
   0.29844E-01   0.48789E-08
   0.30018E-01   0.49911E-08
   0.30193E-01   0.50854E-08
   0.30367E-01   0.50717E-08
   0.30542E-01   0.53553E-08
   0.30716E-01   0.55736E-08
   0.30891E-01   0.55436E-08
   0.31065E-01   0.57232E-08
   0.31240E-01   0.58304E-08
   0.31414E-01   0.58516E-08
   0.31589E-01   0.57705E-08
   0.31763E-01   0.56929E-08
   0.31938E-01   0.56388E-08
   0.32112E-01   0.55415E-08
   0.32287E-01   0.52656E-08
   0.32461E-01   0.50381E-08
   0.32636E-01   0.49891E-08
   0.32811E-01   0.46433E-08
   0.32985E-01   0.43942E-08
   0.33160E-01   0.42660E-08
   0.33334E-01   0.40757E-08
   0.33509E-01   0.40207E-08
   0.33683E-01   0.39485E-08
   0.33858E-01   0.40352E-08
   0.34032E-01   0.41259E-08
   0.34207E-01   0.42443E-08
   0.34381E-01   0.43517E-08
   0.34556E-01   0.44683E-08
   0.34730E-01   0.46032E-08
   0.34905E-01   0.47531E-08
