        4.80        3.90
NULL
$r$
radial profile
0 0 0
0
   0.1100000E+31  -0.1100000E+31    5
   0.1100000E+31  -0.1100000E+31    5
    0
CURVE
     201
NULL
black_solid
NULL
    0.000000        0.000000    
   0.1745241E-03   0.7617749E-08
   0.3490481E-03  -0.8959607E-08
   0.5235722E-03   0.1629001E-08
   0.6980962E-03   0.3534090E-08
   0.8726203E-03   0.6467265E-10
   0.1047144E-02   0.1156887E-08
   0.1221668E-02   0.3724993E-08
   0.1396192E-02   0.1271884E-08
   0.1570717E-02   0.3220730E-10
   0.1745241E-02   0.3357586E-09
   0.1919765E-02   0.2445207E-08
   0.2094289E-02   0.2809775E-08
   0.2268813E-02   0.2269188E-08
   0.2443337E-02   0.3641132E-08
   0.2617861E-02   0.5294500E-08
   0.2792385E-02   0.4882208E-08
   0.2966909E-02   0.6161288E-08
   0.3141433E-02   0.7678250E-08
   0.3315957E-02   0.7885535E-08
   0.3490481E-02   0.8841369E-08
   0.3665005E-02   0.9510731E-08
   0.3839529E-02   0.1004272E-07
   0.4014053E-02   0.1096967E-07
   0.4188578E-02   0.1146428E-07
   0.4363101E-02   0.1202674E-07
   0.4537626E-02   0.1255348E-07
   0.4712150E-02   0.1291726E-07
   0.4886674E-02   0.1326503E-07
   0.5061198E-02   0.1359671E-07
   0.5235722E-02   0.1387790E-07
   0.5410246E-02   0.1395109E-07
   0.5584770E-02   0.1406685E-07
   0.5759294E-02   0.1402999E-07
   0.5933818E-02   0.1409985E-07
   0.6108342E-02   0.1414347E-07
   0.6282866E-02   0.1403053E-07
   0.6457390E-02   0.1388232E-07
   0.6631915E-02   0.1402390E-07
   0.6806438E-02   0.1398473E-07
   0.6980963E-02   0.1399866E-07
   0.7155487E-02   0.1416445E-07
   0.7330011E-02   0.1426447E-07
   0.7504535E-02   0.1431509E-07
   0.7679059E-02   0.1437613E-07
   0.7853583E-02   0.1445225E-07
   0.8028107E-02   0.1441740E-07
   0.8202631E-02   0.1448348E-07
   0.8377155E-02   0.1423134E-07
   0.8551680E-02   0.1389003E-07
   0.8726203E-02   0.1374308E-07
   0.8900727E-02   0.1341235E-07
   0.9075251E-02   0.1290630E-07
   0.9249776E-02   0.1255324E-07
   0.9424300E-02   0.1214314E-07
   0.9598823E-02   0.1170036E-07
   0.9773348E-02   0.1129349E-07
   0.9947872E-02   0.1120010E-07
   0.1012240E-01   0.1088198E-07
   0.1029692E-01   0.1085719E-07
   0.1047144E-01   0.1085693E-07
   0.1064597E-01   0.1088004E-07
   0.1082049E-01   0.1099712E-07
   0.1099502E-01   0.1110230E-07
   0.1116954E-01   0.1146021E-07
   0.1134406E-01   0.1164758E-07
   0.1151859E-01   0.1187699E-07
   0.1169311E-01   0.1217293E-07
   0.1186764E-01   0.1239474E-07
   0.1204216E-01   0.1254923E-07
   0.1221668E-01   0.1267533E-07
   0.1239121E-01   0.1275731E-07
   0.1256573E-01   0.1274133E-07
   0.1274026E-01   0.1271324E-07
   0.1291478E-01   0.1257953E-07
   0.1308930E-01   0.1244883E-07
   0.1326383E-01   0.1224986E-07
   0.1343835E-01   0.1182831E-07
   0.1361288E-01   0.1131382E-07
   0.1378740E-01   0.1092241E-07
   0.1396193E-01   0.1039402E-07
   0.1413645E-01   0.9731131E-08
   0.1431097E-01   0.9264000E-08
   0.1448550E-01   0.8624181E-08
   0.1466002E-01   0.8001816E-08
   0.1483455E-01   0.7567518E-08
   0.1500907E-01   0.7176308E-08
   0.1518359E-01   0.6583624E-08
   0.1535812E-01   0.6545693E-08
   0.1553264E-01   0.6274912E-08
   0.1570717E-01   0.6028488E-08
   0.1588169E-01   0.6140914E-08
   0.1605621E-01   0.6079566E-08
   0.1623074E-01   0.6250529E-08
   0.1640526E-01   0.6301652E-08
   0.1657979E-01   0.6490958E-08
   0.1675431E-01   0.6797036E-08
   0.1692883E-01   0.6901847E-08
   0.1710336E-01   0.7210525E-08
   0.1727788E-01   0.7532215E-08
   0.1745241E-01   0.7891042E-08
   0.1762693E-01   0.8105734E-08
   0.1780145E-01   0.8460791E-08
   0.1797598E-01   0.8808384E-08
   0.1815050E-01   0.9222245E-08
   0.1832503E-01   0.9518816E-08
   0.1849955E-01   0.9880044E-08
   0.1867408E-01   0.1026314E-07
   0.1884860E-01   0.1050503E-07
   0.1902312E-01   0.1074638E-07
   0.1919765E-01   0.1099917E-07
   0.1937217E-01   0.1115133E-07
   0.1954670E-01   0.1115964E-07
   0.1972122E-01   0.1120151E-07
   0.1989574E-01   0.1110085E-07
   0.2007027E-01   0.1108356E-07
   0.2024479E-01   0.1092191E-07
   0.2041932E-01   0.1080565E-07
   0.2059384E-01   0.1060403E-07
   0.2076836E-01   0.1033982E-07
   0.2094289E-01   0.1014825E-07
   0.2111741E-01   0.9927697E-08
   0.2129194E-01   0.9635918E-08
   0.2146646E-01   0.9425618E-08
   0.2164098E-01   0.9225225E-08
   0.2181551E-01   0.8989065E-08
   0.2199003E-01   0.8742696E-08
   0.2216456E-01   0.8601408E-08
   0.2233908E-01   0.8326520E-08
   0.2251360E-01   0.8195351E-08
   0.2268813E-01   0.8077903E-08
   0.2286265E-01   0.7829164E-08
   0.2303718E-01   0.7773181E-08
   0.2321170E-01   0.7631644E-08
   0.2338623E-01   0.7556817E-08
   0.2356075E-01   0.7471294E-08
   0.2373527E-01   0.7452035E-08
   0.2390980E-01   0.7413029E-08
   0.2408432E-01   0.7271620E-08
   0.2425884E-01   0.7292143E-08
   0.2443337E-01   0.7265863E-08
   0.2460789E-01   0.7181029E-08
   0.2478242E-01   0.7112730E-08
   0.2495694E-01   0.7067070E-08
   0.2513147E-01   0.7032085E-08
   0.2530599E-01   0.6968156E-08
   0.2548051E-01   0.6938026E-08
   0.2565504E-01   0.6948553E-08
   0.2582956E-01   0.6936060E-08
   0.2600409E-01   0.6990347E-08
   0.2617861E-01   0.7027141E-08
   0.2635313E-01   0.7116977E-08
   0.2652766E-01   0.7268666E-08
   0.2670218E-01   0.7377806E-08
   0.2687671E-01   0.7451873E-08
   0.2705123E-01   0.7643584E-08
   0.2722575E-01   0.7831083E-08
   0.2740028E-01   0.7786109E-08
   0.2757480E-01   0.7950981E-08
   0.2774933E-01   0.7916884E-08
   0.2792385E-01   0.7865044E-08
   0.2809837E-01   0.7815002E-08
   0.2827290E-01   0.7704396E-08
   0.2844742E-01   0.7624377E-08
   0.2862195E-01   0.7437023E-08
   0.2879647E-01   0.7330460E-08
   0.2897099E-01   0.7226746E-08
   0.2914552E-01   0.7059591E-08
   0.2932004E-01   0.6972037E-08
   0.2949457E-01   0.6825329E-08
   0.2966909E-01   0.6793882E-08
   0.2984362E-01   0.6745043E-08
   0.3001814E-01   0.6702862E-08
   0.3019266E-01   0.6716651E-08
   0.3036719E-01   0.6696853E-08
   0.3054171E-01   0.6724668E-08
   0.3071623E-01   0.6816121E-08
   0.3089076E-01   0.6780204E-08
   0.3106528E-01   0.6851368E-08
   0.3123981E-01   0.6896476E-08
   0.3141433E-01   0.6969268E-08
   0.3158886E-01   0.7101818E-08
   0.3176338E-01   0.7128358E-08
   0.3193790E-01   0.7154902E-08
   0.3211243E-01   0.7224463E-08
   0.3228695E-01   0.7184375E-08
   0.3246148E-01   0.7159535E-08
   0.3263600E-01   0.7092436E-08
   0.3281052E-01   0.6966860E-08
   0.3298505E-01   0.6871934E-08
   0.3315957E-01   0.6661994E-08
   0.3333410E-01   0.6575674E-08
   0.3350862E-01   0.6346867E-08
   0.3368314E-01   0.6182616E-08
   0.3385767E-01   0.6061122E-08
   0.3403219E-01   0.5905009E-08
   0.3420672E-01   0.5826191E-08
   0.3438124E-01   0.5768664E-08
   0.3455576E-01   0.5789835E-08
   0.3473029E-01   0.5900201E-08
   0.3490481E-01   0.6046619E-08
