   0.00000E+00   0.00000E+00
   0.17452E-03   0.64922E-10
   0.34905E-03   0.52615E-07
   0.52357E-03   0.78498E-07
   0.69810E-03   0.11448E-06
   0.87262E-03   0.19293E-06
   0.10471E-02   0.26521E-06
   0.12217E-02   0.32359E-06
   0.13962E-02   0.40324E-06
   0.15707E-02   0.47126E-06
   0.17452E-02   0.53274E-06
   0.19198E-02   0.58800E-06
   0.20943E-02   0.62952E-06
   0.22688E-02   0.66712E-06
   0.24433E-02   0.69312E-06
   0.26179E-02   0.70640E-06
   0.27924E-02   0.71400E-06
   0.29669E-02   0.71451E-06
   0.31414E-02   0.70836E-06
   0.33160E-02   0.69590E-06
   0.34905E-02   0.68146E-06
   0.36650E-02   0.66513E-06
   0.38395E-02   0.64438E-06
   0.40141E-02   0.62430E-06
   0.41886E-02   0.60390E-06
   0.43631E-02   0.58137E-06
   0.45376E-02   0.56039E-06
   0.47121E-02   0.53887E-06
   0.48867E-02   0.51711E-06
   0.50612E-02   0.49749E-06
   0.52357E-02   0.47685E-06
   0.54102E-02   0.45710E-06
   0.55848E-02   0.43954E-06
   0.57593E-02   0.42165E-06
   0.59338E-02   0.40507E-06
   0.61083E-02   0.39034E-06
   0.62829E-02   0.37569E-06
   0.64574E-02   0.36264E-06
   0.66319E-02   0.35049E-06
   0.68064E-02   0.33843E-06
   0.69810E-02   0.32773E-06
   0.71555E-02   0.31726E-06
   0.73300E-02   0.30667E-06
   0.75045E-02   0.29731E-06
   0.76791E-02   0.28797E-06
   0.78536E-02   0.27871E-06
   0.80281E-02   0.27055E-06
   0.82026E-02   0.26258E-06
   0.83772E-02   0.25503E-06
   0.85517E-02   0.24830E-06
   0.87262E-02   0.24213E-06
   0.89007E-02   0.23625E-06
   0.90753E-02   0.23099E-06
   0.92498E-02   0.22618E-06
   0.94243E-02   0.22142E-06
   0.95988E-02   0.21708E-06
   0.97733E-02   0.21259E-06
   0.99479E-02   0.20819E-06
   0.10122E-01   0.20398E-06
   0.10297E-01   0.19943E-06
   0.10471E-01   0.19511E-06
   0.10646E-01   0.19106E-06
   0.10820E-01   0.18671E-06
   0.10995E-01   0.18272E-06
   0.11170E-01   0.17918E-06
   0.11344E-01   0.17542E-06
   0.11519E-01   0.17211E-06
   0.11693E-01   0.16909E-06
   0.11868E-01   0.16595E-06
   0.12042E-01   0.16323E-06
   0.12217E-01   0.16048E-06
   0.12391E-01   0.15783E-06
   0.12566E-01   0.15536E-06
   0.12740E-01   0.15287E-06
   0.12915E-01   0.15045E-06
   0.13089E-01   0.14800E-06
   0.13264E-01   0.14576E-06
   0.13438E-01   0.14368E-06
   0.13613E-01   0.14156E-06
   0.13787E-01   0.13974E-06
   0.13962E-01   0.13789E-06
   0.14136E-01   0.13608E-06
   0.14311E-01   0.13445E-06
   0.14485E-01   0.13281E-06
   0.14660E-01   0.13116E-06
   0.14835E-01   0.12954E-06
   0.15009E-01   0.12799E-06
   0.15184E-01   0.12640E-06
   0.15358E-01   0.12466E-06
   0.15533E-01   0.12310E-06
   0.15707E-01   0.12156E-06
   0.15882E-01   0.11993E-06
   0.16056E-01   0.11858E-06
   0.16231E-01   0.11710E-06
   0.16405E-01   0.11567E-06
   0.16580E-01   0.11445E-06
   0.16754E-01   0.11314E-06
   0.16929E-01   0.11193E-06
   0.17103E-01   0.11066E-06
   0.17278E-01   0.10952E-06
   0.17452E-01   0.10818E-06
   0.17627E-01   0.10697E-06
   0.17801E-01   0.10574E-06
   0.17976E-01   0.10447E-06
   0.18151E-01   0.10324E-06
   0.18325E-01   0.10203E-06
   0.18500E-01   0.10094E-06
   0.18674E-01   0.99854E-07
   0.18849E-01   0.98862E-07
   0.19023E-01   0.97921E-07
   0.19198E-01   0.97032E-07
   0.19372E-01   0.96229E-07
   0.19547E-01   0.95402E-07
   0.19721E-01   0.94619E-07
   0.19896E-01   0.93988E-07
   0.20070E-01   0.93272E-07
   0.20245E-01   0.92561E-07
   0.20419E-01   0.91963E-07
   0.20594E-01   0.91337E-07
   0.20768E-01   0.90634E-07
   0.20943E-01   0.90104E-07
   0.21117E-01   0.89574E-07
   0.21292E-01   0.88979E-07
   0.21466E-01   0.88356E-07
   0.21641E-01   0.87756E-07
   0.21816E-01   0.87145E-07
   0.21990E-01   0.86445E-07
   0.22165E-01   0.85770E-07
   0.22339E-01   0.85071E-07
   0.22514E-01   0.84209E-07
   0.22688E-01   0.83445E-07
   0.22863E-01   0.82566E-07
   0.23037E-01   0.81723E-07
   0.23212E-01   0.80965E-07
   0.23386E-01   0.80173E-07
   0.23561E-01   0.79399E-07
   0.23735E-01   0.78865E-07
   0.23910E-01   0.78176E-07
   0.24084E-01   0.77530E-07
   0.24259E-01   0.77024E-07
   0.24433E-01   0.76484E-07
   0.24608E-01   0.75940E-07
   0.24782E-01   0.75384E-07
   0.24957E-01   0.74857E-07
   0.25131E-01   0.74402E-07
   0.25306E-01   0.73758E-07
   0.25481E-01   0.73215E-07
   0.25655E-01   0.72781E-07
   0.25830E-01   0.72337E-07
   0.26004E-01   0.71877E-07
   0.26179E-01   0.71470E-07
   0.26353E-01   0.71173E-07
   0.26528E-01   0.70868E-07
   0.26702E-01   0.70544E-07
   0.26877E-01   0.70238E-07
   0.27051E-01   0.69983E-07
   0.27226E-01   0.69641E-07
   0.27400E-01   0.69269E-07
   0.27575E-01   0.68878E-07
   0.27749E-01   0.68474E-07
   0.27924E-01   0.68059E-07
   0.28098E-01   0.67616E-07
   0.28273E-01   0.67240E-07
   0.28447E-01   0.66904E-07
   0.28622E-01   0.66564E-07
   0.28796E-01   0.66269E-07
   0.28971E-01   0.65995E-07
   0.29146E-01   0.65819E-07
   0.29320E-01   0.65640E-07
   0.29495E-01   0.65415E-07
   0.29669E-01   0.65266E-07
   0.29844E-01   0.65075E-07
   0.30018E-01   0.64740E-07
   0.30193E-01   0.64461E-07
   0.30367E-01   0.64045E-07
   0.30542E-01   0.63621E-07
   0.30716E-01   0.63171E-07
   0.30891E-01   0.62666E-07
   0.31065E-01   0.62026E-07
   0.31240E-01   0.61383E-07
   0.31414E-01   0.60791E-07
   0.31589E-01   0.60102E-07
   0.31763E-01   0.59409E-07
   0.31938E-01   0.58725E-07
   0.32112E-01   0.58043E-07
   0.32287E-01   0.57334E-07
   0.32461E-01   0.56615E-07
   0.32636E-01   0.55964E-07
   0.32811E-01   0.55297E-07
   0.32985E-01   0.54630E-07
   0.33160E-01   0.54102E-07
   0.33334E-01   0.53518E-07
   0.33509E-01   0.53037E-07
   0.33683E-01   0.52667E-07
   0.33858E-01   0.52270E-07
   0.34032E-01   0.51970E-07
   0.34207E-01   0.51781E-07
   0.34381E-01   0.51536E-07
   0.34556E-01   0.51377E-07
   0.34730E-01   0.51274E-07
   0.34905E-01   0.51120E-07
