   0.00000E+00   0.00000E+00
   0.17452E-03   0.63153E-10
   0.34905E-03   0.52279E-07
   0.52357E-03   0.78245E-07
   0.69810E-03   0.11421E-06
   0.87262E-03   0.19194E-06
   0.10471E-02   0.26420E-06
   0.12217E-02   0.32229E-06
   0.13962E-02   0.40154E-06
   0.15707E-02   0.46954E-06
   0.17452E-02   0.53106E-06
   0.19198E-02   0.58605E-06
   0.20943E-02   0.62781E-06
   0.22688E-02   0.66536E-06
   0.24433E-02   0.69112E-06
   0.26179E-02   0.70454E-06
   0.27924E-02   0.71212E-06
   0.29669E-02   0.71256E-06
   0.31414E-02   0.70647E-06
   0.33160E-02   0.69390E-06
   0.34905E-02   0.67944E-06
   0.36650E-02   0.66311E-06
   0.38395E-02   0.64221E-06
   0.40141E-02   0.62216E-06
   0.41886E-02   0.60173E-06
   0.43631E-02   0.57917E-06
   0.45376E-02   0.55814E-06
   0.47121E-02   0.53658E-06
   0.48867E-02   0.51486E-06
   0.50612E-02   0.49524E-06
   0.52357E-02   0.47450E-06
   0.54102E-02   0.45490E-06
   0.55848E-02   0.43734E-06
   0.57593E-02   0.41954E-06
   0.59338E-02   0.40306E-06
   0.61083E-02   0.38847E-06
   0.62829E-02   0.37396E-06
   0.64574E-02   0.36111E-06
   0.66319E-02   0.34915E-06
   0.68064E-02   0.33743E-06
   0.69810E-02   0.32684E-06
   0.71555E-02   0.31651E-06
   0.73300E-02   0.30605E-06
   0.75045E-02   0.29670E-06
   0.76791E-02   0.28731E-06
   0.78536E-02   0.27786E-06
   0.80281E-02   0.26952E-06
   0.82026E-02   0.26137E-06
   0.83772E-02   0.25352E-06
   0.85517E-02   0.24649E-06
   0.87262E-02   0.24020E-06
   0.89007E-02   0.23412E-06
   0.90753E-02   0.22866E-06
   0.92498E-02   0.22380E-06
   0.94243E-02   0.21897E-06
   0.95988E-02   0.21470E-06
   0.97733E-02   0.21040E-06
   0.99479E-02   0.20611E-06
   0.10122E-01   0.20208E-06
   0.10297E-01   0.19766E-06
   0.10471E-01   0.19344E-06
   0.10646E-01   0.18937E-06
   0.10820E-01   0.18502E-06
   0.10995E-01   0.18101E-06
   0.11170E-01   0.17736E-06
   0.11344E-01   0.17343E-06
   0.11519E-01   0.17001E-06
   0.11693E-01   0.16691E-06
   0.11868E-01   0.16373E-06
   0.12042E-01   0.16085E-06
   0.12217E-01   0.15807E-06
   0.12391E-01   0.15549E-06
   0.12566E-01   0.15303E-06
   0.12740E-01   0.15058E-06
   0.12915E-01   0.14824E-06
   0.13089E-01   0.14587E-06
   0.13264E-01   0.14363E-06
   0.13438E-01   0.14154E-06
   0.13613E-01   0.13951E-06
   0.13787E-01   0.13760E-06
   0.13962E-01   0.13570E-06
   0.14136E-01   0.13381E-06
   0.14311E-01   0.13207E-06
   0.14485E-01   0.13030E-06
   0.14660E-01   0.12855E-06
   0.14835E-01   0.12679E-06
   0.15009E-01   0.12509E-06
   0.15184E-01   0.12331E-06
   0.15358E-01   0.12146E-06
   0.15533E-01   0.11974E-06
   0.15707E-01   0.11808E-06
   0.15882E-01   0.11629E-06
   0.16056E-01   0.11487E-06
   0.16231E-01   0.11335E-06
   0.16405E-01   0.11191E-06
   0.16580E-01   0.11074E-06
   0.16754E-01   0.10942E-06
   0.16929E-01   0.10835E-06
   0.17103E-01   0.10722E-06
   0.17278E-01   0.10622E-06
   0.17452E-01   0.10508E-06
   0.17627E-01   0.10407E-06
   0.17801E-01   0.10301E-06
   0.17976E-01   0.10187E-06
   0.18151E-01   0.10072E-06
   0.18325E-01   0.99603E-07
   0.18500E-01   0.98552E-07
   0.18674E-01   0.97487E-07
   0.18849E-01   0.96422E-07
   0.19023E-01   0.95539E-07
   0.19198E-01   0.94620E-07
   0.19372E-01   0.93801E-07
   0.19547E-01   0.93008E-07
   0.19721E-01   0.92339E-07
   0.19896E-01   0.91810E-07
   0.20070E-01   0.91207E-07
   0.20245E-01   0.90690E-07
   0.20419E-01   0.90306E-07
   0.20594E-01   0.89848E-07
   0.20768E-01   0.89371E-07
   0.20943E-01   0.88980E-07
   0.21117E-01   0.88666E-07
   0.21292E-01   0.88235E-07
   0.21466E-01   0.87851E-07
   0.21641E-01   0.87437E-07
   0.21816E-01   0.87034E-07
   0.21990E-01   0.86560E-07
   0.22165E-01   0.86128E-07
   0.22339E-01   0.85642E-07
   0.22514E-01   0.85066E-07
   0.22688E-01   0.84561E-07
   0.22863E-01   0.83879E-07
   0.23037E-01   0.83329E-07
   0.23212E-01   0.82799E-07
   0.23386E-01   0.82111E-07
   0.23561E-01   0.81483E-07
   0.23735E-01   0.80913E-07
   0.23910E-01   0.80143E-07
   0.24084E-01   0.79398E-07
   0.24259E-01   0.78653E-07
   0.24433E-01   0.77860E-07
   0.24608E-01   0.77095E-07
   0.24782E-01   0.76192E-07
   0.24957E-01   0.75361E-07
   0.25131E-01   0.74643E-07
   0.25306E-01   0.73754E-07
   0.25481E-01   0.72887E-07
   0.25655E-01   0.72293E-07
   0.25830E-01   0.71767E-07
   0.26004E-01   0.71207E-07
   0.26179E-01   0.70816E-07
   0.26353E-01   0.70678E-07
   0.26528E-01   0.70469E-07
   0.26702E-01   0.70342E-07
   0.26877E-01   0.70366E-07
   0.27051E-01   0.70377E-07
   0.27226E-01   0.70385E-07
   0.27400E-01   0.70419E-07
   0.27575E-01   0.70394E-07
   0.27749E-01   0.70278E-07
   0.27924E-01   0.70185E-07
   0.28098E-01   0.70121E-07
   0.28273E-01   0.69933E-07
   0.28447E-01   0.69786E-07
   0.28622E-01   0.69646E-07
   0.28796E-01   0.69477E-07
   0.28971E-01   0.69228E-07
   0.29146E-01   0.69027E-07
   0.29320E-01   0.68820E-07
   0.29495E-01   0.68523E-07
   0.29669E-01   0.68247E-07
   0.29844E-01   0.67977E-07
   0.30018E-01   0.67523E-07
   0.30193E-01   0.67096E-07
   0.30367E-01   0.66597E-07
   0.30542E-01   0.66037E-07
   0.30716E-01   0.65484E-07
   0.30891E-01   0.64860E-07
   0.31065E-01   0.64087E-07
   0.31240E-01   0.63343E-07
   0.31414E-01   0.62641E-07
   0.31589E-01   0.61795E-07
   0.31763E-01   0.60929E-07
   0.31938E-01   0.60088E-07
   0.32112E-01   0.59238E-07
   0.32287E-01   0.58380E-07
   0.32461E-01   0.57468E-07
   0.32636E-01   0.56676E-07
   0.32811E-01   0.55876E-07
   0.32985E-01   0.55063E-07
   0.33160E-01   0.54379E-07
   0.33334E-01   0.53700E-07
   0.33509E-01   0.53120E-07
   0.33683E-01   0.52625E-07
   0.33858E-01   0.52111E-07
   0.34032E-01   0.51712E-07
   0.34207E-01   0.51442E-07
   0.34381E-01   0.51102E-07
   0.34556E-01   0.50917E-07
   0.34730E-01   0.50819E-07
   0.34905E-01   0.50640E-07
