        4.80        3.90
NULL
$r$
radial profile
0 0 0
0
   0.1100000E+31  -0.1100000E+31    5
   0.1100000E+31  -0.1100000E+31    5
    0
CURVE
     201
NULL
black_solid
NULL
    0.000000        0.000000    
   0.1745241E-03   0.6492229E-10
   0.3490481E-03   0.5261497E-07
   0.5235722E-03   0.7849794E-07
   0.6980962E-03   0.1144756E-06
   0.8726203E-03   0.1929256E-06
   0.1047144E-02   0.2652120E-06
   0.1221668E-02   0.3235890E-06
   0.1396192E-02   0.4032430E-06
   0.1570717E-02   0.4712557E-06
   0.1745241E-02   0.5327357E-06
   0.1919765E-02   0.5879970E-06
   0.2094289E-02   0.6295197E-06
   0.2268813E-02   0.6671166E-06
   0.2443337E-02   0.6931212E-06
   0.2617861E-02   0.7064039E-06
   0.2792385E-02   0.7139964E-06
   0.2966909E-02   0.7145136E-06
   0.3141433E-02   0.7083572E-06
   0.3315957E-02   0.6959032E-06
   0.3490481E-02   0.6814552E-06
   0.3665005E-02   0.6651284E-06
   0.3839529E-02   0.6443760E-06
   0.4014053E-02   0.6242951E-06
   0.4188578E-02   0.6039050E-06
   0.4363101E-02   0.5813735E-06
   0.4537626E-02   0.5603893E-06
   0.4712150E-02   0.5388660E-06
   0.4886674E-02   0.5171148E-06
   0.5061198E-02   0.4974913E-06
   0.5235722E-02   0.4768513E-06
   0.5410246E-02   0.4571031E-06
   0.5584770E-02   0.4395429E-06
   0.5759294E-02   0.4216513E-06
   0.5933818E-02   0.4050729E-06
   0.6108342E-02   0.3903368E-06
   0.6282866E-02   0.3756934E-06
   0.6457390E-02   0.3626380E-06
   0.6631915E-02   0.3504933E-06
   0.6806438E-02   0.3384304E-06
   0.6980963E-02   0.3277253E-06
   0.7155487E-02   0.3172629E-06
   0.7330011E-02   0.3066652E-06
   0.7504535E-02   0.2973082E-06
   0.7679059E-02   0.2879717E-06
   0.7853583E-02   0.2787112E-06
   0.8028107E-02   0.2705480E-06
   0.8202631E-02   0.2625789E-06
   0.8377155E-02   0.2550269E-06
   0.8551680E-02   0.2483008E-06
   0.8726203E-02   0.2421281E-06
   0.8900727E-02   0.2362514E-06
   0.9075251E-02   0.2309870E-06
   0.9249776E-02   0.2261840E-06
   0.9424300E-02   0.2214212E-06
   0.9598823E-02   0.2170765E-06
   0.9773348E-02   0.2125901E-06
   0.9947872E-02   0.2081878E-06
   0.1012240E-01   0.2039793E-06
   0.1029692E-01   0.1994270E-06
   0.1047144E-01   0.1951145E-06
   0.1064597E-01   0.1910593E-06
   0.1082049E-01   0.1867059E-06
   0.1099502E-01   0.1827213E-06
   0.1116954E-01   0.1791791E-06
   0.1134406E-01   0.1754211E-06
   0.1151859E-01   0.1721110E-06
   0.1169311E-01   0.1690915E-06
   0.1186764E-01   0.1659533E-06
   0.1204216E-01   0.1632261E-06
   0.1221668E-01   0.1604839E-06
   0.1239121E-01   0.1578292E-06
   0.1256573E-01   0.1553607E-06
   0.1274026E-01   0.1528722E-06
   0.1291478E-01   0.1504533E-06
   0.1308930E-01   0.1480040E-06
   0.1326383E-01   0.1457632E-06
   0.1343835E-01   0.1436787E-06
   0.1361288E-01   0.1415587E-06
   0.1378740E-01   0.1397374E-06
   0.1396193E-01   0.1378919E-06
   0.1413645E-01   0.1360835E-06
   0.1431097E-01   0.1344516E-06
   0.1448550E-01   0.1328085E-06
   0.1466002E-01   0.1311598E-06
   0.1483455E-01   0.1295435E-06
   0.1500907E-01   0.1279878E-06
   0.1518359E-01   0.1263974E-06
   0.1535812E-01   0.1246561E-06
   0.1553264E-01   0.1231010E-06
   0.1570717E-01   0.1215574E-06
   0.1588169E-01   0.1199319E-06
   0.1605621E-01   0.1185839E-06
   0.1623074E-01   0.1170984E-06
   0.1640526E-01   0.1156738E-06
   0.1657979E-01   0.1144465E-06
   0.1675431E-01   0.1131440E-06
   0.1692883E-01   0.1119337E-06
   0.1710336E-01   0.1106632E-06
   0.1727788E-01   0.1095247E-06
   0.1745241E-01   0.1081807E-06
   0.1762693E-01   0.1069684E-06
   0.1780145E-01   0.1057420E-06
   0.1797598E-01   0.1044718E-06
   0.1815050E-01   0.1032435E-06
   0.1832503E-01   0.1020348E-06
   0.1849955E-01   0.1009415E-06
   0.1867408E-01   0.9985415E-07
   0.1884860E-01   0.9886194E-07
   0.1902312E-01   0.9792122E-07
   0.1919765E-01   0.9703162E-07
   0.1937217E-01   0.9622931E-07
   0.1954670E-01   0.9540189E-07
   0.1972122E-01   0.9461923E-07
   0.1989574E-01   0.9398804E-07
   0.2007027E-01   0.9327175E-07
   0.2024479E-01   0.9256072E-07
   0.2041932E-01   0.9196273E-07
   0.2059384E-01   0.9133660E-07
   0.2076836E-01   0.9063429E-07
   0.2094289E-01   0.9010358E-07
   0.2111741E-01   0.8957373E-07
   0.2129194E-01   0.8897921E-07
   0.2146646E-01   0.8835584E-07
   0.2164098E-01   0.8775606E-07
   0.2181551E-01   0.8714503E-07
   0.2199003E-01   0.8644523E-07
   0.2216456E-01   0.8577029E-07
   0.2233908E-01   0.8507121E-07
   0.2251360E-01   0.8420899E-07
   0.2268813E-01   0.8344544E-07
   0.2286265E-01   0.8256579E-07
   0.2303718E-01   0.8172252E-07
   0.2321170E-01   0.8096538E-07
   0.2338623E-01   0.8017317E-07
   0.2356075E-01   0.7939925E-07
   0.2373527E-01   0.7886539E-07
   0.2390980E-01   0.7817591E-07
   0.2408432E-01   0.7753003E-07
   0.2425884E-01   0.7702370E-07
   0.2443337E-01   0.7648364E-07
   0.2460789E-01   0.7594042E-07
   0.2478242E-01   0.7538443E-07
   0.2495694E-01   0.7485676E-07
   0.2513147E-01   0.7440218E-07
   0.2530599E-01   0.7375777E-07
   0.2548051E-01   0.7321516E-07
   0.2565504E-01   0.7278083E-07
   0.2582956E-01   0.7233735E-07
   0.2600409E-01   0.7187700E-07
   0.2617861E-01   0.7147046E-07
   0.2635313E-01   0.7117304E-07
   0.2652766E-01   0.7086846E-07
   0.2670218E-01   0.7054443E-07
   0.2687671E-01   0.7023792E-07
   0.2705123E-01   0.6998261E-07
   0.2722575E-01   0.6964073E-07
   0.2740028E-01   0.6926916E-07
   0.2757480E-01   0.6887812E-07
   0.2774933E-01   0.6847372E-07
   0.2792385E-01   0.6805872E-07
   0.2809837E-01   0.6761645E-07
   0.2827290E-01   0.6724011E-07
   0.2844742E-01   0.6690361E-07
   0.2862195E-01   0.6656378E-07
   0.2879647E-01   0.6626904E-07
   0.2897099E-01   0.6599495E-07
   0.2914552E-01   0.6581946E-07
   0.2932004E-01   0.6563967E-07
   0.2949457E-01   0.6541465E-07
   0.2966909E-01   0.6526577E-07
   0.2984362E-01   0.6507540E-07
   0.3001814E-01   0.6474040E-07
   0.3019266E-01   0.6446069E-07
   0.3036719E-01   0.6404544E-07
   0.3054171E-01   0.6362097E-07
   0.3071623E-01   0.6317090E-07
   0.3089076E-01   0.6266582E-07
   0.3106528E-01   0.6202625E-07
   0.3123981E-01   0.6138274E-07
   0.3141433E-01   0.6079114E-07
   0.3158886E-01   0.6010173E-07
   0.3176338E-01   0.5940945E-07
   0.3193790E-01   0.5872498E-07
   0.3211243E-01   0.5804280E-07
   0.3228695E-01   0.5733403E-07
   0.3246148E-01   0.5661548E-07
   0.3263600E-01   0.5596399E-07
   0.3281052E-01   0.5529711E-07
   0.3298505E-01   0.5462951E-07
   0.3315957E-01   0.5410222E-07
   0.3333410E-01   0.5351800E-07
   0.3350862E-01   0.5303723E-07
   0.3368314E-01   0.5266654E-07
   0.3385767E-01   0.5227043E-07
   0.3403219E-01   0.5197021E-07
   0.3420672E-01   0.5178109E-07
   0.3438124E-01   0.5153574E-07
   0.3455576E-01   0.5137710E-07
   0.3473029E-01   0.5127367E-07
   0.3490481E-01   0.5111996E-07
