        4.80        3.90
NULL
$r$
radial profile
0 0 0
0
   0.1100000E+31  -0.1100000E+31    5
   0.1100000E+31  -0.1100000E+31    5
    0
CURVE
     201
NULL
black_solid
NULL
    0.000000       0.1495180E-05
   0.1745241E-03   0.1488957E-05
   0.3490481E-03   0.1426185E-05
   0.5235722E-03   0.1395701E-05
   0.6980962E-03   0.1356572E-05
   0.8726203E-03   0.1267825E-05
   0.1047144E-02   0.1185102E-05
   0.1221668E-02   0.1113727E-05
   0.1396192E-02   0.1015518E-05
   0.1570717E-02   0.9252134E-06
   0.1745241E-02   0.8372530E-06
   0.1919765E-02   0.7498987E-06
   0.2094289E-02   0.6748515E-06
   0.2268813E-02   0.5964968E-06
   0.2443337E-02   0.5290058E-06
   0.2617861E-02   0.4758840E-06
   0.2792385E-02   0.4196995E-06
   0.2966909E-02   0.3739025E-06
   0.3141433E-02   0.3387149E-06
   0.3315957E-02   0.3026791E-06
   0.3490481E-02   0.2739212E-06
   0.3665005E-02   0.2515046E-06
   0.3839529E-02   0.2289321E-06
   0.4014053E-02   0.2111987E-06
   0.4188578E-02   0.1962625E-06
   0.4363101E-02   0.1823682E-06
   0.4537626E-02   0.1712380E-06
   0.4712150E-02   0.1612455E-06
   0.4886674E-02   0.1526277E-06
   0.5061198E-02   0.1454232E-06
   0.5235722E-02   0.1389657E-06
   0.5410246E-02   0.1332997E-06
   0.5584770E-02   0.1284276E-06
   0.5759294E-02   0.1239044E-06
   0.5933818E-02   0.1195702E-06
   0.6108342E-02   0.1159839E-06
   0.6282866E-02   0.1120828E-06
   0.6457390E-02   0.1085544E-06
   0.6631915E-02   0.1055904E-06
   0.6806438E-02   0.1020405E-06
   0.6980963E-02   0.9931765E-07
   0.7155487E-02   0.9662433E-07
   0.7330011E-02   0.9408157E-07
   0.7504535E-02   0.9189082E-07
   0.7679059E-02   0.8994411E-07
   0.7853583E-02   0.8819077E-07
   0.8028107E-02   0.8638668E-07
   0.8202631E-02   0.8515092E-07
   0.8377155E-02   0.8360351E-07
   0.8551680E-02   0.8236754E-07
   0.8726203E-02   0.8127689E-07
   0.8900727E-02   0.7997961E-07
   0.9075251E-02   0.7900496E-07
   0.9249776E-02   0.7792864E-07
   0.9424300E-02   0.7709529E-07
   0.9598823E-02   0.7624103E-07
   0.9773348E-02   0.7554156E-07
   0.9947872E-02   0.7501788E-07
   0.1012240E-01   0.7438308E-07
   0.1029692E-01   0.7402192E-07
   0.1047144E-01   0.7342702E-07
   0.1064597E-01   0.7290825E-07
   0.1082049E-01   0.7247596E-07
   0.1099502E-01   0.7171575E-07
   0.1116954E-01   0.7105678E-07
   0.1134406E-01   0.7019647E-07
   0.1151859E-01   0.6925895E-07
   0.1169311E-01   0.6836557E-07
   0.1186764E-01   0.6716726E-07
   0.1204216E-01   0.6626033E-07
   0.1221668E-01   0.6503764E-07
   0.1239121E-01   0.6405001E-07
   0.1256573E-01   0.6301849E-07
   0.1274026E-01   0.6189659E-07
   0.1291478E-01   0.6108854E-07
   0.1308930E-01   0.6007856E-07
   0.1326383E-01   0.5916461E-07
   0.1343835E-01   0.5819833E-07
   0.1361288E-01   0.5739903E-07
   0.1378740E-01   0.5654626E-07
   0.1396193E-01   0.5559859E-07
   0.1413645E-01   0.5491076E-07
   0.1431097E-01   0.5413986E-07
   0.1448550E-01   0.5341314E-07
   0.1466002E-01   0.5280110E-07
   0.1483455E-01   0.5222083E-07
   0.1500907E-01   0.5174131E-07
   0.1518359E-01   0.5122228E-07
   0.1535812E-01   0.5094372E-07
   0.1553264E-01   0.5055697E-07
   0.1570717E-01   0.5020222E-07
   0.1588169E-01   0.4993813E-07
   0.1605621E-01   0.4961436E-07
   0.1623074E-01   0.4923687E-07
   0.1640526E-01   0.4885270E-07
   0.1657979E-01   0.4849940E-07
   0.1675431E-01   0.4820014E-07
   0.1692883E-01   0.4769264E-07
   0.1710336E-01   0.4739000E-07
   0.1727788E-01   0.4699194E-07
   0.1745241E-01   0.4661460E-07
   0.1762693E-01   0.4626954E-07
   0.1780145E-01   0.4585233E-07
   0.1797598E-01   0.4558194E-07
   0.1815050E-01   0.4515631E-07
   0.1832503E-01   0.4485480E-07
   0.1849955E-01   0.4445381E-07
   0.1867408E-01   0.4406557E-07
   0.1884860E-01   0.4365355E-07
   0.1902312E-01   0.4320360E-07
   0.1919765E-01   0.4281448E-07
   0.1937217E-01   0.4228802E-07
   0.1954670E-01   0.4183848E-07
   0.1972122E-01   0.4135278E-07
   0.1989574E-01   0.4077176E-07
   0.2007027E-01   0.4038047E-07
   0.2024479E-01   0.3973150E-07
   0.2041932E-01   0.3931708E-07
   0.2059384E-01   0.3882665E-07
   0.2076836E-01   0.3833297E-07
   0.2094289E-01   0.3797120E-07
   0.2111741E-01   0.3747162E-07
   0.2129194E-01   0.3713073E-07
   0.2146646E-01   0.3679907E-07
   0.2164098E-01   0.3649652E-07
   0.2181551E-01   0.3628178E-07
   0.2199003E-01   0.3604191E-07
   0.2216456E-01   0.3593986E-07
   0.2233908E-01   0.3578604E-07
   0.2251360E-01   0.3574948E-07
   0.2268813E-01   0.3568306E-07
   0.2286265E-01   0.3562212E-07
   0.2303718E-01   0.3561814E-07
   0.2321170E-01   0.3548471E-07
   0.2338623E-01   0.3545184E-07
   0.2356075E-01   0.3524243E-07
   0.2373527E-01   0.3502757E-07
   0.2390980E-01   0.3484685E-07
   0.2408432E-01   0.3450148E-07
   0.2425884E-01   0.3417462E-07
   0.2443337E-01   0.3377763E-07
   0.2460789E-01   0.3341627E-07
   0.2478242E-01   0.3294465E-07
   0.2495694E-01   0.3248735E-07
   0.2513147E-01   0.3205512E-07
   0.2530599E-01   0.3157417E-07
   0.2548051E-01   0.3106728E-07
   0.2565504E-01   0.3057347E-07
   0.2582956E-01   0.3010877E-07
   0.2600409E-01   0.2967409E-07
   0.2617861E-01   0.2917020E-07
   0.2635313E-01   0.2875563E-07
   0.2652766E-01   0.2843604E-07
   0.2670218E-01   0.2807210E-07
   0.2687671E-01   0.2773037E-07
   0.2705123E-01   0.2747879E-07
   0.2722575E-01   0.2733955E-07
   0.2740028E-01   0.2715638E-07
   0.2757480E-01   0.2702598E-07
   0.2774933E-01   0.2696369E-07
   0.2792385E-01   0.2682326E-07
   0.2809837E-01   0.2672208E-07
   0.2827290E-01   0.2659368E-07
   0.2844742E-01   0.2643540E-07
   0.2862195E-01   0.2625841E-07
   0.2879647E-01   0.2609450E-07
   0.2897099E-01   0.2582189E-07
   0.2914552E-01   0.2562367E-07
   0.2932004E-01   0.2550483E-07
   0.2949457E-01   0.2519221E-07
   0.2966909E-01   0.2511670E-07
   0.2984362E-01   0.2504041E-07
   0.3001814E-01   0.2492010E-07
   0.3019266E-01   0.2490730E-07
   0.3036719E-01   0.2488730E-07
   0.3054171E-01   0.2496768E-07
   0.3071623E-01   0.2497235E-07
   0.3089076E-01   0.2499618E-07
   0.3106528E-01   0.2505568E-07
   0.3123981E-01   0.2493830E-07
   0.3141433E-01   0.2498338E-07
   0.3158886E-01   0.2489095E-07
   0.3176338E-01   0.2483273E-07
   0.3193790E-01   0.2479269E-07
   0.3211243E-01   0.2465722E-07
   0.3228695E-01   0.2466117E-07
   0.3246148E-01   0.2455456E-07
   0.3263600E-01   0.2449395E-07
   0.3281052E-01   0.2447030E-07
   0.3298505E-01   0.2444833E-07
   0.3315957E-01   0.2443123E-07
   0.3333410E-01   0.2434897E-07
   0.3350862E-01   0.2438563E-07
   0.3368314E-01   0.2427323E-07
   0.3385767E-01   0.2417289E-07
   0.3403219E-01   0.2407747E-07
   0.3420672E-01   0.2391303E-07
   0.3438124E-01   0.2376398E-07
   0.3455576E-01   0.2354654E-07
   0.3473029E-01   0.2342946E-07
   0.3490481E-01   0.2327200E-07
