        4.80        3.90
NULL
$r$
radial profile
0 0 0
0
   0.1100000E+31  -0.1100000E+31    5
   0.1100000E+31  -0.1100000E+31    5
    0
CURVE
     201
NULL
black_solid
NULL
    0.000000        0.000000    
   0.1745241E-03   0.7451376E-08
   0.3490481E-03  -0.8597461E-08
   0.5235722E-03   0.1885160E-08
   0.6980962E-03   0.3122608E-08
   0.8726203E-03   0.1871704E-09
   0.1047144E-02   0.1067180E-08
   0.1221668E-02   0.3705402E-08
   0.1396192E-02   0.1880815E-08
   0.1570717E-02   0.4548071E-09
   0.1745241E-02   0.1022846E-08
   0.1919765E-02   0.3751636E-08
   0.2094289E-02   0.4185108E-08
   0.2268813E-02   0.3440091E-08
   0.2443337E-02   0.5081588E-08
   0.2617861E-02   0.6645611E-08
   0.2792385E-02   0.6387892E-08
   0.2966909E-02   0.7426529E-08
   0.3141433E-02   0.8689197E-08
   0.3315957E-02   0.8811003E-08
   0.3490481E-02   0.9333075E-08
   0.3665005E-02   0.9942948E-08
   0.3839529E-02   0.1014070E-07
   0.4014053E-02   0.1084706E-07
   0.4188578E-02   0.1145677E-07
   0.4363101E-02   0.1212781E-07
   0.4537626E-02   0.1269557E-07
   0.4712150E-02   0.1329849E-07
   0.4886674E-02   0.1410338E-07
   0.5061198E-02   0.1463571E-07
   0.5235722E-02   0.1525601E-07
   0.5410246E-02   0.1577075E-07
   0.5584770E-02   0.1621913E-07
   0.5759294E-02   0.1638810E-07
   0.5933818E-02   0.1694580E-07
   0.6108342E-02   0.1709108E-07
   0.6282866E-02   0.1709711E-07
   0.6457390E-02   0.1702276E-07
   0.6631915E-02   0.1707365E-07
   0.6806438E-02   0.1701549E-07
   0.6980963E-02   0.1698372E-07
   0.7155487E-02   0.1671104E-07
   0.7330011E-02   0.1693213E-07
   0.7504535E-02   0.1677987E-07
   0.7679059E-02   0.1674635E-07
   0.7853583E-02   0.1673311E-07
   0.8028107E-02   0.1655315E-07
   0.8202631E-02   0.1656872E-07
   0.8377155E-02   0.1593850E-07
   0.8551680E-02   0.1551755E-07
   0.8726203E-02   0.1506394E-07
   0.8900727E-02   0.1428634E-07
   0.9075251E-02   0.1366927E-07
   0.9249776E-02   0.1305944E-07
   0.9424300E-02   0.1242508E-07
   0.9598823E-02   0.1181801E-07
   0.9773348E-02   0.1158022E-07
   0.9947872E-02   0.1137677E-07
   0.1012240E-01   0.1091868E-07
   0.1029692E-01   0.1119544E-07
   0.1047144E-01   0.1142176E-07
   0.1064597E-01   0.1151884E-07
   0.1082049E-01   0.1206183E-07
   0.1099502E-01   0.1243109E-07
   0.1116954E-01   0.1297797E-07
   0.1134406E-01   0.1348736E-07
   0.1151859E-01   0.1392242E-07
   0.1169311E-01   0.1414336E-07
   0.1186764E-01   0.1457735E-07
   0.1204216E-01   0.1491192E-07
   0.1221668E-01   0.1475025E-07
   0.1239121E-01   0.1480701E-07
   0.1256573E-01   0.1478935E-07
   0.1274026E-01   0.1446760E-07
   0.1291478E-01   0.1425471E-07
   0.1308930E-01   0.1396019E-07
   0.1326383E-01   0.1362604E-07
   0.1343835E-01   0.1308975E-07
   0.1361288E-01   0.1252964E-07
   0.1378740E-01   0.1191042E-07
   0.1396193E-01   0.1119942E-07
   0.1413645E-01   0.1045020E-07
   0.1431097E-01   0.9753315E-08
   0.1448550E-01   0.8997615E-08
   0.1466002E-01   0.8378308E-08
   0.1483455E-01   0.8009449E-08
   0.1500907E-01   0.7659722E-08
   0.1518359E-01   0.6908898E-08
   0.1535812E-01   0.7194331E-08
   0.1553264E-01   0.6974338E-08
   0.1570717E-01   0.6834699E-08
   0.1588169E-01   0.7218813E-08
   0.1605621E-01   0.7275169E-08
   0.1623074E-01   0.7621913E-08
   0.1640526E-01   0.7918558E-08
   0.1657979E-01   0.8208715E-08
   0.1675431E-01   0.8778728E-08
   0.1692883E-01   0.8885220E-08
   0.1710336E-01   0.9252761E-08
   0.1727788E-01   0.9486972E-08
   0.1745241E-01   0.9745083E-08
   0.1762693E-01   0.9884219E-08
   0.1780145E-01   0.1001762E-07
   0.1797598E-01   0.1022246E-07
   0.1815050E-01   0.1041366E-07
   0.1832503E-01   0.1046854E-07
   0.1849955E-01   0.1058610E-07
   0.1867408E-01   0.1053719E-07
   0.1884860E-01   0.1032251E-07
   0.1902312E-01   0.1037179E-07
   0.1919765E-01   0.9955158E-08
   0.1937217E-01   0.9753601E-08
   0.1954670E-01   0.9478145E-08
   0.1972122E-01   0.9024032E-08
   0.1989574E-01   0.8586509E-08
   0.2007027E-01   0.8347611E-08
   0.2024479E-01   0.8078620E-08
   0.2041932E-01   0.7783603E-08
   0.2059384E-01   0.7625172E-08
   0.2076836E-01   0.7604821E-08
   0.2094289E-01   0.7404969E-08
   0.2111741E-01   0.7447991E-08
   0.2129194E-01   0.7428250E-08
   0.2146646E-01   0.7469132E-08
   0.2164098E-01   0.7595773E-08
   0.2181551E-01   0.7536000E-08
   0.2199003E-01   0.7465399E-08
   0.2216456E-01   0.7461439E-08
   0.2233908E-01   0.7064471E-08
   0.2251360E-01   0.6985824E-08
   0.2268813E-01   0.6682074E-08
   0.2286265E-01   0.6250831E-08
   0.2303718E-01   0.6293805E-08
   0.2321170E-01   0.6053742E-08
   0.2338623E-01   0.6068706E-08
   0.2356075E-01   0.6268110E-08
   0.2373527E-01   0.6289114E-08
   0.2390980E-01   0.6611720E-08
   0.2408432E-01   0.6769179E-08
   0.2425884E-01   0.7178138E-08
   0.2443337E-01   0.7593511E-08
   0.2460789E-01   0.7875551E-08
   0.2478242E-01   0.8162539E-08
   0.2495694E-01   0.8307272E-08
   0.2513147E-01   0.8465586E-08
   0.2530599E-01   0.8470398E-08
   0.2548051E-01   0.8254692E-08
   0.2565504E-01   0.8259042E-08
   0.2582956E-01   0.7827753E-08
   0.2600409E-01   0.7450750E-08
   0.2617861E-01   0.7079815E-08
   0.2635313E-01   0.6748258E-08
   0.2652766E-01   0.6246483E-08
   0.2670218E-01   0.5837842E-08
   0.2687671E-01   0.5333052E-08
   0.2705123E-01   0.5175363E-08
   0.2722575E-01   0.4954424E-08
   0.2740028E-01   0.4433443E-08
   0.2757480E-01   0.4249919E-08
   0.2774933E-01   0.3976913E-08
   0.2792385E-01   0.3770574E-08
   0.2809837E-01   0.3524655E-08
   0.2827290E-01   0.3468958E-08
   0.2844742E-01   0.3468471E-08
   0.2862195E-01   0.3429298E-08
   0.2879647E-01   0.3371422E-08
   0.2897099E-01   0.3400483E-08
   0.2914552E-01   0.3446914E-08
   0.2932004E-01   0.3629133E-08
   0.2949457E-01   0.3692252E-08
   0.2966909E-01   0.3945582E-08
   0.2984362E-01   0.4224584E-08
   0.3001814E-01   0.4475968E-08
   0.3019266E-01   0.4683169E-08
   0.3036719E-01   0.4825401E-08
   0.3054171E-01   0.5220159E-08
   0.3071623E-01   0.5502607E-08
   0.3089076E-01   0.5640712E-08
   0.3106528E-01   0.5932191E-08
   0.3123981E-01   0.6088237E-08
   0.3141433E-01   0.6299970E-08
   0.3158886E-01   0.6364210E-08
   0.3176338E-01   0.6335561E-08
   0.3193790E-01   0.6400950E-08
   0.3211243E-01   0.6364703E-08
   0.3228695E-01   0.6079533E-08
   0.3246148E-01   0.5813892E-08
   0.3263600E-01   0.5649066E-08
   0.3281052E-01   0.5157890E-08
   0.3298505E-01   0.4747207E-08
   0.3315957E-01   0.4429042E-08
   0.3333410E-01   0.4016965E-08
   0.3350862E-01   0.3767918E-08
   0.3368314E-01   0.3529677E-08
   0.3385767E-01   0.3453949E-08
   0.3403219E-01   0.3433077E-08
   0.3420672E-01   0.3439083E-08
   0.3438124E-01   0.3612589E-08
   0.3455576E-01   0.3711484E-08
   0.3473029E-01   0.3921126E-08
   0.3490481E-01   0.4199481E-08
