        4.80        3.90
NULL
$r$
radial profile
0 0 0
0
   0.1100000E+31  -0.1100000E+31    5
   0.1100000E+31  -0.1100000E+31    5
    0
CURVE
     201
NULL
black_solid
NULL
    0.000000       0.1431599E-05
   0.1745241E-03   0.1425487E-05
   0.3490481E-03   0.1364873E-05
   0.5235722E-03   0.1335305E-05
   0.6980962E-03   0.1296950E-05
   0.8726203E-03   0.1213794E-05
   0.1047144E-02   0.1132209E-05
   0.1221668E-02   0.1063483E-05
   0.1396192E-02   0.9707886E-06
   0.1570717E-02   0.8831428E-06
   0.1745241E-02   0.7982045E-06
   0.1919765E-02   0.7160369E-06
   0.2094289E-02   0.6437179E-06
   0.2268813E-02   0.5690545E-06
   0.2443337E-02   0.5053239E-06
   0.2617861E-02   0.4545110E-06
   0.2792385E-02   0.4013078E-06
   0.2966909E-02   0.3579847E-06
   0.3141433E-02   0.3243132E-06
   0.3315957E-02   0.2903007E-06
   0.3490481E-02   0.2628225E-06
   0.3665005E-02   0.2413221E-06
   0.3839529E-02   0.2199448E-06
   0.4014053E-02   0.2027819E-06
   0.4188578E-02   0.1879875E-06
   0.4363101E-02   0.1746066E-06
   0.4537626E-02   0.1636959E-06
   0.4712150E-02   0.1534903E-06
   0.4886674E-02   0.1447733E-06
   0.5061198E-02   0.1375912E-06
   0.5235722E-02   0.1305643E-06
   0.5410246E-02   0.1245490E-06
   0.5584770E-02   0.1196284E-06
   0.5759294E-02   0.1146018E-06
   0.5933818E-02   0.1099230E-06
   0.6108342E-02   0.1060952E-06
   0.6282866E-02   0.1018905E-06
   0.6457390E-02   0.9823863E-07
   0.6631915E-02   0.9517602E-07
   0.6806438E-02   0.9162036E-07
   0.6980963E-02   0.8879804E-07
   0.7155487E-02   0.8638180E-07
   0.7330011E-02   0.8420478E-07
   0.7504535E-02   0.8222916E-07
   0.7679059E-02   0.8091242E-07
   0.7853583E-02   0.7990485E-07
   0.8028107E-02   0.7849648E-07
   0.8202631E-02   0.7818539E-07
   0.8377155E-02   0.7728237E-07
   0.8551680E-02   0.7684723E-07
   0.8726203E-02   0.7635337E-07
   0.8900727E-02   0.7528843E-07
   0.9075251E-02   0.7488246E-07
   0.9249776E-02   0.7395488E-07
   0.9424300E-02   0.7284606E-07
   0.9598823E-02   0.7206910E-07
   0.9773348E-02   0.7104371E-07
   0.9947872E-02   0.7007731E-07
   0.1012240E-01   0.6898271E-07
   0.1029692E-01   0.6822093E-07
   0.1047144E-01   0.6703357E-07
   0.1064597E-01   0.6586990E-07
   0.1082049E-01   0.6511855E-07
   0.1099502E-01   0.6387317E-07
   0.1116954E-01   0.6283886E-07
   0.1134406E-01   0.6164157E-07
   0.1151859E-01   0.6052674E-07
   0.1169311E-01   0.5935611E-07
   0.1186764E-01   0.5789510E-07
   0.1204216E-01   0.5690314E-07
   0.1221668E-01   0.5539630E-07
   0.1239121E-01   0.5437530E-07
   0.1256573E-01   0.5325587E-07
   0.1274026E-01   0.5186786E-07
   0.1291478E-01   0.5104101E-07
   0.1308930E-01   0.5009272E-07
   0.1326383E-01   0.4890203E-07
   0.1343835E-01   0.4785795E-07
   0.1361288E-01   0.4717316E-07
   0.1378740E-01   0.4618499E-07
   0.1396193E-01   0.4491368E-07
   0.1413645E-01   0.4440994E-07
   0.1431097E-01   0.4358165E-07
   0.1448550E-01   0.4269915E-07
   0.1466002E-01   0.4219159E-07
   0.1483455E-01   0.4174350E-07
   0.1500907E-01   0.4142463E-07
   0.1518359E-01   0.4120312E-07
   0.1535812E-01   0.4116944E-07
   0.1553264E-01   0.4124934E-07
   0.1570717E-01   0.4157858E-07
   0.1588169E-01   0.4187093E-07
   0.1605621E-01   0.4232824E-07
   0.1623074E-01   0.4267898E-07
   0.1640526E-01   0.4298420E-07
   0.1657979E-01   0.4323072E-07
   0.1675431E-01   0.4366061E-07
   0.1692883E-01   0.4374956E-07
   0.1710336E-01   0.4373288E-07
   0.1727788E-01   0.4378517E-07
   0.1745241E-01   0.4353171E-07
   0.1762693E-01   0.4338233E-07
   0.1780145E-01   0.4289966E-07
   0.1797598E-01   0.4255821E-07
   0.1815050E-01   0.4216319E-07
   0.1832503E-01   0.4160617E-07
   0.1849955E-01   0.4116269E-07
   0.1867408E-01   0.4072444E-07
   0.1884860E-01   0.4019610E-07
   0.1902312E-01   0.3992554E-07
   0.1919765E-01   0.3956337E-07
   0.1937217E-01   0.3914769E-07
   0.1954670E-01   0.3888619E-07
   0.1972122E-01   0.3856323E-07
   0.1989574E-01   0.3816371E-07
   0.2007027E-01   0.3776177E-07
   0.2024479E-01   0.3730210E-07
   0.2041932E-01   0.3693610E-07
   0.2059384E-01   0.3645557E-07
   0.2076836E-01   0.3602764E-07
   0.2094289E-01   0.3558688E-07
   0.2111741E-01   0.3505774E-07
   0.2129194E-01   0.3450736E-07
   0.2146646E-01   0.3426450E-07
   0.2164098E-01   0.3374772E-07
   0.2181551E-01   0.3327255E-07
   0.2199003E-01   0.3301603E-07
   0.2216456E-01   0.3262856E-07
   0.2233908E-01   0.3215222E-07
   0.2251360E-01   0.3173411E-07
   0.2268813E-01   0.3136477E-07
   0.2286265E-01   0.3093665E-07
   0.2303718E-01   0.3046544E-07
   0.2321170E-01   0.3011801E-07
   0.2338623E-01   0.2955000E-07
   0.2356075E-01   0.2903881E-07
   0.2373527E-01   0.2847899E-07
   0.2390980E-01   0.2798924E-07
   0.2408432E-01   0.2737309E-07
   0.2425884E-01   0.2682598E-07
   0.2443337E-01   0.2631618E-07
   0.2460789E-01   0.2579938E-07
   0.2478242E-01   0.2531843E-07
   0.2495694E-01   0.2494423E-07
   0.2513147E-01   0.2462235E-07
   0.2530599E-01   0.2426058E-07
   0.2548051E-01   0.2399209E-07
   0.2565504E-01   0.2380975E-07
   0.2582956E-01   0.2367536E-07
   0.2600409E-01   0.2361805E-07
   0.2617861E-01   0.2344807E-07
   0.2635313E-01   0.2351172E-07
   0.2652766E-01   0.2349544E-07
   0.2670218E-01   0.2356470E-07
   0.2687671E-01   0.2372362E-07
   0.2705123E-01   0.2374971E-07
   0.2722575E-01   0.2395792E-07
   0.2740028E-01   0.2420995E-07
   0.2757480E-01   0.2431246E-07
   0.2774933E-01   0.2451459E-07
   0.2792385E-01   0.2476048E-07
   0.2809837E-01   0.2490625E-07
   0.2827290E-01   0.2505849E-07
   0.2844742E-01   0.2519431E-07
   0.2862195E-01   0.2538702E-07
   0.2879647E-01   0.2545927E-07
   0.2897099E-01   0.2534775E-07
   0.2914552E-01   0.2548922E-07
   0.2932004E-01   0.2556663E-07
   0.2949457E-01   0.2538715E-07
   0.2966909E-01   0.2527590E-07
   0.2984362E-01   0.2527297E-07
   0.3001814E-01   0.2510527E-07
   0.3019266E-01   0.2476034E-07
   0.3036719E-01   0.2460247E-07
   0.3054171E-01   0.2435429E-07
   0.3071623E-01   0.2404210E-07
   0.3089076E-01   0.2377243E-07
   0.3106528E-01   0.2344896E-07
   0.3123981E-01   0.2300946E-07
   0.3141433E-01   0.2286334E-07
   0.3158886E-01   0.2252500E-07
   0.3176338E-01   0.2231978E-07
   0.3193790E-01   0.2233973E-07
   0.3211243E-01   0.2214702E-07
   0.3228695E-01   0.2213520E-07
   0.3246148E-01   0.2217307E-07
   0.3263600E-01   0.2214533E-07
   0.3281052E-01   0.2219408E-07
   0.3298505E-01   0.2237257E-07
   0.3315957E-01   0.2245560E-07
   0.3333410E-01   0.2229573E-07
   0.3350862E-01   0.2234572E-07
   0.3368314E-01   0.2244284E-07
   0.3385767E-01   0.2230055E-07
   0.3403219E-01   0.2220713E-07
   0.3420672E-01   0.2215870E-07
   0.3438124E-01   0.2201621E-07
   0.3455576E-01   0.2196131E-07
   0.3473029E-01   0.2203477E-07
   0.3490481E-01   0.2199345E-07
