   0.00000E+00   0.14243E-05
   0.17452E-03   0.14183E-05
   0.34905E-03   0.13582E-05
   0.52357E-03   0.13291E-05
   0.69810E-03   0.12912E-05
   0.87262E-03   0.12076E-05
   0.10471E-02   0.11274E-05
   0.12217E-02   0.10594E-05
   0.13962E-02   0.96652E-06
   0.15707E-02   0.87967E-06
   0.17452E-02   0.79570E-06
   0.19198E-02   0.71352E-06
   0.20943E-02   0.64151E-06
   0.22688E-02   0.56733E-06
   0.24433E-02   0.50386E-06
   0.26179E-02   0.45331E-06
   0.27924E-02   0.40032E-06
   0.29669E-02   0.35735E-06
   0.31414E-02   0.32423E-06
   0.33160E-02   0.29052E-06
   0.34905E-02   0.26334E-06
   0.36650E-02   0.24239E-06
   0.38395E-02   0.22106E-06
   0.40141E-02   0.20423E-06
   0.41886E-02   0.18994E-06
   0.43631E-02   0.17659E-06
   0.45376E-02   0.16581E-06
   0.47121E-02   0.15578E-06
   0.48867E-02   0.14723E-06
   0.50612E-02   0.14016E-06
   0.52357E-02   0.13338E-06
   0.54102E-02   0.12756E-06
   0.55848E-02   0.12266E-06
   0.57593E-02   0.11809E-06
   0.59338E-02   0.11357E-06
   0.61083E-02   0.10993E-06
   0.62829E-02   0.10615E-06
   0.64574E-02   0.10259E-06
   0.66319E-02   0.99630E-07
   0.68064E-02   0.96135E-07
   0.69810E-02   0.93501E-07
   0.71555E-02   0.91034E-07
   0.73300E-02   0.88472E-07
   0.75045E-02   0.86450E-07
   0.76791E-02   0.84967E-07
   0.78536E-02   0.83400E-07
   0.80281E-02   0.81728E-07
   0.82026E-02   0.81009E-07
   0.83772E-02   0.79729E-07
   0.85517E-02   0.78855E-07
   0.87262E-02   0.78051E-07
   0.89007E-02   0.76824E-07
   0.90753E-02   0.76022E-07
   0.92498E-02   0.74966E-07
   0.94243E-02   0.73845E-07
   0.95988E-02   0.72769E-07
   0.97733E-02   0.71684E-07
   0.99479E-02   0.70655E-07
   0.10122E-01   0.69512E-07
   0.10297E-01   0.68662E-07
   0.10471E-01   0.67517E-07
   0.10646E-01   0.66454E-07
   0.10820E-01   0.65721E-07
   0.10995E-01   0.64660E-07
   0.11170E-01   0.63754E-07
   0.11344E-01   0.62849E-07
   0.11519E-01   0.61964E-07
   0.11693E-01   0.61045E-07
   0.11868E-01   0.59996E-07
   0.12042E-01   0.59237E-07
   0.12217E-01   0.58093E-07
   0.12391E-01   0.57292E-07
   0.12566E-01   0.56461E-07
   0.12740E-01   0.55228E-07
   0.12915E-01   0.54435E-07
   0.13089E-01   0.53528E-07
   0.13264E-01   0.52433E-07
   0.13438E-01   0.51343E-07
   0.13613E-01   0.50685E-07
   0.13787E-01   0.49789E-07
   0.13962E-01   0.48634E-07
   0.14136E-01   0.48196E-07
   0.14311E-01   0.47607E-07
   0.14485E-01   0.46979E-07
   0.14660E-01   0.46678E-07
   0.14835E-01   0.46431E-07
   0.15009E-01   0.46315E-07
   0.15184E-01   0.46225E-07
   0.15358E-01   0.46318E-07
   0.15533E-01   0.46401E-07
   0.15707E-01   0.46570E-07
   0.15882E-01   0.46665E-07
   0.16056E-01   0.46828E-07
   0.16231E-01   0.46872E-07
   0.16405E-01   0.46764E-07
   0.16580E-01   0.46654E-07
   0.16754E-01   0.46736E-07
   0.16929E-01   0.46383E-07
   0.17103E-01   0.46223E-07
   0.17278E-01   0.46009E-07
   0.17452E-01   0.45710E-07
   0.17627E-01   0.45483E-07
   0.17801E-01   0.45013E-07
   0.17976E-01   0.44778E-07
   0.18151E-01   0.44442E-07
   0.18325E-01   0.44115E-07
   0.18500E-01   0.43751E-07
   0.18674E-01   0.43461E-07
   0.18849E-01   0.43065E-07
   0.19023E-01   0.42727E-07
   0.19198E-01   0.42469E-07
   0.19372E-01   0.42070E-07
   0.19547E-01   0.41803E-07
   0.19721E-01   0.41506E-07
   0.19896E-01   0.41076E-07
   0.20070E-01   0.40743E-07
   0.20245E-01   0.40299E-07
   0.20419E-01   0.39922E-07
   0.20594E-01   0.39518E-07
   0.20768E-01   0.39094E-07
   0.20943E-01   0.38667E-07
   0.21117E-01   0.38190E-07
   0.21292E-01   0.37720E-07
   0.21466E-01   0.37360E-07
   0.21641E-01   0.36916E-07
   0.21816E-01   0.36546E-07
   0.21990E-01   0.36146E-07
   0.22165E-01   0.35794E-07
   0.22339E-01   0.35333E-07
   0.22514E-01   0.34977E-07
   0.22688E-01   0.34517E-07
   0.22863E-01   0.34088E-07
   0.23037E-01   0.33646E-07
   0.23212E-01   0.33185E-07
   0.23386E-01   0.32709E-07
   0.23561E-01   0.32091E-07
   0.23735E-01   0.31518E-07
   0.23910E-01   0.31019E-07
   0.24084E-01   0.30350E-07
   0.24259E-01   0.29806E-07
   0.24433E-01   0.29200E-07
   0.24608E-01   0.28686E-07
   0.24782E-01   0.28123E-07
   0.24957E-01   0.27665E-07
   0.25131E-01   0.27285E-07
   0.25306E-01   0.26814E-07
   0.25481E-01   0.26425E-07
   0.25655E-01   0.26082E-07
   0.25830E-01   0.25796E-07
   0.26004E-01   0.25526E-07
   0.26179E-01   0.25220E-07
   0.26353E-01   0.25027E-07
   0.26528E-01   0.24879E-07
   0.26702E-01   0.24713E-07
   0.26877E-01   0.24648E-07
   0.27051E-01   0.24520E-07
   0.27226E-01   0.24533E-07
   0.27400E-01   0.24550E-07
   0.27575E-01   0.24509E-07
   0.27749E-01   0.24533E-07
   0.27924E-01   0.24510E-07
   0.28098E-01   0.24512E-07
   0.28273E-01   0.24490E-07
   0.28447E-01   0.24433E-07
   0.28622E-01   0.24377E-07
   0.28796E-01   0.24316E-07
   0.28971E-01   0.24098E-07
   0.29146E-01   0.24074E-07
   0.29320E-01   0.24012E-07
   0.29495E-01   0.23837E-07
   0.29669E-01   0.23824E-07
   0.29844E-01   0.23832E-07
   0.30018E-01   0.23829E-07
   0.30193E-01   0.23781E-07
   0.30367E-01   0.23807E-07
   0.30542E-01   0.23896E-07
   0.30716E-01   0.23891E-07
   0.30891E-01   0.23914E-07
   0.31065E-01   0.23924E-07
   0.31240E-01   0.23706E-07
   0.31414E-01   0.23739E-07
   0.31589E-01   0.23616E-07
   0.31763E-01   0.23508E-07
   0.31938E-01   0.23511E-07
   0.32112E-01   0.23423E-07
   0.32287E-01   0.23370E-07
   0.32461E-01   0.23310E-07
   0.32636E-01   0.23279E-07
   0.32811E-01   0.23282E-07
   0.32985E-01   0.23357E-07
   0.33160E-01   0.23348E-07
   0.33334E-01   0.23241E-07
   0.33509E-01   0.23215E-07
   0.33683E-01   0.23249E-07
   0.33858E-01   0.23130E-07
   0.34032E-01   0.22978E-07
   0.34207E-01   0.22858E-07
   0.34381E-01   0.22760E-07
   0.34556E-01   0.22600E-07
   0.34730E-01   0.22533E-07
   0.34905E-01   0.22461E-07
