        4.80        3.90
NULL
$r$
radial profile
0 0 0
0
   0.1100000E+31  -0.1100000E+31    5
   0.1100000E+31  -0.1100000E+31    5
    0
CURVE
     201
NULL
black_solid
NULL
    0.000000        0.000000    
   0.1745241E-03   0.7384935E-08
   0.3490481E-03  -0.8735091E-08
   0.5235722E-03   0.1639022E-08
   0.6980962E-03   0.3304721E-08
   0.8726203E-03   0.3067625E-09
   0.1047144E-02   0.9680783E-09
   0.1221668E-02   0.3824169E-08
   0.1396192E-02   0.1963848E-08
   0.1570717E-02   0.6158152E-09
   0.1745241E-02   0.1050608E-08
   0.1919765E-02   0.3586873E-08
   0.2094289E-02   0.4057062E-08
   0.2268813E-02   0.3661752E-08
   0.2443337E-02   0.5125393E-08
   0.2617861E-02   0.6688999E-08
   0.2792385E-02   0.6430325E-08
   0.2966909E-02   0.7408623E-08
   0.3141433E-02   0.8775381E-08
   0.3315957E-02   0.8944038E-08
   0.3490481E-02   0.9386651E-08
   0.3665005E-02   0.9902505E-08
   0.3839529E-02   0.1006295E-07
   0.4014053E-02   0.1074123E-07
   0.4188578E-02   0.1113575E-07
   0.4363101E-02   0.1170294E-07
   0.4537626E-02   0.1204288E-07
   0.4712150E-02   0.1250612E-07
   0.4886674E-02   0.1295336E-07
   0.5061198E-02   0.1335393E-07
   0.5235722E-02   0.1386242E-07
   0.5410246E-02   0.1413791E-07
   0.5584770E-02   0.1444994E-07
   0.5759294E-02   0.1455718E-07
   0.5933818E-02   0.1494944E-07
   0.6108342E-02   0.1508402E-07
   0.6282866E-02   0.1521122E-07
   0.6457390E-02   0.1526131E-07
   0.6631915E-02   0.1554073E-07
   0.6806438E-02   0.1563948E-07
   0.6980963E-02   0.1584430E-07
   0.7155487E-02   0.1598096E-07
   0.7330011E-02   0.1631034E-07
   0.7504535E-02   0.1647024E-07
   0.7679059E-02   0.1668270E-07
   0.7853583E-02   0.1680471E-07
   0.8028107E-02   0.1676769E-07
   0.8202631E-02   0.1697793E-07
   0.8377155E-02   0.1654644E-07
   0.8551680E-02   0.1619931E-07
   0.8726203E-02   0.1585330E-07
   0.8900727E-02   0.1522430E-07
   0.9075251E-02   0.1474586E-07
   0.9249776E-02   0.1409272E-07
   0.9424300E-02   0.1343458E-07
   0.9598823E-02   0.1287138E-07
   0.9773348E-02   0.1243059E-07
   0.9947872E-02   0.1226819E-07
   0.1012240E-01   0.1173671E-07
   0.1029692E-01   0.1181956E-07
   0.1047144E-01   0.1178617E-07
   0.1064597E-01   0.1171962E-07
   0.1082049E-01   0.1198098E-07
   0.1099502E-01   0.1191199E-07
   0.1116954E-01   0.1233746E-07
   0.1134406E-01   0.1245638E-07
   0.1151859E-01   0.1256534E-07
   0.1169311E-01   0.1267114E-07
   0.1186764E-01   0.1274318E-07
   0.1204216E-01   0.1293326E-07
   0.1221668E-01   0.1271688E-07
   0.1239121E-01   0.1278497E-07
   0.1256573E-01   0.1257474E-07
   0.1274026E-01   0.1238736E-07
   0.1291478E-01   0.1239597E-07
   0.1308930E-01   0.1209496E-07
   0.1326383E-01   0.1201501E-07
   0.1343835E-01   0.1164766E-07
   0.1361288E-01   0.1121937E-07
   0.1378740E-01   0.1092487E-07
   0.1396193E-01   0.1052775E-07
   0.1413645E-01   0.9995683E-08
   0.1431097E-01   0.9702020E-08
   0.1448550E-01   0.9193962E-08
   0.1466002E-01   0.8761967E-08
   0.1483455E-01   0.8563625E-08
   0.1500907E-01   0.8387802E-08
   0.1518359E-01   0.7944964E-08
   0.1535812E-01   0.8084049E-08
   0.1553264E-01   0.7907857E-08
   0.1570717E-01   0.7815829E-08
   0.1588169E-01   0.7949494E-08
   0.1605621E-01   0.7943025E-08
   0.1623074E-01   0.8073420E-08
   0.1640526E-01   0.8178193E-08
   0.1657979E-01   0.8225709E-08
   0.1675431E-01   0.8451367E-08
   0.1692883E-01   0.8404637E-08
   0.1710336E-01   0.8526884E-08
   0.1727788E-01   0.8660490E-08
   0.1745241E-01   0.8816840E-08
   0.1762693E-01   0.8927584E-08
   0.1780145E-01   0.9092658E-08
   0.1797598E-01   0.9291838E-08
   0.1815050E-01   0.9703331E-08
   0.1832503E-01   0.9875287E-08
   0.1849955E-01   0.1012832E-07
   0.1867408E-01   0.1043006E-07
   0.1884860E-01   0.1041138E-07
   0.1902312E-01   0.1062659E-07
   0.1919765E-01   0.1069949E-07
   0.1937217E-01   0.1072721E-07
   0.1954670E-01   0.1057414E-07
   0.1972122E-01   0.1044399E-07
   0.1989574E-01   0.1021506E-07
   0.2007027E-01   0.1010063E-07
   0.2024479E-01   0.9816666E-08
   0.2041932E-01   0.9644622E-08
   0.2059384E-01   0.9469164E-08
   0.2076836E-01   0.9365235E-08
   0.2094289E-01   0.9174015E-08
   0.2111741E-01   0.9091192E-08
   0.2129194E-01   0.9055291E-08
   0.2146646E-01   0.9048755E-08
   0.2164098E-01   0.9037239E-08
   0.2181551E-01   0.9020101E-08
   0.2199003E-01   0.9023544E-08
   0.2216456E-01   0.9131529E-08
   0.2233908E-01   0.8939893E-08
   0.2251360E-01   0.9004256E-08
   0.2268813E-01   0.9011438E-08
   0.2286265E-01   0.8803536E-08
   0.2303718E-01   0.8969450E-08
   0.2321170E-01   0.8843429E-08
   0.2338623E-01   0.8882914E-08
   0.2356075E-01   0.8889153E-08
   0.2373527E-01   0.8936907E-08
   0.2390980E-01   0.9049540E-08
   0.2408432E-01   0.8815611E-08
   0.2425884E-01   0.8985395E-08
   0.2443337E-01   0.8943917E-08
   0.2460789E-01   0.8856190E-08
   0.2478242E-01   0.8703901E-08
   0.2495694E-01   0.8515965E-08
   0.2513147E-01   0.8407067E-08
   0.2530599E-01   0.8125381E-08
   0.2548051E-01   0.7706554E-08
   0.2565504E-01   0.7571466E-08
   0.2582956E-01   0.7121350E-08
   0.2600409E-01   0.6839892E-08
   0.2617861E-01   0.6502734E-08
   0.2635313E-01   0.6258200E-08
   0.2652766E-01   0.6077786E-08
   0.2670218E-01   0.5785364E-08
   0.2687671E-01   0.5572027E-08
   0.2705123E-01   0.5658025E-08
   0.2722575E-01   0.5609412E-08
   0.2740028E-01   0.5419917E-08
   0.2757480E-01   0.5480931E-08
   0.2774933E-01   0.5427024E-08
   0.2792385E-01   0.5471305E-08
   0.2809837E-01   0.5444567E-08
   0.2827290E-01   0.5510013E-08
   0.2844742E-01   0.5651346E-08
   0.2862195E-01   0.5718742E-08
   0.2879647E-01   0.5769571E-08
   0.2897099E-01   0.5911856E-08
   0.2914552E-01   0.6000247E-08
   0.2932004E-01   0.6088775E-08
   0.2949457E-01   0.6156047E-08
   0.2966909E-01   0.6334884E-08
   0.2984362E-01   0.6474408E-08
   0.3001814E-01   0.6596802E-08
   0.3019266E-01   0.6659735E-08
   0.3036719E-01   0.6656846E-08
   0.3054171E-01   0.6813600E-08
   0.3071623E-01   0.6896776E-08
   0.3089076E-01   0.6919377E-08
   0.3106528E-01   0.7025575E-08
   0.3123981E-01   0.7036179E-08
   0.3141433E-01   0.7061622E-08
   0.3158886E-01   0.7140494E-08
   0.3176338E-01   0.7052149E-08
   0.3193790E-01   0.7029853E-08
   0.3211243E-01   0.6993210E-08
   0.3228695E-01   0.6796661E-08
   0.3246148E-01   0.6651024E-08
   0.3263600E-01   0.6564736E-08
   0.3281052E-01   0.6288967E-08
   0.3298505E-01   0.6120012E-08
   0.3315957E-01   0.5983751E-08
   0.3333410E-01   0.5799392E-08
   0.3350862E-01   0.5750225E-08
   0.3368314E-01   0.5606171E-08
   0.3385767E-01   0.5638085E-08
   0.3403219E-01   0.5635959E-08
   0.3420672E-01   0.5605399E-08
   0.3438124E-01   0.5719140E-08
   0.3455576E-01   0.5722410E-08
   0.3473029E-01   0.5805252E-08
   0.3490481E-01   0.5875249E-08
