        4.80        3.90
NULL
$r$
radial profile
0 0 0
0
   0.1100000E+31  -0.1100000E+31    5
   0.1100000E+31  -0.1100000E+31    5
    0
CURVE
     201
NULL
black_solid
NULL
    0.000000       0.1437348E-05
   0.1745241E-03   0.1431299E-05
   0.3490481E-03   0.1370366E-05
   0.5235722E-03   0.1340881E-05
   0.6980962E-03   0.1302651E-05
   0.8726203E-03   0.1217518E-05
   0.1047144E-02   0.1136893E-05
   0.1221668E-02   0.1068065E-05
   0.1396192E-02   0.9738209E-06
   0.1570717E-02   0.8863598E-06
   0.1745241E-02   0.8016585E-06
   0.1919765E-02   0.7181113E-06
   0.2094289E-02   0.6456906E-06
   0.2268813E-02   0.5708561E-06
   0.2443337E-02   0.5066967E-06
   0.2617861E-02   0.4558514E-06
   0.2792385E-02   0.4025995E-06
   0.2966909E-02   0.3592610E-06
   0.3141433E-02   0.3259100E-06
   0.3315957E-02   0.2921016E-06
   0.3490481E-02   0.2649279E-06
   0.3665005E-02   0.2438764E-06
   0.3839529E-02   0.2227803E-06
   0.4014053E-02   0.2060336E-06
   0.4188578E-02   0.1919945E-06
   0.4363101E-02   0.1790310E-06
   0.4537626E-02   0.1685517E-06
   0.4712150E-02   0.1591318E-06
   0.4886674E-02   0.1510824E-06
   0.5061198E-02   0.1443503E-06
   0.5235722E-02   0.1383050E-06
   0.5410246E-02   0.1329333E-06
   0.5584770E-02   0.1283933E-06
   0.5759294E-02   0.1242145E-06
   0.5933818E-02   0.1200826E-06
   0.6108342E-02   0.1166027E-06
   0.6282866E-02   0.1128455E-06
   0.6457390E-02   0.1093751E-06
   0.6631915E-02   0.1063996E-06
   0.6806438E-02   0.1026298E-06
   0.6980963E-02   0.9982445E-07
   0.7155487E-02   0.9693101E-07
   0.7330011E-02   0.9408658E-07
   0.7504535E-02   0.9169523E-07
   0.7679059E-02   0.8953361E-07
   0.7853583E-02   0.8755254E-07
   0.8028107E-02   0.8556933E-07
   0.8202631E-02   0.8431184E-07
   0.8377155E-02   0.8263919E-07
   0.8551680E-02   0.8144878E-07
   0.8726203E-02   0.8043556E-07
   0.8900727E-02   0.7904718E-07
   0.9075251E-02   0.7812392E-07
   0.9249776E-02   0.7709627E-07
   0.9424300E-02   0.7622296E-07
   0.9598823E-02   0.7532618E-07
   0.9773348E-02   0.7452618E-07
   0.9947872E-02   0.7390625E-07
   0.1012240E-01   0.7313437E-07
   0.1029692E-01   0.7272960E-07
   0.1047144E-01   0.7198839E-07
   0.1064597E-01   0.7136809E-07
   0.1082049E-01   0.7096700E-07
   0.1099502E-01   0.7012571E-07
   0.1116954E-01   0.6943473E-07
   0.1134406E-01   0.6868106E-07
   0.1151859E-01   0.6789589E-07
   0.1169311E-01   0.6706323E-07
   0.1186764E-01   0.6605695E-07
   0.1204216E-01   0.6534112E-07
   0.1221668E-01   0.6431654E-07
   0.1239121E-01   0.6354257E-07
   0.1256573E-01   0.6264067E-07
   0.1274026E-01   0.6163854E-07
   0.1291478E-01   0.6091898E-07
   0.1308930E-01   0.5999254E-07
   0.1326383E-01   0.5900601E-07
   0.1343835E-01   0.5798669E-07
   0.1361288E-01   0.5723881E-07
   0.1378740E-01   0.5624779E-07
   0.1396193E-01   0.5501611E-07
   0.1413645E-01   0.5423561E-07
   0.1431097E-01   0.5327808E-07
   0.1448550E-01   0.5226725E-07
   0.1466002E-01   0.5142067E-07
   0.1483455E-01   0.5062712E-07
   0.1500907E-01   0.4998941E-07
   0.1518359E-01   0.4929097E-07
   0.1535812E-01   0.4886289E-07
   0.1553264E-01   0.4840985E-07
   0.1570717E-01   0.4804672E-07
   0.1588169E-01   0.4777050E-07
   0.1605621E-01   0.4752929E-07
   0.1623074E-01   0.4733521E-07
   0.1640526E-01   0.4710206E-07
   0.1657979E-01   0.4691283E-07
   0.1675431E-01   0.4690693E-07
   0.1692883E-01   0.4660213E-07
   0.1710336E-01   0.4647502E-07
   0.1727788E-01   0.4630706E-07
   0.1745241E-01   0.4610616E-07
   0.1762693E-01   0.4592207E-07
   0.1780145E-01   0.4567300E-07
   0.1797598E-01   0.4557026E-07
   0.1815050E-01   0.4532070E-07
   0.1832503E-01   0.4517451E-07
   0.1849955E-01   0.4495303E-07
   0.1867408E-01   0.4472043E-07
   0.1884860E-01   0.4442108E-07
   0.1902312E-01   0.4418404E-07
   0.1919765E-01   0.4390088E-07
   0.1937217E-01   0.4350732E-07
   0.1954670E-01   0.4323653E-07
   0.1972122E-01   0.4280539E-07
   0.1989574E-01   0.4227724E-07
   0.2007027E-01   0.4188419E-07
   0.2024479E-01   0.4120257E-07
   0.2041932E-01   0.4069183E-07
   0.2059384E-01   0.4012328E-07
   0.2076836E-01   0.3946618E-07
   0.2094289E-01   0.3890962E-07
   0.2111741E-01   0.3827643E-07
   0.2129194E-01   0.3773872E-07
   0.2146646E-01   0.3729331E-07
   0.2164098E-01   0.3683669E-07
   0.2181551E-01   0.3648918E-07
   0.2199003E-01   0.3611309E-07
   0.2216456E-01   0.3589780E-07
   0.2233908E-01   0.3561785E-07
   0.2251360E-01   0.3548444E-07
   0.2268813E-01   0.3531354E-07
   0.2286265E-01   0.3514782E-07
   0.2303718E-01   0.3501609E-07
   0.2321170E-01   0.3481954E-07
   0.2338623E-01   0.3472592E-07
   0.2356075E-01   0.3442623E-07
   0.2373527E-01   0.3418576E-07
   0.2390980E-01   0.3393479E-07
   0.2408432E-01   0.3353723E-07
   0.2425884E-01   0.3317206E-07
   0.2443337E-01   0.3272005E-07
   0.2460789E-01   0.3233355E-07
   0.2478242E-01   0.3181827E-07
   0.2495694E-01   0.3128629E-07
   0.2513147E-01   0.3076650E-07
   0.2530599E-01   0.3019577E-07
   0.2548051E-01   0.2954917E-07
   0.2565504E-01   0.2897008E-07
   0.2582956E-01   0.2841132E-07
   0.2600409E-01   0.2784147E-07
   0.2617861E-01   0.2724259E-07
   0.2635313E-01   0.2678395E-07
   0.2652766E-01   0.2643980E-07
   0.2670218E-01   0.2603238E-07
   0.2687671E-01   0.2574369E-07
   0.2705123E-01   0.2552502E-07
   0.2722575E-01   0.2544578E-07
   0.2740028E-01   0.2530290E-07
   0.2757480E-01   0.2525381E-07
   0.2774933E-01   0.2523507E-07
   0.2792385E-01   0.2514271E-07
   0.2809837E-01   0.2508514E-07
   0.2827290E-01   0.2500169E-07
   0.2844742E-01   0.2484804E-07
   0.2862195E-01   0.2472161E-07
   0.2879647E-01   0.2457627E-07
   0.2897099E-01   0.2424471E-07
   0.2914552E-01   0.2408383E-07
   0.2932004E-01   0.2401520E-07
   0.2949457E-01   0.2370081E-07
   0.2966909E-01   0.2365787E-07
   0.2984362E-01   0.2366262E-07
   0.3001814E-01   0.2359188E-07
   0.3019266E-01   0.2362800E-07
   0.3036719E-01   0.2368894E-07
   0.3054171E-01   0.2383453E-07
   0.3071623E-01   0.2387604E-07
   0.3089076E-01   0.2392592E-07
   0.3106528E-01   0.2402387E-07
   0.3123981E-01   0.2385516E-07
   0.3141433E-01   0.2391558E-07
   0.3158886E-01   0.2380760E-07
   0.3176338E-01   0.2373292E-07
   0.3193790E-01   0.2365944E-07
   0.3211243E-01   0.2352186E-07
   0.3228695E-01   0.2347352E-07
   0.3246148E-01   0.2332698E-07
   0.3263600E-01   0.2319947E-07
   0.3281052E-01   0.2315035E-07
   0.3298505E-01   0.2311261E-07
   0.3315957E-01   0.2299403E-07
   0.3333410E-01   0.2282294E-07
   0.3350862E-01   0.2274077E-07
   0.3368314E-01   0.2259365E-07
   0.3385767E-01   0.2235196E-07
   0.3403219E-01   0.2216024E-07
   0.3420672E-01   0.2192742E-07
   0.3438124E-01   0.2169938E-07
   0.3455576E-01   0.2142331E-07
   0.3473029E-01   0.2125617E-07
   0.3490481E-01   0.2108011E-07
