        4.80        3.90
NULL
$r$
radial profile
0 0 0
0
   0.1100000E+31  -0.1100000E+31    5
   0.1100000E+31  -0.1100000E+31    5
    0
CURVE
     201
NULL
black_solid
NULL
    0.000000       0.7680259E-07
   0.1745241E-03   0.7682898E-07
   0.3490481E-03   0.7664570E-07
   0.5235722E-03   0.7656563E-07
   0.6980962E-03   0.7685674E-07
   0.8726203E-03   0.7662612E-07
   0.1047144E-02   0.7660710E-07
   0.1221668E-02   0.7677305E-07
   0.1396192E-02   0.7649935E-07
   0.1570717E-02   0.7650183E-07
   0.1745241E-02   0.7663863E-07
   0.1919765E-02   0.7645293E-07
   0.2094289E-02   0.7656874E-07
   0.2268813E-02   0.7670540E-07
   0.2443337E-02   0.7658568E-07
   0.2617861E-02   0.7682163E-07
   0.2792385E-02   0.7707073E-07
   0.2966909E-02   0.7711874E-07
   0.3141433E-02   0.7725537E-07
   0.3315957E-02   0.7749611E-07
   0.3490481E-02   0.7758793E-07
   0.3665005E-02   0.7764679E-07
   0.3839529E-02   0.7775521E-07
   0.4014053E-02   0.7783169E-07
   0.4188578E-02   0.7778996E-07
   0.4363101E-02   0.7776390E-07
   0.4537626E-02   0.7769957E-07
   0.4712150E-02   0.7751494E-07
   0.4886674E-02   0.7725490E-07
   0.5061198E-02   0.7715396E-07
   0.5235722E-02   0.7689195E-07
   0.5410246E-02   0.7676807E-07
   0.5584770E-02   0.7652392E-07
   0.5759294E-02   0.7639849E-07
   0.5933818E-02   0.7630265E-07
   0.6108342E-02   0.7615639E-07
   0.6282866E-02   0.7616429E-07
   0.6457390E-02   0.7625155E-07
   0.6631915E-02   0.7627163E-07
   0.6806438E-02   0.7636147E-07
   0.6980963E-02   0.7649199E-07
   0.7155487E-02   0.7657812E-07
   0.7330011E-02   0.7673351E-07
   0.7504535E-02   0.7680485E-07
   0.7679059E-02   0.7690871E-07
   0.7853583E-02   0.7706740E-07
   0.8028107E-02   0.7719617E-07
   0.8202631E-02   0.7734833E-07
   0.8377155E-02   0.7750551E-07
   0.8551680E-02   0.7761485E-07
   0.8726203E-02   0.7770494E-07
   0.8900727E-02   0.7798132E-07
   0.9075251E-02   0.7804567E-07
   0.9249776E-02   0.7829896E-07
   0.9424300E-02   0.7845453E-07
   0.9598823E-02   0.7851479E-07
   0.9773348E-02   0.7873926E-07
   0.9947872E-02   0.7882289E-07
   0.1012240E-01   0.7890943E-07
   0.1029692E-01   0.7880792E-07
   0.1047144E-01   0.7880736E-07
   0.1064597E-01   0.7883107E-07
   0.1082049E-01   0.7855821E-07
   0.1099502E-01   0.7850592E-07
   0.1116954E-01   0.7825955E-07
   0.1134406E-01   0.7795351E-07
   0.1151859E-01   0.7775879E-07
   0.1169311E-01   0.7753947E-07
   0.1186764E-01   0.7728314E-07
   0.1204216E-01   0.7705622E-07
   0.1221668E-01   0.7697438E-07
   0.1239121E-01   0.7676947E-07
   0.1256573E-01   0.7670551E-07
   0.1274026E-01   0.7674355E-07
   0.1291478E-01   0.7677473E-07
   0.1308930E-01   0.7688917E-07
   0.1326383E-01   0.7706333E-07
   0.1343835E-01   0.7732336E-07
   0.1361288E-01   0.7753358E-07
   0.1378740E-01   0.7781689E-07
   0.1396193E-01   0.7806446E-07
   0.1413645E-01   0.7832971E-07
   0.1431097E-01   0.7865378E-07
   0.1448550E-01   0.7885424E-07
   0.1466002E-01   0.7913546E-07
   0.1483455E-01   0.7940512E-07
   0.1500907E-01   0.7967332E-07
   0.1518359E-01   0.7989488E-07
   0.1535812E-01   0.8011806E-07
   0.1553264E-01   0.8035484E-07
   0.1570717E-01   0.8053670E-07
   0.1588169E-01   0.8065170E-07
   0.1605621E-01   0.8075931E-07
   0.1623074E-01   0.8089947E-07
   0.1640526E-01   0.8086021E-07
   0.1657979E-01   0.8094315E-07
   0.1675431E-01   0.8096401E-07
   0.1692883E-01   0.8086984E-07
   0.1710336E-01   0.8090274E-07
   0.1727788E-01   0.8083366E-07
   0.1745241E-01   0.8076844E-07
   0.1762693E-01   0.8068643E-07
   0.1780145E-01   0.8062230E-07
   0.1797598E-01   0.8055905E-07
   0.1815050E-01   0.8040215E-07
   0.1832503E-01   0.8038450E-07
   0.1849955E-01   0.8028135E-07
   0.1867408E-01   0.8012486E-07
   0.1884860E-01   0.8004644E-07
   0.1902312E-01   0.7981415E-07
   0.1919765E-01   0.7972115E-07
   0.1937217E-01   0.7954610E-07
   0.1954670E-01   0.7933779E-07
   0.1972122E-01   0.7918556E-07
   0.1989574E-01   0.7892174E-07
   0.2007027E-01   0.7872864E-07
   0.2024479E-01   0.7850080E-07
   0.2041932E-01   0.7828614E-07
   0.2059384E-01   0.7805220E-07
   0.2076836E-01   0.7787540E-07
   0.2094289E-01   0.7776015E-07
   0.2111741E-01   0.7759026E-07
   0.2129194E-01   0.7751331E-07
   0.2146646E-01   0.7752764E-07
   0.2164098E-01   0.7749951E-07
   0.2181551E-01   0.7747907E-07
   0.2199003E-01   0.7757797E-07
   0.2216456E-01   0.7758180E-07
   0.2233908E-01   0.7768950E-07
   0.2251360E-01   0.7783826E-07
   0.2268813E-01   0.7793506E-07
   0.2286265E-01   0.7802192E-07
   0.2303718E-01   0.7814535E-07
   0.2321170E-01   0.7834764E-07
   0.2338623E-01   0.7833950E-07
   0.2356075E-01   0.7844735E-07
   0.2373527E-01   0.7852069E-07
   0.2390980E-01   0.7847422E-07
   0.2408432E-01   0.7846510E-07
   0.2425884E-01   0.7839715E-07
   0.2443337E-01   0.7833656E-07
   0.2460789E-01   0.7818400E-07
   0.2478242E-01   0.7806673E-07
   0.2495694E-01   0.7794478E-07
   0.2513147E-01   0.7772309E-07
   0.2530599E-01   0.7763003E-07
   0.2548051E-01   0.7743100E-07
   0.2565504E-01   0.7731246E-07
   0.2582956E-01   0.7718461E-07
   0.2600409E-01   0.7707639E-07
   0.2617861E-01   0.7696628E-07
   0.2635313E-01   0.7695134E-07
   0.2652766E-01   0.7693045E-07
   0.2670218E-01   0.7690356E-07
   0.2687671E-01   0.7696588E-07
   0.2705123E-01   0.7703365E-07
   0.2722575E-01   0.7709143E-07
   0.2740028E-01   0.7723791E-07
   0.2757480E-01   0.7735481E-07
   0.2774933E-01   0.7741650E-07
   0.2792385E-01   0.7756520E-07
   0.2809837E-01   0.7777437E-07
   0.2827290E-01   0.7783452E-07
   0.2844742E-01   0.7800146E-07
   0.2862195E-01   0.7809071E-07
   0.2879647E-01   0.7817116E-07
   0.2897099E-01   0.7824827E-07
   0.2914552E-01   0.7833277E-07
   0.2932004E-01   0.7838067E-07
   0.2949457E-01   0.7840956E-07
   0.2966909E-01   0.7850543E-07
   0.2984362E-01   0.7849089E-07
   0.3001814E-01   0.7852002E-07
   0.3019266E-01   0.7854323E-07
   0.3036719E-01   0.7856579E-07
   0.3054171E-01   0.7858149E-07
   0.3071623E-01   0.7859679E-07
   0.3089076E-01   0.7859752E-07
   0.3106528E-01   0.7855468E-07
   0.3123981E-01   0.7861559E-07
   0.3141433E-01   0.7857928E-07
   0.3158886E-01   0.7855547E-07
   0.3176338E-01   0.7853443E-07
   0.3193790E-01   0.7849111E-07
   0.3211243E-01   0.7843461E-07
   0.3228695E-01   0.7836358E-07
   0.3246148E-01   0.7830734E-07
   0.3263600E-01   0.7815239E-07
   0.3281052E-01   0.7803096E-07
   0.3298505E-01   0.7790174E-07
   0.3315957E-01   0.7774702E-07
   0.3333410E-01   0.7762007E-07
   0.3350862E-01   0.7747853E-07
   0.3368314E-01   0.7734663E-07
   0.3385767E-01   0.7723983E-07
   0.3403219E-01   0.7713158E-07
   0.3420672E-01   0.7703038E-07
   0.3438124E-01   0.7697754E-07
   0.3455576E-01   0.7691231E-07
   0.3473029E-01   0.7686097E-07
   0.3490481E-01   0.7680501E-07
