        4.80        3.90
NULL
$r$
radial profile
0 0 0
0
   0.1100000E+31  -0.1100000E+31    5
   0.1100000E+31  -0.1100000E+31    5
    0
CURVE
     201
NULL
black_solid
NULL
    0.000000        0.000000    
   0.1745241E-03  -0.1310750E-09
   0.3490481E-03   0.4954373E-07
   0.5235722E-03   0.6978173E-07
   0.6980962E-03   0.1027794E-06
   0.8726203E-03   0.1829849E-06
   0.1047144E-02   0.2484229E-06
   0.1221668E-02   0.2977416E-06
   0.1396192E-02   0.3756411E-06
   0.1570717E-02   0.4359689E-06
   0.1745241E-02   0.4866793E-06
   0.1919765E-02   0.5413849E-06
   0.2094289E-02   0.5807425E-06
   0.2268813E-02   0.6138621E-06
   0.2443337E-02   0.6372090E-06
   0.2617861E-02   0.6511481E-06
   0.2792385E-02   0.6624277E-06
   0.2966909E-02   0.6650212E-06
   0.3141433E-02   0.6614618E-06
   0.3315957E-02   0.6599149E-06
   0.3490481E-02   0.6530235E-06
   0.3665005E-02   0.6439334E-06
   0.3839529E-02   0.6361954E-06
   0.4014053E-02   0.6226556E-06
   0.4188578E-02   0.6096345E-06
   0.4363101E-02   0.5950201E-06
   0.4537626E-02   0.5812799E-06
   0.4712150E-02   0.5641254E-06
   0.4886674E-02   0.5435874E-06
   0.5061198E-02   0.5273814E-06
   0.5235722E-02   0.5042038E-06
   0.5410246E-02   0.4833803E-06
   0.5584770E-02   0.4652536E-06
   0.5759294E-02   0.4416922E-06
   0.5933818E-02   0.4218880E-06
   0.6108342E-02   0.4052105E-06
   0.6282866E-02   0.3851473E-06
   0.6457390E-02   0.3679977E-06
   0.6631915E-02   0.3536716E-06
   0.6806438E-02   0.3382665E-06
   0.6980963E-02   0.3239638E-06
   0.7155487E-02   0.3106533E-06
   0.7330011E-02   0.2973339E-06
   0.7504535E-02   0.2852964E-06
   0.7679059E-02   0.2740344E-06
   0.7853583E-02   0.2616628E-06
   0.8028107E-02   0.2507679E-06
   0.8202631E-02   0.2399192E-06
   0.8377155E-02   0.2285462E-06
   0.8551680E-02   0.2180438E-06
   0.8726203E-02   0.2090610E-06
   0.8900727E-02   0.1974440E-06
   0.9075251E-02   0.1906822E-06
   0.9249776E-02   0.1822554E-06
   0.9424300E-02   0.1739544E-06
   0.9598823E-02   0.1677986E-06
   0.9773348E-02   0.1594166E-06
   0.9947872E-02   0.1522257E-06
   0.1012240E-01   0.1463351E-06
   0.1029692E-01   0.1395615E-06
   0.1047144E-01   0.1368903E-06
   0.1064597E-01   0.1330504E-06
   0.1082049E-01   0.1289021E-06
   0.1099502E-01   0.1269795E-06
   0.1116954E-01   0.1247832E-06
   0.1134406E-01   0.1238821E-06
   0.1151859E-01   0.1241477E-06
   0.1169311E-01   0.1235401E-06
   0.1186764E-01   0.1245113E-06
   0.1204216E-01   0.1251322E-06
   0.1221668E-01   0.1246885E-06
   0.1239121E-01   0.1237602E-06
   0.1256573E-01   0.1222990E-06
   0.1274026E-01   0.1202278E-06
   0.1291478E-01   0.1172088E-06
   0.1308930E-01   0.1128134E-06
   0.1326383E-01   0.1097236E-06
   0.1343835E-01   0.1055452E-06
   0.1361288E-01   0.9957785E-07
   0.1378740E-01   0.9576036E-07
   0.1396193E-01   0.9371649E-07
   0.1413645E-01   0.9067464E-07
   0.1431097E-01   0.8908281E-07
   0.1448550E-01   0.8810589E-07
   0.1466002E-01   0.8785361E-07
   0.1483455E-01   0.8714814E-07
   0.1500907E-01   0.8884596E-07
   0.1518359E-01   0.9154036E-07
   0.1535812E-01   0.9417770E-07
   0.1553264E-01   0.9544188E-07
   0.1570717E-01   0.9731254E-07
   0.1588169E-01   0.9953217E-07
   0.1605621E-01   0.1005019E-06
   0.1623074E-01   0.1024133E-06
   0.1640526E-01   0.1039565E-06
   0.1657979E-01   0.1054923E-06
   0.1675431E-01   0.1073394E-06
   0.1692883E-01   0.1079631E-06
   0.1710336E-01   0.1093964E-06
   0.1727788E-01   0.1113332E-06
   0.1745241E-01   0.1120347E-06
   0.1762693E-01   0.1126781E-06
   0.1780145E-01   0.1142825E-06
   0.1797598E-01   0.1146610E-06
   0.1815050E-01   0.1154547E-06
   0.1832503E-01   0.1162235E-06
   0.1849955E-01   0.1164828E-06
   0.1867408E-01   0.1166433E-06
   0.1884860E-01   0.1178542E-06
   0.1902312E-01   0.1180541E-06
   0.1919765E-01   0.1181605E-06
   0.1937217E-01   0.1183775E-06
   0.1954670E-01   0.1183134E-06
   0.1972122E-01   0.1187595E-06
   0.1989574E-01   0.1185862E-06
   0.2007027E-01   0.1181043E-06
   0.2024479E-01   0.1171932E-06
   0.2041932E-01   0.1161045E-06
   0.2059384E-01   0.1148683E-06
   0.2076836E-01   0.1128990E-06
   0.2094289E-01   0.1105528E-06
   0.2111741E-01   0.1075822E-06
   0.2129194E-01   0.1058263E-06
   0.2146646E-01   0.1032387E-06
   0.2164098E-01   0.9937032E-07
   0.2181551E-01   0.9759948E-07
   0.2199003E-01   0.9489063E-07
   0.2216456E-01   0.9191729E-07
   0.2233908E-01   0.9023175E-07
   0.2251360E-01   0.8817557E-07
   0.2268813E-01   0.8610553E-07
   0.2286265E-01   0.8359396E-07
   0.2303718E-01   0.8274542E-07
   0.2321170E-01   0.8100530E-07
   0.2338623E-01   0.7883579E-07
   0.2356075E-01   0.7658133E-07
   0.2373527E-01   0.7365882E-07
   0.2390980E-01   0.6995007E-07
   0.2408432E-01   0.6801488E-07
   0.2425884E-01   0.6349624E-07
   0.2443337E-01   0.5911243E-07
   0.2460789E-01   0.5610538E-07
   0.2478242E-01   0.5291884E-07
   0.2495694E-01   0.4854490E-07
   0.2513147E-01   0.4756058E-07
   0.2530599E-01   0.4606533E-07
   0.2548051E-01   0.4436133E-07
   0.2565504E-01   0.4456193E-07
   0.2582956E-01   0.4509872E-07
   0.2600409E-01   0.4653583E-07
   0.2617861E-01   0.4873479E-07
   0.2635313E-01   0.5099342E-07
   0.2652766E-01   0.5397163E-07
   0.2670218E-01   0.5806734E-07
   0.2687671E-01   0.6122377E-07
   0.2705123E-01   0.6376815E-07
   0.2722575E-01   0.6676667E-07
   0.2740028E-01   0.7004579E-07
   0.2757480E-01   0.7109285E-07
   0.2774933E-01   0.7186498E-07
   0.2792385E-01   0.7227703E-07
   0.2809837E-01   0.7105341E-07
   0.2827290E-01   0.7025474E-07
   0.2844742E-01   0.6808224E-07
   0.2862195E-01   0.6390665E-07
   0.2879647E-01   0.6148453E-07
   0.2897099E-01   0.5867370E-07
   0.2914552E-01   0.5446527E-07
   0.2932004E-01   0.5240204E-07
   0.2949457E-01   0.5081067E-07
   0.2966909E-01   0.4757777E-07
   0.2984362E-01   0.4678608E-07
   0.3001814E-01   0.4733063E-07
   0.3019266E-01   0.4620663E-07
   0.3036719E-01   0.4615393E-07
   0.3054171E-01   0.4708067E-07
   0.3071623E-01   0.4623412E-07
   0.3089076E-01   0.4673985E-07
   0.3106528E-01   0.4628847E-07
   0.3123981E-01   0.4452922E-07
   0.3141433E-01   0.4405501E-07
   0.3158886E-01   0.4234435E-07
   0.3176338E-01   0.3987876E-07
   0.3193790E-01   0.3793770E-07
   0.3211243E-01   0.3618381E-07
   0.3228695E-01   0.3422189E-07
   0.3246148E-01   0.3275482E-07
   0.3263600E-01   0.3114973E-07
   0.3281052E-01   0.3045185E-07
   0.3298505E-01   0.3007078E-07
   0.3315957E-01   0.3018494E-07
   0.3333410E-01   0.3001348E-07
   0.3350862E-01   0.3065655E-07
   0.3368314E-01   0.3112258E-07
   0.3385767E-01   0.3214081E-07
   0.3403219E-01   0.3228596E-07
   0.3420672E-01   0.3234441E-07
   0.3438124E-01   0.3296152E-07
   0.3455576E-01   0.3245493E-07
   0.3473029E-01   0.3312567E-07
   0.3490481E-01   0.3267559E-07
