        4.80        3.90
NULL
$r$
radial profile
0 0 0
0
   0.1100000E+31  -0.1100000E+31    5
   0.1100000E+31  -0.1100000E+31    5
    0
CURVE
     201
NULL
black_solid
NULL
    0.000000       0.1445504E-05
   0.1745241E-03   0.1439400E-05
   0.3490481E-03   0.1377872E-05
   0.5235722E-03   0.1348101E-05
   0.6980962E-03   0.1309551E-05
   0.8726203E-03   0.1223077E-05
   0.1047144E-02   0.1142125E-05
   0.1221668E-02   0.1072540E-05
   0.1396192E-02   0.9771281E-06
   0.1570717E-02   0.8890074E-06
   0.1745241E-02   0.8035784E-06
   0.1919765E-02   0.7190511E-06
   0.2094289E-02   0.6460914E-06
   0.2268813E-02   0.5705669E-06
   0.2443337E-02   0.5057055E-06
   0.2617861E-02   0.4545330E-06
   0.2792385E-02   0.4006704E-06
   0.2966909E-02   0.3569029E-06
   0.3141433E-02   0.3233305E-06
   0.3315957E-02   0.2890783E-06
   0.3490481E-02   0.2616701E-06
   0.3665005E-02   0.2405027E-06
   0.3839529E-02   0.2192017E-06
   0.4014053E-02   0.2023968E-06
   0.4188578E-02   0.1883518E-06
   0.4363101E-02   0.1753542E-06
   0.4537626E-02   0.1649096E-06
   0.4712150E-02   0.1555527E-06
   0.4886674E-02   0.1475700E-06
   0.5061198E-02   0.1408758E-06
   0.5235722E-02   0.1348888E-06
   0.5410246E-02   0.1296483E-06
   0.5584770E-02   0.1251113E-06
   0.5759294E-02   0.1208809E-06
   0.5933818E-02   0.1168815E-06
   0.6108342E-02   0.1134031E-06
   0.6282866E-02   0.1096212E-06
   0.6457390E-02   0.1061828E-06
   0.6631915E-02   0.1032619E-06
   0.6806438E-02   0.9959818E-07
   0.6980963E-02   0.9681115E-07
   0.7155487E-02   0.9401476E-07
   0.7330011E-02   0.9122601E-07
   0.7504535E-02   0.8890642E-07
   0.7679059E-02   0.8681690E-07
   0.7853583E-02   0.8485485E-07
   0.8028107E-02   0.8290987E-07
   0.8202631E-02   0.8160598E-07
   0.8377155E-02   0.7992424E-07
   0.8551680E-02   0.7865884E-07
   0.8726203E-02   0.7755792E-07
   0.8900727E-02   0.7623910E-07
   0.9075251E-02   0.7524770E-07
   0.9249776E-02   0.7422130E-07
   0.9424300E-02   0.7344488E-07
   0.9598823E-02   0.7256990E-07
   0.9773348E-02   0.7189001E-07
   0.9947872E-02   0.7139068E-07
   0.1012240E-01   0.7076269E-07
   0.1029692E-01   0.7043567E-07
   0.1047144E-01   0.6984023E-07
   0.1064597E-01   0.6931474E-07
   0.1082049E-01   0.6894746E-07
   0.1099502E-01   0.6818801E-07
   0.1116954E-01   0.6753918E-07
   0.1134406E-01   0.6672307E-07
   0.1151859E-01   0.6592588E-07
   0.1169311E-01   0.6510920E-07
   0.1186764E-01   0.6404183E-07
   0.1204216E-01   0.6325291E-07
   0.1221668E-01   0.6223864E-07
   0.1239121E-01   0.6139192E-07
   0.1256573E-01   0.6046001E-07
   0.1274026E-01   0.5945802E-07
   0.1291478E-01   0.5871664E-07
   0.1308930E-01   0.5774700E-07
   0.1326383E-01   0.5681975E-07
   0.1343835E-01   0.5581837E-07
   0.1361288E-01   0.5501380E-07
   0.1378740E-01   0.5407032E-07
   0.1396193E-01   0.5298081E-07
   0.1413645E-01   0.5224427E-07
   0.1431097E-01   0.5135436E-07
   0.1448550E-01   0.5052631E-07
   0.1466002E-01   0.4983205E-07
   0.1483455E-01   0.4916313E-07
   0.1500907E-01   0.4867859E-07
   0.1518359E-01   0.4815019E-07
   0.1535812E-01   0.4784914E-07
   0.1553264E-01   0.4750549E-07
   0.1570717E-01   0.4719665E-07
   0.1588169E-01   0.4695445E-07
   0.1605621E-01   0.4670249E-07
   0.1623074E-01   0.4642212E-07
   0.1640526E-01   0.4606776E-07
   0.1657979E-01   0.4577961E-07
   0.1675431E-01   0.4557627E-07
   0.1692883E-01   0.4508580E-07
   0.1710336E-01   0.4479696E-07
   0.1727788E-01   0.4441971E-07
   0.1745241E-01   0.4407189E-07
   0.1762693E-01   0.4371411E-07
   0.1780145E-01   0.4329859E-07
   0.1797598E-01   0.4308037E-07
   0.1815050E-01   0.4267659E-07
   0.1832503E-01   0.4238620E-07
   0.1849955E-01   0.4201436E-07
   0.1867408E-01   0.4164909E-07
   0.1884860E-01   0.4123311E-07
   0.1902312E-01   0.4084323E-07
   0.1919765E-01   0.4051706E-07
   0.1937217E-01   0.4002372E-07
   0.1954670E-01   0.3970689E-07
   0.1972122E-01   0.3925595E-07
   0.1989574E-01   0.3872754E-07
   0.2007027E-01   0.3842489E-07
   0.2024479E-01   0.3782145E-07
   0.2041932E-01   0.3746502E-07
   0.2059384E-01   0.3703279E-07
   0.2076836E-01   0.3657851E-07
   0.2094289E-01   0.3626091E-07
   0.2111741E-01   0.3582146E-07
   0.2129194E-01   0.3553553E-07
   0.2146646E-01   0.3531078E-07
   0.2164098E-01   0.3507205E-07
   0.2181551E-01   0.3493411E-07
   0.2199003E-01   0.3480290E-07
   0.2216456E-01   0.3478884E-07
   0.2233908E-01   0.3468513E-07
   0.2251360E-01   0.3473741E-07
   0.2268813E-01   0.3473724E-07
   0.2286265E-01   0.3472475E-07
   0.2303718E-01   0.3470203E-07
   0.2321170E-01   0.3460940E-07
   0.2338623E-01   0.3457904E-07
   0.2356075E-01   0.3433572E-07
   0.2373527E-01   0.3413682E-07
   0.2390980E-01   0.3392675E-07
   0.2408432E-01   0.3355764E-07
   0.2425884E-01   0.3319523E-07
   0.2443337E-01   0.3276838E-07
   0.2460789E-01   0.3240665E-07
   0.2478242E-01   0.3188728E-07
   0.2495694E-01   0.3138311E-07
   0.2513147E-01   0.3088312E-07
   0.2530599E-01   0.3037112E-07
   0.2548051E-01   0.2974840E-07
   0.2565504E-01   0.2918728E-07
   0.2582956E-01   0.2864993E-07
   0.2600409E-01   0.2810002E-07
   0.2617861E-01   0.2749981E-07
   0.2635313E-01   0.2701459E-07
   0.2652766E-01   0.2664758E-07
   0.2670218E-01   0.2623154E-07
   0.2687671E-01   0.2585855E-07
   0.2705123E-01   0.2562503E-07
   0.2722575E-01   0.2550897E-07
   0.2740028E-01   0.2535740E-07
   0.2757480E-01   0.2530903E-07
   0.2774933E-01   0.2528704E-07
   0.2792385E-01   0.2519710E-07
   0.2809837E-01   0.2517266E-07
   0.2827290E-01   0.2511107E-07
   0.2844742E-01   0.2496807E-07
   0.2862195E-01   0.2487452E-07
   0.2879647E-01   0.2472289E-07
   0.2897099E-01   0.2440675E-07
   0.2914552E-01   0.2422932E-07
   0.2932004E-01   0.2410794E-07
   0.2949457E-01   0.2378187E-07
   0.2966909E-01   0.2366542E-07
   0.2984362E-01   0.2358380E-07
   0.3001814E-01   0.2346311E-07
   0.3019266E-01   0.2341078E-07
   0.3036719E-01   0.2338463E-07
   0.3054171E-01   0.2344324E-07
   0.3071623E-01   0.2337710E-07
   0.3089076E-01   0.2333777E-07
   0.3106528E-01   0.2336057E-07
   0.3123981E-01   0.2313879E-07
   0.3141433E-01   0.2308908E-07
   0.3158886E-01   0.2292060E-07
   0.3176338E-01   0.2274802E-07
   0.3193790E-01   0.2262322E-07
   0.3211243E-01   0.2242709E-07
   0.3228695E-01   0.2233704E-07
   0.3246148E-01   0.2215406E-07
   0.3263600E-01   0.2203675E-07
   0.3281052E-01   0.2200209E-07
   0.3298505E-01   0.2194700E-07
   0.3315957E-01   0.2185867E-07
   0.3333410E-01   0.2176290E-07
   0.3350862E-01   0.2174757E-07
   0.3368314E-01   0.2163419E-07
   0.3385767E-01   0.2149097E-07
   0.3403219E-01   0.2135855E-07
   0.3420672E-01   0.2119986E-07
   0.3438124E-01   0.2101093E-07
   0.3455576E-01   0.2079473E-07
   0.3473029E-01   0.2064712E-07
   0.3490481E-01   0.2050629E-07
