        4.80        3.90
NULL
$r$
radial profile
0 0 0
0
   0.1100000E+31  -0.1100000E+31    5
   0.1100000E+31  -0.1100000E+31    5
    0
CURVE
     201
NULL
black_solid
NULL
    0.000000       0.1443702E-05
   0.1745241E-03   0.1437625E-05
   0.3490481E-03   0.1376244E-05
   0.5235722E-03   0.1346554E-05
   0.6980962E-03   0.1308153E-05
   0.8726203E-03   0.1222103E-05
   0.1047144E-02   0.1141306E-05
   0.1221668E-02   0.1071924E-05
   0.1396192E-02   0.9768780E-06
   0.1570717E-02   0.8890799E-06
   0.1745241E-02   0.8039073E-06
   0.1919765E-02   0.7196563E-06
   0.2094289E-02   0.6470510E-06
   0.2268813E-02   0.5717974E-06
   0.2443337E-02   0.5071902E-06
   0.2617861E-02   0.4562105E-06
   0.2792385E-02   0.4026284E-06
   0.2966909E-02   0.3590410E-06
   0.3141433E-02   0.3255453E-06
   0.3315957E-02   0.2913741E-06
   0.3490481E-02   0.2640433E-06
   0.3665005E-02   0.2428378E-06
   0.3839529E-02   0.2214492E-06
   0.4014053E-02   0.2045621E-06
   0.4188578E-02   0.1903922E-06
   0.4363101E-02   0.1772405E-06
   0.4537626E-02   0.1666304E-06
   0.4712150E-02   0.1571005E-06
   0.4886674E-02   0.1490008E-06
   0.5061198E-02   0.1421379E-06
   0.5235722E-02   0.1360536E-06
   0.5410246E-02   0.1307185E-06
   0.5584770E-02   0.1261232E-06
   0.5759294E-02   0.1219672E-06
   0.5933818E-02   0.1179138E-06
   0.6108342E-02   0.1144607E-06
   0.6282866E-02   0.1107583E-06
   0.6457390E-02   0.1073722E-06
   0.6631915E-02   0.1044796E-06
   0.6806438E-02   0.1008308E-06
   0.6980963E-02   0.9808170E-07
   0.7155487E-02   0.9531360E-07
   0.7330011E-02   0.9257054E-07
   0.7504535E-02   0.9027862E-07
   0.7679059E-02   0.8819767E-07
   0.7853583E-02   0.8630411E-07
   0.8028107E-02   0.8437556E-07
   0.8202631E-02   0.8310577E-07
   0.8377155E-02   0.8150297E-07
   0.8551680E-02   0.8031664E-07
   0.8726203E-02   0.7924967E-07
   0.8900727E-02   0.7790692E-07
   0.9075251E-02   0.7694913E-07
   0.9249776E-02   0.7590045E-07
   0.9424300E-02   0.7502388E-07
   0.9598823E-02   0.7415620E-07
   0.9773348E-02   0.7337719E-07
   0.9947872E-02   0.7274998E-07
   0.1012240E-01   0.7200313E-07
   0.1029692E-01   0.7161296E-07
   0.1047144E-01   0.7088848E-07
   0.1064597E-01   0.7026724E-07
   0.1082049E-01   0.6982910E-07
   0.1099502E-01   0.6896949E-07
   0.1116954E-01   0.6822831E-07
   0.1134406E-01   0.6740445E-07
   0.1151859E-01   0.6654102E-07
   0.1169311E-01   0.6565563E-07
   0.1186764E-01   0.6456965E-07
   0.1204216E-01   0.6377096E-07
   0.1221668E-01   0.6270401E-07
   0.1239121E-01   0.6186507E-07
   0.1256573E-01   0.6091958E-07
   0.1274026E-01   0.5993217E-07
   0.1291478E-01   0.5920761E-07
   0.1308930E-01   0.5828224E-07
   0.1326383E-01   0.5735177E-07
   0.1343835E-01   0.5638604E-07
   0.1361288E-01   0.5567058E-07
   0.1378740E-01   0.5476150E-07
   0.1396193E-01   0.5366048E-07
   0.1413645E-01   0.5295656E-07
   0.1431097E-01   0.5208764E-07
   0.1448550E-01   0.5123539E-07
   0.1466002E-01   0.5048844E-07
   0.1483455E-01   0.4977993E-07
   0.1500907E-01   0.4927284E-07
   0.1518359E-01   0.4862448E-07
   0.1535812E-01   0.4825084E-07
   0.1553264E-01   0.4784809E-07
   0.1570717E-01   0.4748962E-07
   0.1588169E-01   0.4719651E-07
   0.1605621E-01   0.4693448E-07
   0.1623074E-01   0.4666458E-07
   0.1640526E-01   0.4634418E-07
   0.1657979E-01   0.4607920E-07
   0.1675431E-01   0.4597641E-07
   0.1692883E-01   0.4556157E-07
   0.1710336E-01   0.4536367E-07
   0.1727788E-01   0.4508647E-07
   0.1745241E-01   0.4484187E-07
   0.1762693E-01   0.4461486E-07
   0.1780145E-01   0.4431998E-07
   0.1797598E-01   0.4420460E-07
   0.1815050E-01   0.4393807E-07
   0.1832503E-01   0.4376836E-07
   0.1849955E-01   0.4351380E-07
   0.1867408E-01   0.4324320E-07
   0.1884860E-01   0.4293381E-07
   0.1902312E-01   0.4263520E-07
   0.1919765E-01   0.4235068E-07
   0.1937217E-01   0.4191134E-07
   0.1954670E-01   0.4163440E-07
   0.1972122E-01   0.4118582E-07
   0.1989574E-01   0.4065127E-07
   0.2007027E-01   0.4029139E-07
   0.2024479E-01   0.3962993E-07
   0.2041932E-01   0.3918999E-07
   0.2059384E-01   0.3869604E-07
   0.2076836E-01   0.3810088E-07
   0.2094289E-01   0.3763648E-07
   0.2111741E-01   0.3707649E-07
   0.2129194E-01   0.3661241E-07
   0.2146646E-01   0.3622586E-07
   0.2164098E-01   0.3583488E-07
   0.2181551E-01   0.3552012E-07
   0.2199003E-01   0.3520676E-07
   0.2216456E-01   0.3504049E-07
   0.2233908E-01   0.3479572E-07
   0.2251360E-01   0.3471739E-07
   0.2268813E-01   0.3461289E-07
   0.2286265E-01   0.3453207E-07
   0.2303718E-01   0.3446646E-07
   0.2321170E-01   0.3436140E-07
   0.2338623E-01   0.3437454E-07
   0.2356075E-01   0.3417615E-07
   0.2373527E-01   0.3401675E-07
   0.2390980E-01   0.3387660E-07
   0.2408432E-01   0.3356323E-07
   0.2425884E-01   0.3326476E-07
   0.2443337E-01   0.3287426E-07
   0.2460789E-01   0.3253766E-07
   0.2478242E-01   0.3203615E-07
   0.2495694E-01   0.3153122E-07
   0.2513147E-01   0.3099590E-07
   0.2530599E-01   0.3042909E-07
   0.2548051E-01   0.2975471E-07
   0.2565504E-01   0.2912094E-07
   0.2582956E-01   0.2853519E-07
   0.2600409E-01   0.2793501E-07
   0.2617861E-01   0.2726086E-07
   0.2635313E-01   0.2674759E-07
   0.2652766E-01   0.2635413E-07
   0.2670218E-01   0.2589224E-07
   0.2687671E-01   0.2552930E-07
   0.2705123E-01   0.2527221E-07
   0.2722575E-01   0.2515318E-07
   0.2740028E-01   0.2497720E-07
   0.2757480E-01   0.2490602E-07
   0.2774933E-01   0.2486708E-07
   0.2792385E-01   0.2476189E-07
   0.2809837E-01   0.2471960E-07
   0.2827290E-01   0.2465702E-07
   0.2844742E-01   0.2450146E-07
   0.2862195E-01   0.2439251E-07
   0.2879647E-01   0.2426926E-07
   0.2897099E-01   0.2395814E-07
   0.2914552E-01   0.2378457E-07
   0.2932004E-01   0.2370005E-07
   0.2949457E-01   0.2338149E-07
   0.2966909E-01   0.2329476E-07
   0.2984362E-01   0.2325571E-07
   0.3001814E-01   0.2316276E-07
   0.3019266E-01   0.2314709E-07
   0.3036719E-01   0.2317082E-07
   0.3054171E-01   0.2327034E-07
   0.3071623E-01   0.2328326E-07
   0.3089076E-01   0.2331122E-07
   0.3106528E-01   0.2340327E-07
   0.3123981E-01   0.2325648E-07
   0.3141433E-01   0.2331638E-07
   0.3158886E-01   0.2324198E-07
   0.3176338E-01   0.2319385E-07
   0.3193790E-01   0.2316643E-07
   0.3211243E-01   0.2307805E-07
   0.3228695E-01   0.2308969E-07
   0.3246148E-01   0.2300450E-07
   0.3263600E-01   0.2296216E-07
   0.3281052E-01   0.2299006E-07
   0.3298505E-01   0.2301036E-07
   0.3315957E-01   0.2294334E-07
   0.3333410E-01   0.2286927E-07
   0.3350862E-01   0.2284550E-07
   0.3368314E-01   0.2272707E-07
   0.3385767E-01   0.2255031E-07
   0.3403219E-01   0.2239042E-07
   0.3420672E-01   0.2217396E-07
   0.3438124E-01   0.2195680E-07
   0.3455576E-01   0.2170831E-07
   0.3473029E-01   0.2148918E-07
   0.3490481E-01   0.2130902E-07
