        4.80        3.90
NULL
$r$
radial profile
0 0 0
0
   0.1100000E+31  -0.1100000E+31    5
   0.1100000E+31  -0.1100000E+31    5
    0
CURVE
     201
NULL
black_solid
NULL
    0.000000        0.000000    
   0.1745241E-03   0.7445678E-08
   0.3490481E-03  -0.8784466E-08
   0.5235722E-03   0.1672485E-08
   0.6980962E-03   0.3418155E-08
   0.8726203E-03   0.2658029E-09
   0.1047144E-02   0.9265124E-09
   0.1221668E-02   0.3710661E-08
   0.1396192E-02   0.1789996E-08
   0.1570717E-02   0.3770528E-09
   0.1745241E-02   0.7279222E-09
   0.1919765E-02   0.3268263E-08
   0.2094289E-02   0.3667886E-08
   0.2268813E-02   0.3094951E-08
   0.2443337E-02   0.4618284E-08
   0.2617861E-02   0.6046970E-08
   0.2792385E-02   0.5762914E-08
   0.2966909E-02   0.6814737E-08
   0.3141433E-02   0.8163106E-08
   0.3315957E-02   0.8506903E-08
   0.3490481E-02   0.9061579E-08
   0.3665005E-02   0.9601183E-08
   0.3839529E-02   0.9934189E-08
   0.4014053E-02   0.1074106E-07
   0.4188578E-02   0.1123642E-07
   0.4363101E-02   0.1188807E-07
   0.4537626E-02   0.1230416E-07
   0.4712150E-02   0.1286332E-07
   0.4886674E-02   0.1328494E-07
   0.5061198E-02   0.1363411E-07
   0.5235722E-02   0.1404252E-07
   0.5410246E-02   0.1429861E-07
   0.5584770E-02   0.1446044E-07
   0.5759294E-02   0.1450747E-07
   0.5933818E-02   0.1481361E-07
   0.6108342E-02   0.1492175E-07
   0.6282866E-02   0.1514706E-07
   0.6457390E-02   0.1511872E-07
   0.6631915E-02   0.1540393E-07
   0.6806438E-02   0.1561643E-07
   0.6980963E-02   0.1582805E-07
   0.7155487E-02   0.1610782E-07
   0.7330011E-02   0.1647214E-07
   0.7504535E-02   0.1667618E-07
   0.7679059E-02   0.1686691E-07
   0.7853583E-02   0.1698486E-07
   0.8028107E-02   0.1694731E-07
   0.8202631E-02   0.1709103E-07
   0.8377155E-02   0.1662850E-07
   0.8551680E-02   0.1626589E-07
   0.8726203E-02   0.1595510E-07
   0.8900727E-02   0.1536849E-07
   0.9075251E-02   0.1482965E-07
   0.9249776E-02   0.1431528E-07
   0.9424300E-02   0.1372637E-07
   0.9598823E-02   0.1323030E-07
   0.9773348E-02   0.1280479E-07
   0.9947872E-02   0.1266805E-07
   0.1012240E-01   0.1232789E-07
   0.1029692E-01   0.1240286E-07
   0.1047144E-01   0.1225832E-07
   0.1064597E-01   0.1218400E-07
   0.1082049E-01   0.1240207E-07
   0.1099502E-01   0.1222858E-07
   0.1116954E-01   0.1248134E-07
   0.1134406E-01   0.1260530E-07
   0.1151859E-01   0.1265227E-07
   0.1169311E-01   0.1264084E-07
   0.1186764E-01   0.1268812E-07
   0.1204216E-01   0.1283177E-07
   0.1221668E-01   0.1260638E-07
   0.1239121E-01   0.1273427E-07
   0.1256573E-01   0.1263023E-07
   0.1274026E-01   0.1250529E-07
   0.1291478E-01   0.1251073E-07
   0.1308930E-01   0.1233929E-07
   0.1326383E-01   0.1222446E-07
   0.1343835E-01   0.1184456E-07
   0.1361288E-01   0.1133435E-07
   0.1378740E-01   0.1098751E-07
   0.1396193E-01   0.1051198E-07
   0.1413645E-01   0.9911678E-08
   0.1431097E-01   0.9472101E-08
   0.1448550E-01   0.8914079E-08
   0.1466002E-01   0.8395505E-08
   0.1483455E-01   0.8062567E-08
   0.1500907E-01   0.7810139E-08
   0.1518359E-01   0.7346427E-08
   0.1535812E-01   0.7343228E-08
   0.1553264E-01   0.7099447E-08
   0.1570717E-01   0.7003244E-08
   0.1588169E-01   0.7077771E-08
   0.1605621E-01   0.6991045E-08
   0.1623074E-01   0.7085250E-08
   0.1640526E-01   0.7109206E-08
   0.1657979E-01   0.7134168E-08
   0.1675431E-01   0.7302900E-08
   0.1692883E-01   0.7290099E-08
   0.1710336E-01   0.7399281E-08
   0.1727788E-01   0.7628477E-08
   0.1745241E-01   0.7878686E-08
   0.1762693E-01   0.8037746E-08
   0.1780145E-01   0.8278271E-08
   0.1797598E-01   0.8536341E-08
   0.1815050E-01   0.9043820E-08
   0.1832503E-01   0.9226571E-08
   0.1849955E-01   0.9604314E-08
   0.1867408E-01   0.1000170E-07
   0.1884860E-01   0.1005955E-07
   0.1902312E-01   0.1030535E-07
   0.1919765E-01   0.1043900E-07
   0.1937217E-01   0.1047083E-07
   0.1954670E-01   0.1036500E-07
   0.1972122E-01   0.1027352E-07
   0.1989574E-01   0.1002714E-07
   0.2007027E-01   0.9911759E-08
   0.2024479E-01   0.9658112E-08
   0.2041932E-01   0.9388124E-08
   0.2059384E-01   0.9164388E-08
   0.2076836E-01   0.8956969E-08
   0.2094289E-01   0.8634279E-08
   0.2111741E-01   0.8470018E-08
   0.2129194E-01   0.8196527E-08
   0.2146646E-01   0.8077818E-08
   0.2164098E-01   0.7863612E-08
   0.2181551E-01   0.7713603E-08
   0.2199003E-01   0.7534571E-08
   0.2216456E-01   0.7418032E-08
   0.2233908E-01   0.7233285E-08
   0.2251360E-01   0.7085048E-08
   0.2268813E-01   0.7049471E-08
   0.2286265E-01   0.6875746E-08
   0.2303718E-01   0.6947524E-08
   0.2321170E-01   0.6843673E-08
   0.2338623E-01   0.6844373E-08
   0.2356075E-01   0.6843735E-08
   0.2373527E-01   0.6873880E-08
   0.2390980E-01   0.6935582E-08
   0.2408432E-01   0.6762622E-08
   0.2425884E-01   0.6876165E-08
   0.2443337E-01   0.6887447E-08
   0.2460789E-01   0.6846287E-08
   0.2478242E-01   0.6750617E-08
   0.2495694E-01   0.6734632E-08
   0.2513147E-01   0.6751451E-08
   0.2530599E-01   0.6649207E-08
   0.2548051E-01   0.6531951E-08
   0.2565504E-01   0.6648015E-08
   0.2582956E-01   0.6490055E-08
   0.2600409E-01   0.6524738E-08
   0.2617861E-01   0.6549759E-08
   0.2635313E-01   0.6529179E-08
   0.2652766E-01   0.6619269E-08
   0.2670218E-01   0.6621786E-08
   0.2687671E-01   0.6628477E-08
   0.2705123E-01   0.6792206E-08
   0.2722575E-01   0.6865934E-08
   0.2740028E-01   0.6747522E-08
   0.2757480E-01   0.6831198E-08
   0.2774933E-01   0.6710830E-08
   0.2792385E-01   0.6702338E-08
   0.2809837E-01   0.6585148E-08
   0.2827290E-01   0.6506275E-08
   0.2844742E-01   0.6509719E-08
   0.2862195E-01   0.6415597E-08
   0.2879647E-01   0.6336890E-08
   0.2897099E-01   0.6363947E-08
   0.2914552E-01   0.6293331E-08
   0.2932004E-01   0.6343623E-08
   0.2949457E-01   0.6292058E-08
   0.2966909E-01   0.6425179E-08
   0.2984362E-01   0.6493313E-08
   0.3001814E-01   0.6551011E-08
   0.3019266E-01   0.6623971E-08
   0.3036719E-01   0.6579848E-08
   0.3054171E-01   0.6661189E-08
   0.3071623E-01   0.6733911E-08
   0.3089076E-01   0.6662379E-08
   0.3106528E-01   0.6663833E-08
   0.3123981E-01   0.6648162E-08
   0.3141433E-01   0.6542419E-08
   0.3158886E-01   0.6536306E-08
   0.3176338E-01   0.6380583E-08
   0.3193790E-01   0.6239089E-08
   0.3211243E-01   0.6126067E-08
   0.3228695E-01   0.5882663E-08
   0.3246148E-01   0.5698559E-08
   0.3263600E-01   0.5448914E-08
   0.3281052E-01   0.5195730E-08
   0.3298505E-01   0.4979238E-08
   0.3315957E-01   0.4701227E-08
   0.3333410E-01   0.4521246E-08
   0.3350862E-01   0.4315231E-08
   0.3368314E-01   0.4070370E-08
   0.3385767E-01   0.3960161E-08
   0.3403219E-01   0.3819181E-08
   0.3420672E-01   0.3716407E-08
   0.3438124E-01   0.3647719E-08
   0.3455576E-01   0.3565527E-08
   0.3473029E-01   0.3668265E-08
   0.3490481E-01   0.3771726E-08
