        4.80        3.90
NULL
$r$
radial profile
0 0 0
0
   0.1100000E+31  -0.1100000E+31    5
   0.1100000E+31  -0.1100000E+31    5
    0
CURVE
     201
NULL
black_solid
NULL
    0.000000       0.1495180E-05
   0.1745241E-03   0.1488957E-05
   0.3490481E-03   0.1426246E-05
   0.5235722E-03   0.1395775E-05
   0.6980962E-03   0.1356383E-05
   0.8726203E-03   0.1267781E-05
   0.1047144E-02   0.1185083E-05
   0.1221668E-02   0.1113669E-05
   0.1396192E-02   0.1015431E-05
   0.1570717E-02   0.9250537E-06
   0.1745241E-02   0.8372890E-06
   0.1919765E-02   0.7497518E-06
   0.2094289E-02   0.6747704E-06
   0.2268813E-02   0.5964833E-06
   0.2443337E-02   0.5289968E-06
   0.2617861E-02   0.4758313E-06
   0.2792385E-02   0.4195239E-06
   0.2966909E-02   0.3740570E-06
   0.3141433E-02   0.3387134E-06
   0.3315957E-02   0.3025464E-06
   0.3490481E-02   0.2739791E-06
   0.3665005E-02   0.2512953E-06
   0.3839529E-02   0.2290252E-06
   0.4014053E-02   0.2110797E-06
   0.4188578E-02   0.1962710E-06
   0.4363101E-02   0.1823881E-06
   0.4537626E-02   0.1711281E-06
   0.4712150E-02   0.1613331E-06
   0.4886674E-02   0.1525809E-06
   0.5061198E-02   0.1455179E-06
   0.5235722E-02   0.1390282E-06
   0.5410246E-02   0.1332972E-06
   0.5584770E-02   0.1285295E-06
   0.5759294E-02   0.1239278E-06
   0.5933818E-02   0.1196873E-06
   0.6108342E-02   0.1159817E-06
   0.6282866E-02   0.1121263E-06
   0.6457390E-02   0.1086642E-06
   0.6631915E-02   0.1054502E-06
   0.6806438E-02   0.1021003E-06
   0.6980963E-02   0.9925991E-07
   0.7155487E-02   0.9666311E-07
   0.7330011E-02   0.9406966E-07
   0.7504535E-02   0.9189693E-07
   0.7679059E-02   0.8998794E-07
   0.7853583E-02   0.8807918E-07
   0.8028107E-02   0.8646852E-07
   0.8202631E-02   0.8510564E-07
   0.8377155E-02   0.8362924E-07
   0.8551680E-02   0.8238232E-07
   0.8726203E-02   0.8122136E-07
   0.8900727E-02   0.8008521E-07
   0.9075251E-02   0.7898907E-07
   0.9249776E-02   0.7793042E-07
   0.9424300E-02   0.7710405E-07
   0.9598823E-02   0.7625529E-07
   0.9773348E-02   0.7556804E-07
   0.9947872E-02   0.7500230E-07
   0.1012240E-01   0.7446159E-07
   0.1029692E-01   0.7396419E-07
   0.1047144E-01   0.7347366E-07
   0.1064597E-01   0.7294180E-07
   0.1082049E-01   0.7246148E-07
   0.1099502E-01   0.7178116E-07
   0.1116954E-01   0.7104495E-07
   0.1134406E-01   0.7020695E-07
   0.1151859E-01   0.6934719E-07
   0.1169311E-01   0.6835139E-07
   0.1186764E-01   0.6726970E-07
   0.1204216E-01   0.6622174E-07
   0.1221668E-01   0.6510044E-07
   0.1239121E-01   0.6404647E-07
   0.1256573E-01   0.6302551E-07
   0.1274026E-01   0.6204082E-07
   0.1291478E-01   0.6100247E-07
   0.1308930E-01   0.6020901E-07
   0.1326383E-01   0.5919333E-07
   0.1343835E-01   0.5827194E-07
   0.1361288E-01   0.5748123E-07
   0.1378740E-01   0.5649143E-07
   0.1396193E-01   0.5570174E-07
   0.1413645E-01   0.5489954E-07
   0.1431097E-01   0.5414462E-07
   0.1448550E-01   0.5340694E-07
   0.1466002E-01   0.5279041E-07
   0.1483455E-01   0.5230397E-07
   0.1500907E-01   0.5174757E-07
   0.1518359E-01   0.5126512E-07
   0.1535812E-01   0.5097024E-07
   0.1553264E-01   0.5058122E-07
   0.1570717E-01   0.5020760E-07
   0.1588169E-01   0.4990559E-07
   0.1605621E-01   0.4961966E-07
   0.1623074E-01   0.4924636E-07
   0.1640526E-01   0.4889583E-07
   0.1657979E-01   0.4857182E-07
   0.1675431E-01   0.4816218E-07
   0.1692883E-01   0.4774715E-07
   0.1710336E-01   0.4741269E-07
   0.1727788E-01   0.4703038E-07
   0.1745241E-01   0.4662161E-07
   0.1762693E-01   0.4630496E-07
   0.1780145E-01   0.4590342E-07
   0.1797598E-01   0.4556804E-07
   0.1815050E-01   0.4520924E-07
   0.1832503E-01   0.4478049E-07
   0.1849955E-01   0.4451767E-07
   0.1867408E-01   0.4412123E-07
   0.1884860E-01   0.4366147E-07
   0.1902312E-01   0.4326635E-07
   0.1919765E-01   0.4277298E-07
   0.1937217E-01   0.4234354E-07
   0.1954670E-01   0.4185602E-07
   0.1972122E-01   0.4131010E-07
   0.1989574E-01   0.4081377E-07
   0.2007027E-01   0.4029371E-07
   0.2024479E-01   0.3982070E-07
   0.2041932E-01   0.3929974E-07
   0.2059384E-01   0.3885734E-07
   0.2076836E-01   0.3839439E-07
   0.2094289E-01   0.3798834E-07
   0.2111741E-01   0.3755205E-07
   0.2129194E-01   0.3713443E-07
   0.2146646E-01   0.3681382E-07
   0.2164098E-01   0.3652590E-07
   0.2181551E-01   0.3628421E-07
   0.2199003E-01   0.3608683E-07
   0.2216456E-01   0.3595104E-07
   0.2233908E-01   0.3581337E-07
   0.2251360E-01   0.3578019E-07
   0.2268813E-01   0.3569585E-07
   0.2286265E-01   0.3564001E-07
   0.2303718E-01   0.3566388E-07
   0.2321170E-01   0.3553344E-07
   0.2338623E-01   0.3545048E-07
   0.2356075E-01   0.3526146E-07
   0.2373527E-01   0.3508266E-07
   0.2390980E-01   0.3482964E-07
   0.2408432E-01   0.3452059E-07
   0.2425884E-01   0.3418900E-07
   0.2443337E-01   0.3380449E-07
   0.2460789E-01   0.3343869E-07
   0.2478242E-01   0.3297639E-07
   0.2495694E-01   0.3251401E-07
   0.2513147E-01   0.3208878E-07
   0.2530599E-01   0.3158675E-07
   0.2548051E-01   0.3112400E-07
   0.2565504E-01   0.3059654E-07
   0.2582956E-01   0.3010944E-07
   0.2600409E-01   0.2971397E-07
   0.2617861E-01   0.2921946E-07
   0.2635313E-01   0.2872681E-07
   0.2652766E-01   0.2840873E-07
   0.2670218E-01   0.2807516E-07
   0.2687671E-01   0.2775951E-07
   0.2705123E-01   0.2750975E-07
   0.2722575E-01   0.2738027E-07
   0.2740028E-01   0.2719004E-07
   0.2757480E-01   0.2704400E-07
   0.2774933E-01   0.2697532E-07
   0.2792385E-01   0.2683305E-07
   0.2809837E-01   0.2673566E-07
   0.2827290E-01   0.2662465E-07
   0.2844742E-01   0.2644172E-07
   0.2862195E-01   0.2628529E-07
   0.2879647E-01   0.2609871E-07
   0.2897099E-01   0.2583470E-07
   0.2914552E-01   0.2566644E-07
   0.2932004E-01   0.2549419E-07
   0.2949457E-01   0.2526257E-07
   0.2966909E-01   0.2512054E-07
   0.2984362E-01   0.2506675E-07
   0.3001814E-01   0.2495919E-07
   0.3019266E-01   0.2490229E-07
   0.3036719E-01   0.2495334E-07
   0.3054171E-01   0.2497490E-07
   0.3071623E-01   0.2497734E-07
   0.3089076E-01   0.2499331E-07
   0.3106528E-01   0.2503588E-07
   0.3123981E-01   0.2502842E-07
   0.3141433E-01   0.2497141E-07
   0.3158886E-01   0.2493417E-07
   0.3176338E-01   0.2484578E-07
   0.3193790E-01   0.2479052E-07
   0.3211243E-01   0.2470975E-07
   0.3228695E-01   0.2461865E-07
   0.3246148E-01   0.2464459E-07
   0.3263600E-01   0.2450198E-07
   0.3281052E-01   0.2449037E-07
   0.3298505E-01   0.2450923E-07
   0.3315957E-01   0.2443955E-07
   0.3333410E-01   0.2441034E-07
   0.3350862E-01   0.2441610E-07
   0.3368314E-01   0.2431418E-07
   0.3385767E-01   0.2420101E-07
   0.3403219E-01   0.2411191E-07
   0.3420672E-01   0.2397007E-07
   0.3438124E-01   0.2376556E-07
   0.3455576E-01   0.2357684E-07
   0.3473029E-01   0.2345050E-07
   0.3490481E-01   0.2329702E-07
