   0.00000E+00   0.49308E-05
   0.17452E-03   0.49020E-05
   0.34905E-03   0.45812E-05
   0.52357E-03   0.44252E-05
   0.69810E-03   0.42201E-05
   0.87262E-03   0.37351E-05
   0.10471E-02   0.33326E-05
   0.12217E-02   0.30208E-05
   0.13962E-02   0.26306E-05
   0.15707E-02   0.23056E-05
   0.17452E-02   0.20166E-05
   0.19198E-02   0.17459E-05
   0.20943E-02   0.15286E-05
   0.22688E-02   0.13257E-05
   0.24433E-02   0.11614E-05
   0.26179E-02   0.10377E-05
   0.27924E-02   0.91491E-06
   0.29669E-02   0.82236E-06
   0.31414E-02   0.75931E-06
   0.33160E-02   0.70738E-06
   0.34905E-02   0.66776E-06
   0.36650E-02   0.63798E-06
   0.38395E-02   0.61003E-06
   0.40141E-02   0.58734E-06
   0.41886E-02   0.57619E-06
   0.43631E-02   0.56999E-06
   0.45376E-02   0.56270E-06
   0.47121E-02   0.55534E-06
   0.48867E-02   0.55041E-06
   0.50612E-02   0.54425E-06
   0.52357E-02   0.53884E-06
   0.54102E-02   0.53515E-06
   0.55848E-02   0.53299E-06
   0.57593E-02   0.52773E-06
   0.59338E-02   0.51979E-06
   0.61083E-02   0.51530E-06
   0.62829E-02   0.50755E-06
   0.64574E-02   0.49915E-06
   0.66319E-02   0.49347E-06
   0.68064E-02   0.48850E-06
   0.69810E-02   0.48265E-06
   0.71555E-02   0.48079E-06
   0.73300E-02   0.47793E-06
   0.75045E-02   0.47734E-06
   0.76791E-02   0.47627E-06
   0.78536E-02   0.47210E-06
   0.80281E-02   0.46992E-06
   0.82026E-02   0.47053E-06
   0.83772E-02   0.47087E-06
   0.85517E-02   0.47150E-06
   0.87262E-02   0.47010E-06
   0.89007E-02   0.46812E-06
   0.90753E-02   0.46845E-06
   0.92498E-02   0.46896E-06
   0.94243E-02   0.46955E-06
   0.95988E-02   0.47059E-06
   0.97733E-02   0.46752E-06
   0.99479E-02   0.46778E-06
   0.10122E-01   0.46607E-06
   0.10297E-01   0.46541E-06
   0.10471E-01   0.46519E-06
   0.10646E-01   0.46277E-06
   0.10820E-01   0.46225E-06
   0.10995E-01   0.46060E-06
   0.11170E-01   0.46131E-06
   0.11344E-01   0.45962E-06
   0.11519E-01   0.45756E-06
   0.11693E-01   0.45542E-06
   0.11868E-01   0.45378E-06
   0.12042E-01   0.45116E-06
   0.12217E-01   0.44616E-06
   0.12391E-01   0.44104E-06
   0.12566E-01   0.43790E-06
   0.12740E-01   0.43495E-06
   0.12915E-01   0.43666E-06
   0.13089E-01   0.43984E-06
   0.13264E-01   0.44091E-06
   0.13438E-01   0.44216E-06
   0.13613E-01   0.44075E-06
   0.13787E-01   0.43637E-06
   0.13962E-01   0.43344E-06
   0.14136E-01   0.42902E-06
   0.14311E-01   0.42359E-06
   0.14485E-01   0.41927E-06
   0.14660E-01   0.41609E-06
   0.14835E-01   0.41353E-06
   0.15009E-01   0.41125E-06
   0.15184E-01   0.41003E-06
   0.15358E-01   0.41062E-06
   0.15533E-01   0.40880E-06
   0.15707E-01   0.40757E-06
   0.15882E-01   0.40745E-06
   0.16056E-01   0.40868E-06
   0.16231E-01   0.40915E-06
   0.16405E-01   0.40963E-06
   0.16580E-01   0.40795E-06
   0.16754E-01   0.40709E-06
   0.16929E-01   0.40684E-06
   0.17103E-01   0.40530E-06
   0.17278E-01   0.40279E-06
   0.17452E-01   0.39996E-06
   0.17627E-01   0.39817E-06
   0.17801E-01   0.39811E-06
   0.17976E-01   0.39795E-06
   0.18151E-01   0.39939E-06
   0.18325E-01   0.39962E-06
   0.18500E-01   0.39912E-06
   0.18674E-01   0.39835E-06
   0.18849E-01   0.39721E-06
   0.19023E-01   0.39800E-06
   0.19198E-01   0.39661E-06
   0.19372E-01   0.39545E-06
   0.19547E-01   0.39467E-06
   0.19721E-01   0.39405E-06
   0.19896E-01   0.39342E-06
   0.20070E-01   0.39291E-06
   0.20245E-01   0.39175E-06
   0.20419E-01   0.39175E-06
   0.20594E-01   0.39183E-06
   0.20768E-01   0.39132E-06
   0.20943E-01   0.38891E-06
   0.21117E-01   0.38591E-06
   0.21292E-01   0.38460E-06
   0.21466E-01   0.38246E-06
   0.21641E-01   0.38089E-06
   0.21816E-01   0.37998E-06
   0.21990E-01   0.37932E-06
   0.22165E-01   0.37828E-06
   0.22339E-01   0.37778E-06
   0.22514E-01   0.37676E-06
   0.22688E-01   0.37873E-06
   0.22863E-01   0.38107E-06
   0.23037E-01   0.38162E-06
   0.23212E-01   0.38123E-06
   0.23386E-01   0.38019E-06
   0.23561E-01   0.38009E-06
   0.23735E-01   0.37987E-06
   0.23910E-01   0.37740E-06
   0.24084E-01   0.37705E-06
   0.24259E-01   0.37722E-06
   0.24433E-01   0.37610E-06
   0.24608E-01   0.37428E-06
   0.24782E-01   0.37382E-06
   0.24957E-01   0.37358E-06
   0.25131E-01   0.37183E-06
   0.25306E-01   0.37035E-06
   0.25481E-01   0.37111E-06
   0.25655E-01   0.37132E-06
   0.25830E-01   0.37164E-06
   0.26004E-01   0.37282E-06
   0.26179E-01   0.37261E-06
   0.26353E-01   0.37476E-06
   0.26528E-01   0.37492E-06
   0.26702E-01   0.37491E-06
   0.26877E-01   0.37391E-06
   0.27051E-01   0.37386E-06
   0.27226E-01   0.37154E-06
   0.27400E-01   0.36980E-06
   0.27575E-01   0.36829E-06
   0.27749E-01   0.36717E-06
   0.27924E-01   0.36715E-06
   0.28098E-01   0.36668E-06
   0.28273E-01   0.36649E-06
   0.28447E-01   0.36541E-06
   0.28622E-01   0.36435E-06
   0.28796E-01   0.36440E-06
   0.28971E-01   0.36196E-06
   0.29146E-01   0.35935E-06
   0.29320E-01   0.35740E-06
   0.29495E-01   0.35584E-06
   0.29669E-01   0.35402E-06
   0.29844E-01   0.35429E-06
   0.30018E-01   0.35392E-06
   0.30193E-01   0.35263E-06
   0.30367E-01   0.35330E-06
   0.30542E-01   0.35393E-06
   0.30716E-01   0.35502E-06
   0.30891E-01   0.35585E-06
   0.31065E-01   0.35555E-06
   0.31240E-01   0.35460E-06
   0.31414E-01   0.35451E-06
   0.31589E-01   0.35521E-06
   0.31763E-01   0.35407E-06
   0.31938E-01   0.35213E-06
   0.32112E-01   0.35070E-06
   0.32287E-01   0.34919E-06
   0.32461E-01   0.34940E-06
   0.32636E-01   0.35060E-06
   0.32811E-01   0.35216E-06
   0.32985E-01   0.35181E-06
   0.33160E-01   0.35173E-06
   0.33334E-01   0.35250E-06
   0.33509E-01   0.35336E-06
   0.33683E-01   0.35450E-06
   0.33858E-01   0.35576E-06
   0.34032E-01   0.35614E-06
   0.34207E-01   0.35601E-06
   0.34381E-01   0.35674E-06
   0.34556E-01   0.35754E-06
   0.34730E-01   0.35620E-06
   0.34905E-01   0.35382E-06
