        4.80        3.90
NULL
$r$
radial profile
0 0 0
0
   0.1100000E+31  -0.1100000E+31    5
   0.1100000E+31  -0.1100000E+31    5
    0
CURVE
     201
NULL
black_solid
NULL
    0.000000       0.9147147E-05
   0.1745241E-03   0.9115899E-05
   0.3490481E-03   0.8722861E-05
   0.5235722E-03   0.8536716E-05
   0.6980962E-03   0.8310210E-05
   0.8726203E-03   0.7713244E-05
   0.1047144E-02   0.7234481E-05
   0.1221668E-02   0.6799136E-05
   0.1396192E-02   0.6138647E-05
   0.1570717E-02   0.5605013E-05
   0.1745241E-02   0.5060011E-05
   0.1919765E-02   0.4472939E-05
   0.2094289E-02   0.4023252E-05
   0.2268813E-02   0.3520632E-05
   0.2443337E-02   0.3072333E-05
   0.2617861E-02   0.2744168E-05
   0.2792385E-02   0.2378667E-05
   0.2966909E-02   0.2076280E-05
   0.3141433E-02   0.1854183E-05
   0.3315957E-02   0.1616465E-05
   0.3490481E-02   0.1428151E-05
   0.3665005E-02   0.1285767E-05
   0.3839529E-02   0.1134715E-05
   0.4014053E-02   0.1019788E-05
   0.4188578E-02   0.9241331E-06
   0.4363101E-02   0.8297683E-06
   0.4537626E-02   0.7558928E-06
   0.4712150E-02   0.6909773E-06
   0.4886674E-02   0.6300260E-06
   0.5061198E-02   0.5816801E-06
   0.5235722E-02   0.5368985E-06
   0.5410246E-02   0.4968051E-06
   0.5584770E-02   0.4638484E-06
   0.5759294E-02   0.4319217E-06
   0.5933818E-02   0.4028374E-06
   0.6108342E-02   0.3794635E-06
   0.6282866E-02   0.3537248E-06
   0.6457390E-02   0.3313004E-06
   0.6631915E-02   0.3131100E-06
   0.6806438E-02   0.2911008E-06
   0.6980963E-02   0.2743224E-06
   0.7155487E-02   0.2581607E-06
   0.7330011E-02   0.2415063E-06
   0.7504535E-02   0.2279058E-06
   0.7679059E-02   0.2149542E-06
   0.7853583E-02   0.2020528E-06
   0.8028107E-02   0.1914144E-06
   0.8202631E-02   0.1817062E-06
   0.8377155E-02   0.1706666E-06
   0.8551680E-02   0.1622636E-06
   0.8726203E-02   0.1541932E-06
   0.8900727E-02   0.1455053E-06
   0.9075251E-02   0.1376652E-06
   0.9249776E-02   0.1309294E-06
   0.9424300E-02   0.1245575E-06
   0.9598823E-02   0.1179665E-06
   0.9773348E-02   0.1138007E-06
   0.9947872E-02   0.1091259E-06
   0.1012240E-01   0.1053652E-06
   0.1029692E-01   0.1023661E-06
   0.1047144E-01   0.9982835E-07
   0.1064597E-01   0.9724590E-07
   0.1082049E-01   0.9550021E-07
   0.1099502E-01   0.9313064E-07
   0.1116954E-01   0.9069413E-07
   0.1134406E-01   0.8825377E-07
   0.1151859E-01   0.8471912E-07
   0.1169311E-01   0.8204961E-07
   0.1186764E-01   0.7923077E-07
   0.1204216E-01   0.7578542E-07
   0.1221668E-01   0.7248983E-07
   0.1239121E-01   0.6975102E-07
   0.1256573E-01   0.6668235E-07
   0.1274026E-01   0.6392860E-07
   0.1291478E-01   0.6151866E-07
   0.1308930E-01   0.5969647E-07
   0.1326383E-01   0.5791667E-07
   0.1343835E-01   0.5675830E-07
   0.1361288E-01   0.5606354E-07
   0.1378740E-01   0.5492237E-07
   0.1396193E-01   0.5481750E-07
   0.1413645E-01   0.5417585E-07
   0.1431097E-01   0.5406366E-07
   0.1448550E-01   0.5419246E-07
   0.1466002E-01   0.5357121E-07
   0.1483455E-01   0.5351111E-07
   0.1500907E-01   0.5354646E-07
   0.1518359E-01   0.5308408E-07
   0.1535812E-01   0.5201332E-07
   0.1553264E-01   0.5060927E-07
   0.1570717E-01   0.4914303E-07
   0.1588169E-01   0.4699080E-07
   0.1605621E-01   0.4470849E-07
   0.1623074E-01   0.4199920E-07
   0.1640526E-01   0.3867261E-07
   0.1657979E-01   0.3613463E-07
   0.1675431E-01   0.3332282E-07
   0.1692883E-01   0.2993547E-07
   0.1710336E-01   0.2806950E-07
   0.1727788E-01   0.2562957E-07
   0.1745241E-01   0.2316302E-07
   0.1762693E-01   0.2141739E-07
   0.1780145E-01   0.1980419E-07
   0.1797598E-01   0.1866964E-07
   0.1815050E-01   0.1706564E-07
   0.1832503E-01   0.1652325E-07
   0.1849955E-01   0.1573645E-07
   0.1867408E-01   0.1488097E-07
   0.1884860E-01   0.1417099E-07
   0.1902312E-01   0.1345687E-07
   0.1919765E-01   0.1352859E-07
   0.1937217E-01   0.1285581E-07
   0.1954670E-01   0.1284913E-07
   0.1972122E-01   0.1299786E-07
   0.1989574E-01   0.1323382E-07
   0.2007027E-01   0.1365483E-07
   0.2024479E-01   0.1343817E-07
   0.2041932E-01   0.1444496E-07
   0.2059384E-01   0.1454293E-07
   0.2076836E-01   0.1457201E-07
   0.2094289E-01   0.1499966E-07
   0.2111741E-01   0.1510056E-07
   0.2129194E-01   0.1496499E-07
   0.2146646E-01   0.1500507E-07
   0.2164098E-01   0.1511708E-07
   0.2181551E-01   0.1498309E-07
   0.2199003E-01   0.1466320E-07
   0.2216456E-01   0.1499375E-07
   0.2233908E-01   0.1482433E-07
   0.2251360E-01   0.1496720E-07
   0.2268813E-01   0.1532167E-07
   0.2286265E-01   0.1564584E-07
   0.2303718E-01   0.1640689E-07
   0.2321170E-01   0.1630872E-07
   0.2338623E-01   0.1721543E-07
   0.2356075E-01   0.1761519E-07
   0.2373527E-01   0.1750661E-07
   0.2390980E-01   0.1782194E-07
   0.2408432E-01   0.1865996E-07
   0.2425884E-01   0.1849122E-07
   0.2443337E-01   0.1870005E-07
   0.2460789E-01   0.1914808E-07
   0.2478242E-01   0.1892434E-07
   0.2495694E-01   0.1856262E-07
   0.2513147E-01   0.1822455E-07
   0.2530599E-01   0.1726189E-07
   0.2548051E-01   0.1632966E-07
   0.2565504E-01   0.1508184E-07
   0.2582956E-01   0.1355109E-07
   0.2600409E-01   0.1205055E-07
   0.2617861E-01   0.1022020E-07
   0.2635313E-01   0.8027968E-08
   0.2652766E-01   0.6552109E-08
   0.2670218E-01   0.4738980E-08
   0.2687671E-01   0.2701411E-08
   0.2705123E-01   0.1311034E-08
   0.2722575E-01   0.2916100E-09
   0.2740028E-01  -0.8930705E-09
   0.2757480E-01  -0.1675989E-08
   0.2774933E-01  -0.2068771E-08
   0.2792385E-01  -0.2668190E-08
   0.2809837E-01  -0.2640567E-08
   0.2827290E-01  -0.3166498E-08
   0.2844742E-01  -0.3147349E-08
   0.2862195E-01  -0.3505146E-08
   0.2879647E-01  -0.3346887E-08
   0.2897099E-01  -0.3461589E-08
   0.2914552E-01  -0.3161694E-08
   0.2932004E-01  -0.2919024E-08
   0.2949457E-01  -0.2738554E-08
   0.2966909E-01  -0.1688942E-08
   0.2984362E-01  -0.1029870E-08
   0.3001814E-01  -0.5804651E-09
   0.3019266E-01   0.3395074E-09
   0.3036719E-01   0.1529835E-08
   0.3054171E-01   0.2161339E-08
   0.3071623E-01   0.2978691E-08
   0.3089076E-01   0.3971529E-08
   0.3106528E-01   0.4483937E-08
   0.3123981E-01   0.5240469E-08
   0.3141433E-01   0.5789968E-08
   0.3158886E-01   0.6167377E-08
   0.3176338E-01   0.7123432E-08
   0.3193790E-01   0.7487240E-08
   0.3211243E-01   0.7707616E-08
   0.3228695E-01   0.8377849E-08
   0.3246148E-01   0.8716488E-08
   0.3263600E-01   0.9418184E-08
   0.3281052E-01   0.9954659E-08
   0.3298505E-01   0.1044967E-07
   0.3315957E-01   0.1105925E-07
   0.3333410E-01   0.1142999E-07
   0.3350862E-01   0.1162815E-07
   0.3368314E-01   0.1209055E-07
   0.3385767E-01   0.1211813E-07
   0.3403219E-01   0.1236247E-07
   0.3420672E-01   0.1229264E-07
   0.3438124E-01   0.1236601E-07
   0.3455576E-01   0.1241616E-07
   0.3473029E-01   0.1220467E-07
   0.3490481E-01   0.1242103E-07
