        4.80        3.90
NULL
$r$
radial profile
0 0 0
0
   0.1100000E+31  -0.1100000E+31    5
   0.1100000E+31  -0.1100000E+31    5
    0
CURVE
     201
NULL
black_solid
NULL
    0.000000        0.000000    
   0.1745241E-03   0.7241588E-10
   0.3490481E-03   0.5237454E-07
   0.5235722E-03   0.7821313E-07
   0.6980962E-03   0.1142021E-06
   0.8726203E-03   0.1920710E-06
   0.1047144E-02   0.2642779E-06
   0.1221668E-02   0.3223926E-06
   0.1396192E-02   0.4018025E-06
   0.1570717E-02   0.4698245E-06
   0.1745241E-02   0.5312316E-06
   0.1919765E-02   0.5862694E-06
   0.2094289E-02   0.6280912E-06
   0.2268813E-02   0.6656682E-06
   0.2443337E-02   0.6914374E-06
   0.2617861E-02   0.7048453E-06
   0.2792385E-02   0.7124620E-06
   0.2966909E-02   0.7128680E-06
   0.3141433E-02   0.7067677E-06
   0.3315957E-02   0.6942192E-06
   0.3490481E-02   0.6797152E-06
   0.3665005E-02   0.6633813E-06
   0.3839529E-02   0.6424935E-06
   0.4014053E-02   0.6224326E-06
   0.4188578E-02   0.6020595E-06
   0.4363101E-02   0.5795114E-06
   0.4537626E-02   0.5584886E-06
   0.4712150E-02   0.5369872E-06
   0.4886674E-02   0.5153601E-06
   0.5061198E-02   0.4957899E-06
   0.5235722E-02   0.4751524E-06
   0.5410246E-02   0.4555830E-06
   0.5584770E-02   0.4380726E-06
   0.5759294E-02   0.4203303E-06
   0.5933818E-02   0.4038850E-06
   0.6108342E-02   0.3893351E-06
   0.6282866E-02   0.3748493E-06
   0.6457390E-02   0.3619746E-06
   0.6631915E-02   0.3500440E-06
   0.6806438E-02   0.3382806E-06
   0.6980963E-02   0.3277019E-06
   0.7155487E-02   0.3173756E-06
   0.7330011E-02   0.3069557E-06
   0.7504535E-02   0.2976407E-06
   0.7679059E-02   0.2882991E-06
   0.7853583E-02   0.2789318E-06
   0.8028107E-02   0.2706516E-06
   0.8202631E-02   0.2625817E-06
   0.8377155E-02   0.2547779E-06
   0.8551680E-02   0.2478292E-06
   0.8726203E-02   0.2415455E-06
   0.8900727E-02   0.2354534E-06
   0.9075251E-02   0.2299333E-06
   0.9249776E-02   0.2249786E-06
   0.9424300E-02   0.2200675E-06
   0.9598823E-02   0.2156455E-06
   0.9773348E-02   0.2111653E-06
   0.9947872E-02   0.2067324E-06
   0.1012240E-01   0.2025214E-06
   0.1029692E-01   0.1979239E-06
   0.1047144E-01   0.1935450E-06
   0.1064597E-01   0.1893442E-06
   0.1082049E-01   0.1848628E-06
   0.1099502E-01   0.1807361E-06
   0.1116954E-01   0.1770266E-06
   0.1134406E-01   0.1730648E-06
   0.1151859E-01   0.1696092E-06
   0.1169311E-01   0.1664930E-06
   0.1186764E-01   0.1633653E-06
   0.1204216E-01   0.1604991E-06
   0.1221668E-01   0.1577460E-06
   0.1239121E-01   0.1552471E-06
   0.1256573E-01   0.1528380E-06
   0.1274026E-01   0.1504559E-06
   0.1291478E-01   0.1481882E-06
   0.1308930E-01   0.1459077E-06
   0.1326383E-01   0.1437137E-06
   0.1343835E-01   0.1417273E-06
   0.1361288E-01   0.1397497E-06
   0.1378740E-01   0.1378848E-06
   0.1396193E-01   0.1360117E-06
   0.1413645E-01   0.1341932E-06
   0.1431097E-01   0.1324465E-06
   0.1448550E-01   0.1306744E-06
   0.1466002E-01   0.1289620E-06
   0.1483455E-01   0.1271739E-06
   0.1500907E-01   0.1254187E-06
   0.1518359E-01   0.1236936E-06
   0.1535812E-01   0.1218036E-06
   0.1553264E-01   0.1200488E-06
   0.1570717E-01   0.1183971E-06
   0.1588169E-01   0.1166228E-06
   0.1605621E-01   0.1151795E-06
   0.1623074E-01   0.1136903E-06
   0.1640526E-01   0.1122438E-06
   0.1657979E-01   0.1110848E-06
   0.1675431E-01   0.1098025E-06
   0.1692883E-01   0.1087268E-06
   0.1710336E-01   0.1075951E-06
   0.1727788E-01   0.1065789E-06
   0.1745241E-01   0.1053967E-06
   0.1762693E-01   0.1043413E-06
   0.1780145E-01   0.1032508E-06
   0.1797598E-01   0.1020385E-06
   0.1815050E-01   0.1008298E-06
   0.1832503E-01   0.9968887E-07
   0.1849955E-01   0.9856215E-07
   0.1867408E-01   0.9746117E-07
   0.1884860E-01   0.9639887E-07
   0.1902312E-01   0.9545235E-07
   0.1919765E-01   0.9450780E-07
   0.1937217E-01   0.9365557E-07
   0.1954670E-01   0.9285616E-07
   0.1972122E-01   0.9214938E-07
   0.1989574E-01   0.9156170E-07
   0.2007027E-01   0.9093311E-07
   0.2024479E-01   0.9038416E-07
   0.2041932E-01   0.8990244E-07
   0.2059384E-01   0.8939223E-07
   0.2076836E-01   0.8885124E-07
   0.2094289E-01   0.8833746E-07
   0.2111741E-01   0.8790848E-07
   0.2129194E-01   0.8735426E-07
   0.2146646E-01   0.8681897E-07
   0.2164098E-01   0.8624703E-07
   0.2181551E-01   0.8569186E-07
   0.2199003E-01   0.8509660E-07
   0.2216456E-01   0.8450886E-07
   0.2233908E-01   0.8392370E-07
   0.2251360E-01   0.8322366E-07
   0.2268813E-01   0.8262774E-07
   0.2286265E-01   0.8190010E-07
   0.2303718E-01   0.8131614E-07
   0.2321170E-01   0.8078445E-07
   0.2338623E-01   0.8013962E-07
   0.2356075E-01   0.7955995E-07
   0.2373527E-01   0.7905837E-07
   0.2390980E-01   0.7836616E-07
   0.2408432E-01   0.7773255E-07
   0.2425884E-01   0.7709455E-07
   0.2443337E-01   0.7638178E-07
   0.2460789E-01   0.7568084E-07
   0.2478242E-01   0.7485503E-07
   0.2495694E-01   0.7408555E-07
   0.2513147E-01   0.7340565E-07
   0.2530599E-01   0.7255493E-07
   0.2548051E-01   0.7172399E-07
   0.2565504E-01   0.7116761E-07
   0.2582956E-01   0.7066504E-07
   0.2600409E-01   0.7014850E-07
   0.2617861E-01   0.6980337E-07
   0.2635313E-01   0.6966683E-07
   0.2652766E-01   0.6952296E-07
   0.2670218E-01   0.6944887E-07
   0.2687671E-01   0.6949367E-07
   0.2705123E-01   0.6952894E-07
   0.2722575E-01   0.6955789E-07
   0.2740028E-01   0.6961847E-07
   0.2757480E-01   0.6958535E-07
   0.2774933E-01   0.6945673E-07
   0.2792385E-01   0.6936571E-07
   0.2809837E-01   0.6926014E-07
   0.2827290E-01   0.6902486E-07
   0.2844742E-01   0.6885853E-07
   0.2862195E-01   0.6866421E-07
   0.2879647E-01   0.6843755E-07
   0.2897099E-01   0.6815133E-07
   0.2914552E-01   0.6789790E-07
   0.2932004E-01   0.6763930E-07
   0.2949457E-01   0.6732806E-07
   0.2966909E-01   0.6704747E-07
   0.2984362E-01   0.6673821E-07
   0.3001814E-01   0.6628162E-07
   0.3019266E-01   0.6587877E-07
   0.3036719E-01   0.6538811E-07
   0.3054171E-01   0.6486115E-07
   0.3071623E-01   0.6433864E-07
   0.3089076E-01   0.6376590E-07
   0.3106528E-01   0.6306355E-07
   0.3123981E-01   0.6237272E-07
   0.3141433E-01   0.6172110E-07
   0.3158886E-01   0.6095047E-07
   0.3176338E-01   0.6013990E-07
   0.3193790E-01   0.5935307E-07
   0.3211243E-01   0.5853944E-07
   0.3228695E-01   0.5773065E-07
   0.3246148E-01   0.5684758E-07
   0.3263600E-01   0.5605723E-07
   0.3281052E-01   0.5528338E-07
   0.3298505E-01   0.5448546E-07
   0.3315957E-01   0.5380681E-07
   0.3333410E-01   0.5313607E-07
   0.3350862E-01   0.5257943E-07
   0.3368314E-01   0.5209072E-07
   0.3385767E-01   0.5161543E-07
   0.3403219E-01   0.5127040E-07
   0.3420672E-01   0.5102078E-07
   0.3438124E-01   0.5076522E-07
   0.3455576E-01   0.5063957E-07
   0.3473029E-01   0.5058933E-07
   0.3490481E-01   0.5047826E-07
