   0.00000E+00   0.00000E+00
   0.17452E-03   0.52630E-10
   0.34905E-03   0.51158E-07
   0.52357E-03   0.76032E-07
   0.69810E-03   0.11059E-06
   0.87262E-03   0.18704E-06
   0.10471E-02   0.25723E-06
   0.12217E-02   0.31221E-06
   0.13962E-02   0.38890E-06
   0.15707E-02   0.45557E-06
   0.17452E-02   0.51391E-06
   0.19198E-02   0.56754E-06
   0.20943E-02   0.60908E-06
   0.22688E-02   0.64416E-06
   0.24433E-02   0.66931E-06
   0.26179E-02   0.68344E-06
   0.27924E-02   0.69156E-06
   0.29669E-02   0.69276E-06
   0.31414E-02   0.68840E-06
   0.33160E-02   0.67731E-06
   0.34905E-02   0.66516E-06
   0.36650E-02   0.65060E-06
   0.38395E-02   0.63210E-06
   0.40141E-02   0.61340E-06
   0.41886E-02   0.59423E-06
   0.43631E-02   0.57321E-06
   0.45376E-02   0.55331E-06
   0.47121E-02   0.53235E-06
   0.48867E-02   0.51147E-06
   0.50612E-02   0.49251E-06
   0.52357E-02   0.47261E-06
   0.54102E-02   0.45333E-06
   0.55848E-02   0.43685E-06
   0.57593E-02   0.41999E-06
   0.59338E-02   0.40394E-06
   0.61083E-02   0.39069E-06
   0.62829E-02   0.37722E-06
   0.64574E-02   0.36504E-06
   0.66319E-02   0.35351E-06
   0.68064E-02   0.34217E-06
   0.69810E-02   0.33198E-06
   0.71555E-02   0.32147E-06
   0.73300E-02   0.31077E-06
   0.75045E-02   0.30095E-06
   0.76791E-02   0.29125E-06
   0.78536E-02   0.28064E-06
   0.80281E-02   0.27135E-06
   0.82026E-02   0.26234E-06
   0.83772E-02   0.25343E-06
   0.85517E-02   0.24527E-06
   0.87262E-02   0.23783E-06
   0.89007E-02   0.23051E-06
   0.90753E-02   0.22437E-06
   0.92498E-02   0.21825E-06
   0.94243E-02   0.21265E-06
   0.95988E-02   0.20766E-06
   0.97733E-02   0.20237E-06
   0.99479E-02   0.19770E-06
   0.10122E-01   0.19324E-06
   0.10297E-01   0.18853E-06
   0.10471E-01   0.18429E-06
   0.10646E-01   0.18055E-06
   0.10820E-01   0.17643E-06
   0.10995E-01   0.17274E-06
   0.11170E-01   0.16887E-06
   0.11344E-01   0.16552E-06
   0.11519E-01   0.16224E-06
   0.11693E-01   0.15919E-06
   0.11868E-01   0.15618E-06
   0.12042E-01   0.15333E-06
   0.12217E-01   0.15043E-06
   0.12391E-01   0.14778E-06
   0.12566E-01   0.14486E-06
   0.12740E-01   0.14219E-06
   0.12915E-01   0.13967E-06
   0.13089E-01   0.13656E-06
   0.13264E-01   0.13435E-06
   0.13438E-01   0.13220E-06
   0.13613E-01   0.12989E-06
   0.13787E-01   0.12763E-06
   0.13962E-01   0.12596E-06
   0.14136E-01   0.12414E-06
   0.14311E-01   0.12237E-06
   0.14485E-01   0.12059E-06
   0.14660E-01   0.11929E-06
   0.14835E-01   0.11807E-06
   0.15009E-01   0.11688E-06
   0.15184E-01   0.11580E-06
   0.15358E-01   0.11519E-06
   0.15533E-01   0.11451E-06
   0.15707E-01   0.11388E-06
   0.15882E-01   0.11408E-06
   0.16056E-01   0.11388E-06
   0.16231E-01   0.11420E-06
   0.16405E-01   0.11433E-06
   0.16580E-01   0.11479E-06
   0.16754E-01   0.11449E-06
   0.16929E-01   0.11461E-06
   0.17103E-01   0.11415E-06
   0.17278E-01   0.11342E-06
   0.17452E-01   0.11247E-06
   0.17627E-01   0.11150E-06
   0.17801E-01   0.11007E-06
   0.17976E-01   0.10839E-06
   0.18151E-01   0.10668E-06
   0.18325E-01   0.10524E-06
   0.18500E-01   0.10340E-06
   0.18674E-01   0.10194E-06
   0.18849E-01   0.10083E-06
   0.19023E-01   0.99563E-07
   0.19198E-01   0.98069E-07
   0.19372E-01   0.97318E-07
   0.19547E-01   0.96183E-07
   0.19721E-01   0.95014E-07
   0.19896E-01   0.94147E-07
   0.20070E-01   0.92907E-07
   0.20245E-01   0.91623E-07
   0.20419E-01   0.90564E-07
   0.20594E-01   0.89194E-07
   0.20768E-01   0.87795E-07
   0.20943E-01   0.86350E-07
   0.21117E-01   0.84985E-07
   0.21292E-01   0.83743E-07
   0.21466E-01   0.82777E-07
   0.21641E-01   0.81437E-07
   0.21816E-01   0.80621E-07
   0.21990E-01   0.79877E-07
   0.22165E-01   0.78795E-07
   0.22339E-01   0.78075E-07
   0.22514E-01   0.77110E-07
   0.22688E-01   0.76208E-07
   0.22863E-01   0.74943E-07
   0.23037E-01   0.74184E-07
   0.23212E-01   0.73600E-07
   0.23386E-01   0.72277E-07
   0.23561E-01   0.71461E-07
   0.23735E-01   0.70975E-07
   0.23910E-01   0.70077E-07
   0.24084E-01   0.69686E-07
   0.24259E-01   0.68970E-07
   0.24433E-01   0.68787E-07
   0.24608E-01   0.68471E-07
   0.24782E-01   0.68184E-07
   0.24957E-01   0.68078E-07
   0.25131E-01   0.68343E-07
   0.25306E-01   0.68044E-07
   0.25481E-01   0.67754E-07
   0.25655E-01   0.67749E-07
   0.25830E-01   0.67566E-07
   0.26004E-01   0.67426E-07
   0.26179E-01   0.67389E-07
   0.26353E-01   0.67475E-07
   0.26528E-01   0.67242E-07
   0.26702E-01   0.67169E-07
   0.26877E-01   0.67127E-07
   0.27051E-01   0.66992E-07
   0.27226E-01   0.66876E-07
   0.27400E-01   0.66991E-07
   0.27575E-01   0.66834E-07
   0.27749E-01   0.66713E-07
   0.27924E-01   0.67055E-07
   0.28098E-01   0.67155E-07
   0.28273E-01   0.66726E-07
   0.28447E-01   0.67281E-07
   0.28622E-01   0.67080E-07
   0.28796E-01   0.66791E-07
   0.28971E-01   0.66928E-07
   0.29146E-01   0.66964E-07
   0.29320E-01   0.66829E-07
   0.29495E-01   0.66397E-07
   0.29669E-01   0.66382E-07
   0.29844E-01   0.66326E-07
   0.30018E-01   0.65994E-07
   0.30193E-01   0.65972E-07
   0.30367E-01   0.65696E-07
   0.30542E-01   0.65561E-07
   0.30716E-01   0.65592E-07
   0.30891E-01   0.65504E-07
   0.31065E-01   0.65443E-07
   0.31240E-01   0.65395E-07
   0.31414E-01   0.65374E-07
   0.31589E-01   0.64953E-07
   0.31763E-01   0.64910E-07
   0.31938E-01   0.64578E-07
   0.32112E-01   0.63912E-07
   0.32287E-01   0.63395E-07
   0.32461E-01   0.62710E-07
   0.32636E-01   0.61584E-07
   0.32811E-01   0.60659E-07
   0.32985E-01   0.59238E-07
   0.33160E-01   0.57804E-07
   0.33334E-01   0.56386E-07
   0.33509E-01   0.54943E-07
   0.33683E-01   0.53680E-07
   0.33858E-01   0.52303E-07
   0.34032E-01   0.51010E-07
   0.34207E-01   0.50124E-07
   0.34381E-01   0.49137E-07
   0.34556E-01   0.48129E-07
   0.34730E-01   0.47790E-07
   0.34905E-01   0.47344E-07
