        4.80        3.90
NULL
$r$
radial profile
0 0 0
0
   0.1100000E+31  -0.1100000E+31    5
   0.1100000E+31  -0.1100000E+31    5
    0
CURVE
     201
NULL
black_solid
NULL
    0.000000        0.000000    
   0.1745241E-03   0.1281664E-10
   0.3490481E-03   0.5087167E-07
   0.5235722E-03   0.7599589E-07
   0.6980962E-03   0.1075752E-06
   0.8726203E-03   0.1870656E-06
   0.1047144E-02   0.2543873E-06
   0.1221668E-02   0.3090296E-06
   0.1396192E-02   0.3855141E-06
   0.1570717E-02   0.4486710E-06
   0.1745241E-02   0.5056146E-06
   0.1919765E-02   0.5569722E-06
   0.2094289E-02   0.5966463E-06
   0.2268813E-02   0.6296721E-06
   0.2443337E-02   0.6518281E-06
   0.2617861E-02   0.6648318E-06
   0.2792385E-02   0.6718722E-06
   0.2966909E-02   0.6729517E-06
   0.3141433E-02   0.6679815E-06
   0.3315957E-02   0.6595277E-06
   0.3490481E-02   0.6497277E-06
   0.3665005E-02   0.6376568E-06
   0.3839529E-02   0.6231709E-06
   0.4014053E-02   0.6080770E-06
   0.4188578E-02   0.5925095E-06
   0.4363101E-02   0.5749316E-06
   0.4537626E-02   0.5591108E-06
   0.4712150E-02   0.5412783E-06
   0.4886674E-02   0.5220280E-06
   0.5061198E-02   0.5058396E-06
   0.5235722E-02   0.4860901E-06
   0.5410246E-02   0.4669339E-06
   0.5584770E-02   0.4501700E-06
   0.5759294E-02   0.4321629E-06
   0.5933818E-02   0.4151636E-06
   0.6108342E-02   0.4001041E-06
   0.6282866E-02   0.3840682E-06
   0.6457390E-02   0.3706056E-06
   0.6631915E-02   0.3580901E-06
   0.6806438E-02   0.3450997E-06
   0.6980963E-02   0.3333496E-06
   0.7155487E-02   0.3227130E-06
   0.7330011E-02   0.3112192E-06
   0.7504535E-02   0.3010521E-06
   0.7679059E-02   0.2909113E-06
   0.7853583E-02   0.2802153E-06
   0.8028107E-02   0.2716235E-06
   0.8202631E-02   0.2620167E-06
   0.8377155E-02   0.2525768E-06
   0.8551680E-02   0.2437806E-06
   0.8726203E-02   0.2360133E-06
   0.8900727E-02   0.2276293E-06
   0.9075251E-02   0.2204196E-06
   0.9249776E-02   0.2135025E-06
   0.9424300E-02   0.2061889E-06
   0.9598823E-02   0.2001409E-06
   0.9773348E-02   0.1935515E-06
   0.9947872E-02   0.1878209E-06
   0.1012240E-01   0.1822054E-06
   0.1029692E-01   0.1761628E-06
   0.1047144E-01   0.1714539E-06
   0.1064597E-01   0.1675607E-06
   0.1082049E-01   0.1631263E-06
   0.1099502E-01   0.1594362E-06
   0.1116954E-01   0.1559728E-06
   0.1134406E-01   0.1535417E-06
   0.1151859E-01   0.1508077E-06
   0.1169311E-01   0.1487340E-06
   0.1186764E-01   0.1473448E-06
   0.1204216E-01   0.1452560E-06
   0.1221668E-01   0.1432897E-06
   0.1239121E-01   0.1415503E-06
   0.1256573E-01   0.1387173E-06
   0.1274026E-01   0.1364135E-06
   0.1291478E-01   0.1339732E-06
   0.1308930E-01   0.1307833E-06
   0.1326383E-01   0.1284727E-06
   0.1343835E-01   0.1257383E-06
   0.1361288E-01   0.1233242E-06
   0.1378740E-01   0.1209044E-06
   0.1396193E-01   0.1197763E-06
   0.1413645E-01   0.1183213E-06
   0.1431097E-01   0.1174180E-06
   0.1448550E-01   0.1170115E-06
   0.1466002E-01   0.1172762E-06
   0.1483455E-01   0.1170748E-06
   0.1500907E-01   0.1174169E-06
   0.1518359E-01   0.1176888E-06
   0.1535812E-01   0.1182586E-06
   0.1553264E-01   0.1185815E-06
   0.1570717E-01   0.1180203E-06
   0.1588169E-01   0.1186230E-06
   0.1605621E-01   0.1183279E-06
   0.1623074E-01   0.1178054E-06
   0.1640526E-01   0.1177358E-06
   0.1657979E-01   0.1175008E-06
   0.1675431E-01   0.1167289E-06
   0.1692883E-01   0.1162302E-06
   0.1710336E-01   0.1154020E-06
   0.1727788E-01   0.1147389E-06
   0.1745241E-01   0.1139677E-06
   0.1762693E-01   0.1132413E-06
   0.1780145E-01   0.1124927E-06
   0.1797598E-01   0.1114446E-06
   0.1815050E-01   0.1105902E-06
   0.1832503E-01   0.1099110E-06
   0.1849955E-01   0.1086298E-06
   0.1867408E-01   0.1083063E-06
   0.1884860E-01   0.1084791E-06
   0.1902312E-01   0.1077675E-06
   0.1919765E-01   0.1073076E-06
   0.1937217E-01   0.1073317E-06
   0.1954670E-01   0.1069180E-06
   0.1972122E-01   0.1068601E-06
   0.1989574E-01   0.1063347E-06
   0.2007027E-01   0.1055629E-06
   0.2024479E-01   0.1050740E-06
   0.2041932E-01   0.1037925E-06
   0.2059384E-01   0.1026431E-06
   0.2076836E-01   0.1012915E-06
   0.2094289E-01   0.9929231E-07
   0.2111741E-01   0.9728961E-07
   0.2129194E-01   0.9550494E-07
   0.2146646E-01   0.9391395E-07
   0.2164098E-01   0.9175759E-07
   0.2181551E-01   0.9009520E-07
   0.2199003E-01   0.8870636E-07
   0.2216456E-01   0.8712700E-07
   0.2233908E-01   0.8597886E-07
   0.2251360E-01   0.8457948E-07
   0.2268813E-01   0.8366899E-07
   0.2286265E-01   0.8218809E-07
   0.2303718E-01   0.8140975E-07
   0.2321170E-01   0.8028530E-07
   0.2338623E-01   0.7906250E-07
   0.2356075E-01   0.7823655E-07
   0.2373527E-01   0.7691027E-07
   0.2390980E-01   0.7555343E-07
   0.2408432E-01   0.7519542E-07
   0.2425884E-01   0.7340071E-07
   0.2443337E-01   0.7288520E-07
   0.2460789E-01   0.7267089E-07
   0.2478242E-01   0.7213236E-07
   0.2495694E-01   0.7194689E-07
   0.2513147E-01   0.7311093E-07
   0.2530599E-01   0.7328651E-07
   0.2548051E-01   0.7369279E-07
   0.2565504E-01   0.7504707E-07
   0.2582956E-01   0.7622241E-07
   0.2600409E-01   0.7737714E-07
   0.2617861E-01   0.7847328E-07
   0.2635313E-01   0.7985143E-07
   0.2652766E-01   0.8122318E-07
   0.2670218E-01   0.8227644E-07
   0.2687671E-01   0.8290696E-07
   0.2705123E-01   0.8342806E-07
   0.2722575E-01   0.8350099E-07
   0.2740028E-01   0.8363306E-07
   0.2757480E-01   0.8342620E-07
   0.2774933E-01   0.8288679E-07
   0.2792385E-01   0.8245070E-07
   0.2809837E-01   0.8111464E-07
   0.2827290E-01   0.7975505E-07
   0.2844742E-01   0.7877507E-07
   0.2862195E-01   0.7679388E-07
   0.2879647E-01   0.7569194E-07
   0.2897099E-01   0.7447186E-07
   0.2914552E-01   0.7338521E-07
   0.2932004E-01   0.7274339E-07
   0.2949457E-01   0.7230032E-07
   0.2966909E-01   0.7174683E-07
   0.2984362E-01   0.7203079E-07
   0.3001814E-01   0.7237890E-07
   0.3019266E-01   0.7289839E-07
   0.3036719E-01   0.7331030E-07
   0.3054171E-01   0.7437087E-07
   0.3071623E-01   0.7530106E-07
   0.3089076E-01   0.7547945E-07
   0.3106528E-01   0.7590776E-07
   0.3123981E-01   0.7640386E-07
   0.3141433E-01   0.7615488E-07
   0.3158886E-01   0.7553771E-07
   0.3176338E-01   0.7506213E-07
   0.3193790E-01   0.7429396E-07
   0.3211243E-01   0.7278410E-07
   0.3228695E-01   0.7142614E-07
   0.3246148E-01   0.7012280E-07
   0.3263600E-01   0.6817132E-07
   0.3281052E-01   0.6667253E-07
   0.3298505E-01   0.6457809E-07
   0.3315957E-01   0.6280118E-07
   0.3333410E-01   0.6088403E-07
   0.3350862E-01   0.5917824E-07
   0.3368314E-01   0.5747573E-07
   0.3385767E-01   0.5593095E-07
   0.3403219E-01   0.5467373E-07
   0.3420672E-01   0.5346252E-07
   0.3438124E-01   0.5249845E-07
   0.3455576E-01   0.5143327E-07
   0.3473029E-01   0.5115333E-07
   0.3490481E-01   0.5083646E-07
