        4.80        3.90
NULL
$r$
radial profile
0 0 0
0
   0.1100000E+31  -0.1100000E+31    5
   0.1100000E+31  -0.1100000E+31    5
    0
CURVE
     201
NULL
black_solid
NULL
    0.000000        0.000000    
   0.1745241E-03   0.3358036E-07
   0.3490481E-03  -0.4900213E-07
   0.5235722E-03   0.1006297E-07
   0.6980962E-03   0.1343357E-07
   0.8726203E-03  -0.1928499E-07
   0.1047144E-02  -0.3034138E-08
   0.1221668E-02   0.1863996E-07
   0.1396192E-02   0.1507842E-07
   0.1570717E-02   0.5612094E-08
   0.1745241E-02   0.1756981E-08
   0.1919765E-02   0.7659235E-08
   0.2094289E-02   0.3968794E-08
   0.2268813E-02  -0.2635805E-09
   0.2443337E-02   0.2447700E-08
   0.2617861E-02  -0.1360268E-08
   0.2792385E-02  -0.7213121E-08
   0.2966909E-02  -0.4668016E-08
   0.3141433E-02  -0.2035063E-08
   0.3315957E-02  -0.3386600E-09
   0.3490481E-02  -0.1976597E-09
   0.3665005E-02   0.4520357E-08
   0.3839529E-02  -0.4833586E-08
   0.4014053E-02  -0.7337813E-08
   0.4188578E-02  -0.4522545E-08
   0.4363101E-02  -0.4764577E-08
   0.4537626E-02  -0.1129631E-07
   0.4712150E-02  -0.1485589E-07
   0.4886674E-02  -0.1783709E-07
   0.5061198E-02  -0.1471642E-07
   0.5235722E-02  -0.1823165E-07
   0.5410246E-02  -0.2103823E-07
   0.5584770E-02  -0.1810315E-07
   0.5759294E-02  -0.2003674E-07
   0.5933818E-02  -0.1775813E-07
   0.6108342E-02  -0.1174215E-07
   0.6282866E-02  -0.9069142E-08
   0.6457390E-02  -0.1071497E-07
   0.6631915E-02  -0.1183688E-07
   0.6806438E-02  -0.1317653E-07
   0.6980963E-02  -0.1788569E-07
   0.7155487E-02  -0.2227900E-07
   0.7330011E-02  -0.2612838E-07
   0.7504535E-02  -0.2935993E-07
   0.7679059E-02  -0.2711784E-07
   0.7853583E-02  -0.2835620E-07
   0.8028107E-02  -0.1662254E-07
   0.8202631E-02  -0.5174972E-08
   0.8377155E-02   0.3121313E-08
   0.8551680E-02   0.7859450E-08
   0.8726203E-02   0.1240123E-07
   0.8900727E-02   0.1450062E-07
   0.9075251E-02   0.1585514E-07
   0.9249776E-02   0.2214351E-07
   0.9424300E-02   0.2163876E-07
   0.9598823E-02   0.2117447E-07
   0.9773348E-02   0.1759624E-07
   0.9947872E-02   0.1497355E-07
   0.1012240E-01   0.1348108E-07
   0.1029692E-01   0.1367297E-07
   0.1047144E-01   0.1314528E-07
   0.1064597E-01   0.1334861E-07
   0.1082049E-01   0.1296885E-07
   0.1099502E-01   0.1105000E-07
   0.1116954E-01   0.1188259E-07
   0.1134406E-01   0.9815354E-08
   0.1151859E-01   0.8102472E-08
   0.1169311E-01   0.1881559E-08
   0.1186764E-01  -0.1018100E-08
   0.1204216E-01  -0.4988215E-08
   0.1221668E-01  -0.8225477E-08
   0.1239121E-01  -0.1134297E-07
   0.1256573E-01  -0.1539401E-07
   0.1274026E-01  -0.1308013E-07
   0.1291478E-01  -0.8826551E-08
   0.1308930E-01  -0.9541217E-08
   0.1326383E-01  -0.1284701E-07
   0.1343835E-01  -0.1789503E-07
   0.1361288E-01  -0.2098295E-07
   0.1378740E-01  -0.2338410E-07
   0.1396193E-01  -0.2399575E-07
   0.1413645E-01  -0.2414666E-07
   0.1431097E-01  -0.2450858E-07
   0.1448550E-01  -0.2311772E-07
   0.1466002E-01  -0.1931792E-07
   0.1483455E-01  -0.1590175E-07
   0.1500907E-01  -0.1100740E-07
   0.1518359E-01  -0.6468232E-08
   0.1535812E-01  -0.2394007E-08
   0.1553264E-01   0.4540507E-08
   0.1570717E-01   0.9273130E-08
   0.1588169E-01   0.6283337E-08
   0.1605621E-01   0.6845041E-08
   0.1623074E-01   0.1013438E-07
   0.1640526E-01   0.8808705E-08
   0.1657979E-01   0.5610103E-08
   0.1675431E-01   0.3867752E-08
   0.1692883E-01   0.1438931E-08
   0.1710336E-01  -0.1686172E-08
   0.1727788E-01  -0.9841298E-09
   0.1745241E-01   0.4547090E-09
   0.1762693E-01  -0.8221460E-09
   0.1780145E-01   0.7887778E-09
   0.1797598E-01   0.6448528E-09
   0.1815050E-01   0.1310778E-08
   0.1832503E-01  -0.1464246E-09
   0.1849955E-01   0.1675996E-08
   0.1867408E-01   0.1445656E-08
   0.1884860E-01   0.1919153E-08
   0.1902312E-01   0.2276279E-08
   0.1919765E-01   0.2211977E-08
   0.1937217E-01   0.3757406E-08
   0.1954670E-01   0.2246379E-08
   0.1972122E-01   0.3208838E-09
   0.1989574E-01  -0.1009266E-09
   0.2007027E-01   0.1235868E-08
   0.2024479E-01   0.3215858E-08
   0.2041932E-01   0.5026404E-08
   0.2059384E-01   0.5765063E-08
   0.2076836E-01   0.5785035E-08
   0.2094289E-01   0.6387055E-08
   0.2111741E-01   0.2249310E-08
   0.2129194E-01  -0.4204944E-10
   0.2146646E-01  -0.1030699E-08
   0.2164098E-01   0.8350244E-09
   0.2181551E-01   0.2789526E-08
   0.2199003E-01   0.1095473E-09
   0.2216456E-01  -0.2858321E-08
   0.2233908E-01  -0.4766026E-08
   0.2251360E-01  -0.3968985E-08
   0.2268813E-01  -0.1988452E-08
   0.2286265E-01  -0.5972023E-09
   0.2303718E-01  -0.1904835E-08
   0.2321170E-01  -0.2408793E-08
   0.2338623E-01   0.4189013E-10
   0.2356075E-01   0.9459123E-09
   0.2373527E-01   0.1514328E-08
   0.2390980E-01   0.2398310E-08
   0.2408432E-01   0.3147796E-08
   0.2425884E-01   0.5870227E-08
   0.2443337E-01   0.4077440E-08
   0.2460789E-01   0.1790055E-08
   0.2478242E-01  -0.8157078E-10
   0.2495694E-01  -0.1628152E-08
   0.2513147E-01  -0.1041538E-08
   0.2530599E-01  -0.2515699E-09
   0.2548051E-01   0.1956717E-08
   0.2565504E-01   0.3514612E-08
   0.2582956E-01   0.2834161E-08
   0.2600409E-01   0.2698773E-08
   0.2617861E-01   0.3148461E-08
   0.2635313E-01   0.3982085E-08
   0.2652766E-01   0.4505893E-08
   0.2670218E-01   0.6502573E-09
   0.2687671E-01  -0.2400688E-08
   0.2705123E-01  -0.4717670E-08
   0.2722575E-01  -0.5750215E-08
   0.2740028E-01  -0.3907808E-08
   0.2757480E-01  -0.5289511E-08
   0.2774933E-01  -0.4588963E-08
   0.2792385E-01  -0.5167127E-08
   0.2809837E-01  -0.7629633E-08
   0.2827290E-01  -0.8570350E-08
   0.2844742E-01  -0.1006579E-07
   0.2862195E-01  -0.1164479E-07
   0.2879647E-01  -0.1084615E-07
   0.2897099E-01  -0.1016559E-07
   0.2914552E-01  -0.1178873E-07
   0.2932004E-01  -0.1299809E-07
   0.2949457E-01  -0.1200029E-07
   0.2966909E-01  -0.1084635E-07
   0.2984362E-01  -0.1037891E-07
   0.3001814E-01  -0.9466524E-08
   0.3019266E-01  -0.1035463E-07
   0.3036719E-01  -0.1132428E-07
   0.3054171E-01  -0.9244730E-08
   0.3071623E-01  -0.6922712E-08
   0.3089076E-01  -0.1176560E-08
   0.3106528E-01   0.2810921E-08
   0.3123981E-01   0.4633828E-08
   0.3141433E-01   0.3546934E-08
   0.3158886E-01   0.2683474E-08
   0.3176338E-01   0.1125644E-08
   0.3193790E-01   0.2535521E-08
   0.3211243E-01   0.3246002E-08
   0.3228695E-01   0.2507581E-08
   0.3246148E-01   0.4069196E-08
   0.3263600E-01   0.4893533E-08
   0.3281052E-01   0.5202374E-08
   0.3298505E-01   0.3573623E-08
   0.3315957E-01   0.3328356E-08
   0.3333410E-01   0.6097240E-08
   0.3350862E-01   0.6447975E-08
   0.3368314E-01   0.7019278E-08
   0.3385767E-01   0.7573262E-08
   0.3403219E-01   0.7874776E-08
   0.3420672E-01   0.8542302E-08
   0.3438124E-01   0.7303947E-08
   0.3455576E-01   0.8394228E-08
   0.3473029E-01   0.6795148E-08
   0.3490481E-01   0.3795452E-08
