        4.80        3.90
NULL
$r$
radial profile
0 0 0
0
   0.1100000E+31  -0.1100000E+31    5
   0.1100000E+31  -0.1100000E+31    5
    0
CURVE
     201
NULL
black_solid
NULL
    0.000000        0.000000    
   0.1745241E-03   0.6581776E-10
   0.3490481E-03   0.5166981E-07
   0.5235722E-03   0.7685662E-07
   0.6980962E-03   0.1127973E-06
   0.8726203E-03   0.1889229E-06
   0.1047144E-02   0.2595704E-06
   0.1221668E-02   0.3166464E-06
   0.1396192E-02   0.3935890E-06
   0.1570717E-02   0.4604512E-06
   0.1745241E-02   0.5204966E-06
   0.1919765E-02   0.5741691E-06
   0.2094289E-02   0.6154561E-06
   0.2268813E-02   0.6516281E-06
   0.2443337E-02   0.6767643E-06
   0.2617861E-02   0.6906646E-06
   0.2792385E-02   0.6983108E-06
   0.2966909E-02   0.6990169E-06
   0.3141433E-02   0.6934207E-06
   0.3315957E-02   0.6818859E-06
   0.3490481E-02   0.6681935E-06
   0.3665005E-02   0.6525841E-06
   0.3839529E-02   0.6328727E-06
   0.4014053E-02   0.6136553E-06
   0.4188578E-02   0.5936557E-06
   0.4363101E-02   0.5720911E-06
   0.4537626E-02   0.5517135E-06
   0.4712150E-02   0.5305356E-06
   0.4886674E-02   0.5095185E-06
   0.5061198E-02   0.4906703E-06
   0.5235722E-02   0.4704847E-06
   0.5410246E-02   0.4513473E-06
   0.5584770E-02   0.4344815E-06
   0.5759294E-02   0.4175399E-06
   0.5933818E-02   0.4012885E-06
   0.6108342E-02   0.3870162E-06
   0.6282866E-02   0.3732838E-06
   0.6457390E-02   0.3603623E-06
   0.6631915E-02   0.3478694E-06
   0.6806438E-02   0.3362678E-06
   0.6980963E-02   0.3255369E-06
   0.7155487E-02   0.3146020E-06
   0.7330011E-02   0.3036607E-06
   0.7504535E-02   0.2942284E-06
   0.7679059E-02   0.2844542E-06
   0.7853583E-02   0.2746560E-06
   0.8028107E-02   0.2663134E-06
   0.8202631E-02   0.2584337E-06
   0.8377155E-02   0.2509867E-06
   0.8551680E-02   0.2444025E-06
   0.8726203E-02   0.2387470E-06
   0.8900727E-02   0.2330971E-06
   0.9075251E-02   0.2282611E-06
   0.9249776E-02   0.2238108E-06
   0.9424300E-02   0.2193163E-06
   0.9598823E-02   0.2154836E-06
   0.9773348E-02   0.2115513E-06
   0.9947872E-02   0.2076412E-06
   0.1012240E-01   0.2036893E-06
   0.1029692E-01   0.1998177E-06
   0.1047144E-01   0.1959020E-06
   0.1064597E-01   0.1922243E-06
   0.1082049E-01   0.1884830E-06
   0.1099502E-01   0.1846369E-06
   0.1116954E-01   0.1813075E-06
   0.1134406E-01   0.1777934E-06
   0.1151859E-01   0.1740499E-06
   0.1169311E-01   0.1709760E-06
   0.1186764E-01   0.1674378E-06
   0.1204216E-01   0.1640337E-06
   0.1221668E-01   0.1605882E-06
   0.1239121E-01   0.1571231E-06
   0.1256573E-01   0.1535321E-06
   0.1274026E-01   0.1501742E-06
   0.1291478E-01   0.1469990E-06
   0.1308930E-01   0.1434850E-06
   0.1326383E-01   0.1405168E-06
   0.1343835E-01   0.1378749E-06
   0.1361288E-01   0.1353180E-06
   0.1378740E-01   0.1330018E-06
   0.1396193E-01   0.1310705E-06
   0.1413645E-01   0.1291117E-06
   0.1431097E-01   0.1272743E-06
   0.1448550E-01   0.1258375E-06
   0.1466002E-01   0.1244412E-06
   0.1483455E-01   0.1228547E-06
   0.1500907E-01   0.1215088E-06
   0.1518359E-01   0.1200099E-06
   0.1535812E-01   0.1185783E-06
   0.1553264E-01   0.1171594E-06
   0.1570717E-01   0.1156909E-06
   0.1588169E-01   0.1143419E-06
   0.1605621E-01   0.1131503E-06
   0.1623074E-01   0.1119530E-06
   0.1640526E-01   0.1108689E-06
   0.1657979E-01   0.1100243E-06
   0.1675431E-01   0.1088864E-06
   0.1692883E-01   0.1080828E-06
   0.1710336E-01   0.1070916E-06
   0.1727788E-01   0.1061231E-06
   0.1745241E-01   0.1050099E-06
   0.1762693E-01   0.1041458E-06
   0.1780145E-01   0.1028892E-06
   0.1797598E-01   0.1014685E-06
   0.1815050E-01   0.1000677E-06
   0.1832503E-01   0.9868683E-07
   0.1849955E-01   0.9717888E-07
   0.1867408E-01   0.9574016E-07
   0.1884860E-01   0.9425235E-07
   0.1902312E-01   0.9276967E-07
   0.1919765E-01   0.9132149E-07
   0.1937217E-01   0.8993289E-07
   0.1954670E-01   0.8860431E-07
   0.1972122E-01   0.8741529E-07
   0.1989574E-01   0.8639545E-07
   0.2007027E-01   0.8518435E-07
   0.2024479E-01   0.8425898E-07
   0.2041932E-01   0.8341976E-07
   0.2059384E-01   0.8256693E-07
   0.2076836E-01   0.8161348E-07
   0.2094289E-01   0.8101084E-07
   0.2111741E-01   0.8050928E-07
   0.2129194E-01   0.7970088E-07
   0.2146646E-01   0.7927465E-07
   0.2164098E-01   0.7882654E-07
   0.2181551E-01   0.7831886E-07
   0.2199003E-01   0.7804760E-07
   0.2216456E-01   0.7769403E-07
   0.2233908E-01   0.7735544E-07
   0.2251360E-01   0.7709775E-07
   0.2268813E-01   0.7691557E-07
   0.2286265E-01   0.7645460E-07
   0.2303718E-01   0.7652091E-07
   0.2321170E-01   0.7653257E-07
   0.2338623E-01   0.7615150E-07
   0.2356075E-01   0.7607215E-07
   0.2373527E-01   0.7600362E-07
   0.2390980E-01   0.7559594E-07
   0.2408432E-01   0.7510394E-07
   0.2425884E-01   0.7457894E-07
   0.2443337E-01   0.7394902E-07
   0.2460789E-01   0.7304612E-07
   0.2478242E-01   0.7236896E-07
   0.2495694E-01   0.7135600E-07
   0.2513147E-01   0.7053674E-07
   0.2530599E-01   0.6959002E-07
   0.2548051E-01   0.6855113E-07
   0.2565504E-01   0.6757720E-07
   0.2582956E-01   0.6691297E-07
   0.2600409E-01   0.6616894E-07
   0.2617861E-01   0.6557458E-07
   0.2635313E-01   0.6532268E-07
   0.2652766E-01   0.6492969E-07
   0.2670218E-01   0.6468181E-07
   0.2687671E-01   0.6454547E-07
   0.2705123E-01   0.6443722E-07
   0.2722575E-01   0.6422677E-07
   0.2740028E-01   0.6420117E-07
   0.2757480E-01   0.6403297E-07
   0.2774933E-01   0.6375878E-07
   0.2792385E-01   0.6374532E-07
   0.2809837E-01   0.6368761E-07
   0.2827290E-01   0.6334670E-07
   0.2844742E-01   0.6332076E-07
   0.2862195E-01   0.6317759E-07
   0.2879647E-01   0.6307627E-07
   0.2897099E-01   0.6287490E-07
   0.2914552E-01   0.6269884E-07
   0.2932004E-01   0.6262911E-07
   0.2949457E-01   0.6224641E-07
   0.2966909E-01   0.6196493E-07
   0.2984362E-01   0.6181045E-07
   0.3001814E-01   0.6122521E-07
   0.3019266E-01   0.6097958E-07
   0.3036719E-01   0.6042328E-07
   0.3054171E-01   0.5993684E-07
   0.3071623E-01   0.5959718E-07
   0.3089076E-01   0.5920451E-07
   0.3106528E-01   0.5860765E-07
   0.3123981E-01   0.5824225E-07
   0.3141433E-01   0.5783337E-07
   0.3158886E-01   0.5723615E-07
   0.3176338E-01   0.5681948E-07
   0.3193790E-01   0.5640812E-07
   0.3211243E-01   0.5570116E-07
   0.3228695E-01   0.5511786E-07
   0.3246148E-01   0.5446353E-07
   0.3263600E-01   0.5368127E-07
   0.3281052E-01   0.5287510E-07
   0.3298505E-01   0.5201404E-07
   0.3315957E-01   0.5129937E-07
   0.3333410E-01   0.5035474E-07
   0.3350862E-01   0.4972112E-07
   0.3368314E-01   0.4915222E-07
   0.3385767E-01   0.4848608E-07
   0.3403219E-01   0.4803223E-07
   0.3420672E-01   0.4784266E-07
   0.3438124E-01   0.4745439E-07
   0.3455576E-01   0.4731594E-07
   0.3473029E-01   0.4731590E-07
   0.3490481E-01   0.4717231E-07
