        4.80        3.90
NULL
$r$
radial profile
0 0 0
0
   0.1100000E+31  -0.1100000E+31    5
   0.1100000E+31  -0.1100000E+31    5
    0
CURVE
     201
NULL
black_solid
NULL
    0.000000        0.000000    
   0.1745241E-03   0.6315327E-10
   0.3490481E-03   0.5227922E-07
   0.5235722E-03   0.7824472E-07
   0.6980962E-03   0.1142092E-06
   0.8726203E-03   0.1919366E-06
   0.1047144E-02   0.2642022E-06
   0.1221668E-02   0.3222884E-06
   0.1396192E-02   0.4015375E-06
   0.1570717E-02   0.4695403E-06
   0.1745241E-02   0.5310621E-06
   0.1919765E-02   0.5860524E-06
   0.2094289E-02   0.6278092E-06
   0.2268813E-02   0.6653616E-06
   0.2443337E-02   0.6911232E-06
   0.2617861E-02   0.7045368E-06
   0.2792385E-02   0.7121211E-06
   0.2966909E-02   0.7125599E-06
   0.3141433E-02   0.7064693E-06
   0.3315957E-02   0.6938987E-06
   0.3490481E-02   0.6794422E-06
   0.3665005E-02   0.6631091E-06
   0.3839529E-02   0.6422093E-06
   0.4014053E-02   0.6221552E-06
   0.4188578E-02   0.6017272E-06
   0.4363101E-02   0.5791716E-06
   0.4537626E-02   0.5581416E-06
   0.4712150E-02   0.5365754E-06
   0.4886674E-02   0.5148553E-06
   0.5061198E-02   0.4952412E-06
   0.5235722E-02   0.4744998E-06
   0.5410246E-02   0.4549006E-06
   0.5584770E-02   0.4373350E-06
   0.5759294E-02   0.4195374E-06
   0.5933818E-02   0.4030634E-06
   0.6108342E-02   0.3884705E-06
   0.6282866E-02   0.3739591E-06
   0.6457390E-02   0.3611110E-06
   0.6631915E-02   0.3491540E-06
   0.6806438E-02   0.3374310E-06
   0.6980963E-02   0.3268377E-06
   0.7155487E-02   0.3165084E-06
   0.7330011E-02   0.3060520E-06
   0.7504535E-02   0.2966983E-06
   0.7679059E-02   0.2873090E-06
   0.7853583E-02   0.2778560E-06
   0.8028107E-02   0.2695173E-06
   0.8202631E-02   0.2613704E-06
   0.8377155E-02   0.2535192E-06
   0.8551680E-02   0.2464943E-06
   0.8726203E-02   0.2401995E-06
   0.8900727E-02   0.2341225E-06
   0.9075251E-02   0.2286555E-06
   0.9249776E-02   0.2237972E-06
   0.9424300E-02   0.2189669E-06
   0.9598823E-02   0.2146989E-06
   0.9773348E-02   0.2104018E-06
   0.9947872E-02   0.2061112E-06
   0.1012240E-01   0.2020758E-06
   0.1029692E-01   0.1976608E-06
   0.1047144E-01   0.1934414E-06
   0.1064597E-01   0.1893684E-06
   0.1082049E-01   0.1850150E-06
   0.1099502E-01   0.1810083E-06
   0.1116954E-01   0.1773613E-06
   0.1134406E-01   0.1734285E-06
   0.1151859E-01   0.1700097E-06
   0.1169311E-01   0.1669084E-06
   0.1186764E-01   0.1637345E-06
   0.1204216E-01   0.1608522E-06
   0.1221668E-01   0.1580714E-06
   0.1239121E-01   0.1554909E-06
   0.1256573E-01   0.1530295E-06
   0.1274026E-01   0.1505824E-06
   0.1291478E-01   0.1482391E-06
   0.1308930E-01   0.1458688E-06
   0.1326383E-01   0.1436259E-06
   0.1343835E-01   0.1415437E-06
   0.1361288E-01   0.1395108E-06
   0.1378740E-01   0.1375964E-06
   0.1396193E-01   0.1356961E-06
   0.1413645E-01   0.1338126E-06
   0.1431097E-01   0.1320669E-06
   0.1448550E-01   0.1302972E-06
   0.1466002E-01   0.1285548E-06
   0.1483455E-01   0.1267940E-06
   0.1500907E-01   0.1250854E-06
   0.1518359E-01   0.1233085E-06
   0.1535812E-01   0.1214633E-06
   0.1553264E-01   0.1197374E-06
   0.1570717E-01   0.1180761E-06
   0.1588169E-01   0.1162869E-06
   0.1605621E-01   0.1148707E-06
   0.1623074E-01   0.1133493E-06
   0.1640526E-01   0.1119077E-06
   0.1657979E-01   0.1107434E-06
   0.1675431E-01   0.1094172E-06
   0.1692883E-01   0.1083488E-06
   0.1710336E-01   0.1072215E-06
   0.1727788E-01   0.1062155E-06
   0.1745241E-01   0.1050759E-06
   0.1762693E-01   0.1040660E-06
   0.1780145E-01   0.1030133E-06
   0.1797598E-01   0.1018733E-06
   0.1815050E-01   0.1007204E-06
   0.1832503E-01   0.9960268E-07
   0.1849955E-01   0.9855225E-07
   0.1867408E-01   0.9748732E-07
   0.1884860E-01   0.9642235E-07
   0.1902312E-01   0.9553851E-07
   0.1919765E-01   0.9461990E-07
   0.1937217E-01   0.9380059E-07
   0.1954670E-01   0.9300822E-07
   0.1972122E-01   0.9233937E-07
   0.1989574E-01   0.9181049E-07
   0.2007027E-01   0.9120669E-07
   0.2024479E-01   0.9069024E-07
   0.2041932E-01   0.9030573E-07
   0.2059384E-01   0.8984776E-07
   0.2076836E-01   0.8937062E-07
   0.2094289E-01   0.8897952E-07
   0.2111741E-01   0.8866623E-07
   0.2129194E-01   0.8823455E-07
   0.2146646E-01   0.8785130E-07
   0.2164098E-01   0.8743657E-07
   0.2181551E-01   0.8703358E-07
   0.2199003E-01   0.8656026E-07
   0.2216456E-01   0.8612773E-07
   0.2233908E-01   0.8564196E-07
   0.2251360E-01   0.8506564E-07
   0.2268813E-01   0.8456142E-07
   0.2286265E-01   0.8387866E-07
   0.2303718E-01   0.8332873E-07
   0.2321170E-01   0.8279879E-07
   0.2338623E-01   0.8211074E-07
   0.2356075E-01   0.8148306E-07
   0.2373527E-01   0.8091271E-07
   0.2390980E-01   0.8014347E-07
   0.2408432E-01   0.7939770E-07
   0.2425884E-01   0.7865278E-07
   0.2443337E-01   0.7785981E-07
   0.2460789E-01   0.7709497E-07
   0.2478242E-01   0.7619204E-07
   0.2495694E-01   0.7536114E-07
   0.2513147E-01   0.7464266E-07
   0.2530599E-01   0.7375409E-07
   0.2548051E-01   0.7288657E-07
   0.2565504E-01   0.7229307E-07
   0.2582956E-01   0.7176664E-07
   0.2600409E-01   0.7120739E-07
   0.2617861E-01   0.7081564E-07
   0.2635313E-01   0.7067755E-07
   0.2652766E-01   0.7046921E-07
   0.2670218E-01   0.7034217E-07
   0.2687671E-01   0.7036551E-07
   0.2705123E-01   0.7037732E-07
   0.2722575E-01   0.7038458E-07
   0.2740028E-01   0.7041918E-07
   0.2757480E-01   0.7039378E-07
   0.2774933E-01   0.7027794E-07
   0.2792385E-01   0.7018490E-07
   0.2809837E-01   0.7012135E-07
   0.2827290E-01   0.6993348E-07
   0.2844742E-01   0.6978598E-07
   0.2862195E-01   0.6964626E-07
   0.2879647E-01   0.6947653E-07
   0.2897099E-01   0.6922785E-07
   0.2914552E-01   0.6902668E-07
   0.2932004E-01   0.6882037E-07
   0.2949457E-01   0.6852272E-07
   0.2966909E-01   0.6824693E-07
   0.2984362E-01   0.6797700E-07
   0.3001814E-01   0.6752289E-07
   0.3019266E-01   0.6709555E-07
   0.3036719E-01   0.6659710E-07
   0.3054171E-01   0.6603715E-07
   0.3071623E-01   0.6548387E-07
   0.3089076E-01   0.6486032E-07
   0.3106528E-01   0.6408720E-07
   0.3123981E-01   0.6334294E-07
   0.3141433E-01   0.6264113E-07
   0.3158886E-01   0.6179480E-07
   0.3176338E-01   0.6092871E-07
   0.3193790E-01   0.6008772E-07
   0.3211243E-01   0.5923784E-07
   0.3228695E-01   0.5837975E-07
   0.3246148E-01   0.5746803E-07
   0.3263600E-01   0.5667587E-07
   0.3281052E-01   0.5587620E-07
   0.3298505E-01   0.5506274E-07
   0.3315957E-01   0.5437947E-07
   0.3333410E-01   0.5370013E-07
   0.3350862E-01   0.5312047E-07
   0.3368314E-01   0.5262477E-07
   0.3385767E-01   0.5211059E-07
   0.3403219E-01   0.5171237E-07
   0.3420672E-01   0.5144184E-07
   0.3438124E-01   0.5110193E-07
   0.3455576E-01   0.5091675E-07
   0.3473029E-01   0.5081884E-07
   0.3490481E-01   0.5063986E-07
