        4.80        3.90
NULL
$r$
radial profile
0 0 0
0
   0.1100000E+31  -0.1100000E+31    5
   0.1100000E+31  -0.1100000E+31    5
    0
CURVE
     201
NULL
black_solid
NULL
    0.000000       0.1495180E-05
   0.1745241E-03   0.1488951E-05
   0.3490481E-03   0.1426158E-05
   0.5235722E-03   0.1395661E-05
   0.6980962E-03   0.1356525E-05
   0.8726203E-03   0.1267766E-05
   0.1047144E-02   0.1185016E-05
   0.1221668E-02   0.1113618E-05
   0.1396192E-02   0.1015439E-05
   0.1570717E-02   0.9251396E-06
   0.1745241E-02   0.8371780E-06
   0.1919765E-02   0.7498345E-06
   0.2094289E-02   0.6747931E-06
   0.2268813E-02   0.5964299E-06
   0.2443337E-02   0.5289309E-06
   0.2617861E-02   0.4757983E-06
   0.2792385E-02   0.4196317E-06
   0.2966909E-02   0.3738319E-06
   0.3141433E-02   0.3386259E-06
   0.3315957E-02   0.3025689E-06
   0.3490481E-02   0.2737934E-06
   0.3665005E-02   0.2513855E-06
   0.3839529E-02   0.2288282E-06
   0.4014053E-02   0.2110927E-06
   0.4188578E-02   0.1961498E-06
   0.4363101E-02   0.1822561E-06
   0.4537626E-02   0.1711410E-06
   0.4712150E-02   0.1611830E-06
   0.4886674E-02   0.1526056E-06
   0.5061198E-02   0.1454363E-06
   0.5235722E-02   0.1390404E-06
   0.5410246E-02   0.1334193E-06
   0.5584770E-02   0.1285864E-06
   0.5759294E-02   0.1241086E-06
   0.5933818E-02   0.1197922E-06
   0.6108342E-02   0.1162405E-06
   0.6282866E-02   0.1123839E-06
   0.6457390E-02   0.1088821E-06
   0.6631915E-02   0.1059517E-06
   0.6806438E-02   0.1024220E-06
   0.6980963E-02   0.9971043E-07
   0.7155487E-02   0.9702431E-07
   0.7330011E-02   0.9448502E-07
   0.7504535E-02   0.9229917E-07
   0.7679059E-02   0.9035278E-07
   0.7853583E-02   0.8860594E-07
   0.8028107E-02   0.8680158E-07
   0.8202631E-02   0.8557318E-07
   0.8377155E-02   0.8403106E-07
   0.8551680E-02   0.8280344E-07
   0.8726203E-02   0.8172534E-07
   0.8900727E-02   0.8044940E-07
   0.9075251E-02   0.7949078E-07
   0.9249776E-02   0.7843949E-07
   0.9424300E-02   0.7762937E-07
   0.9598823E-02   0.7680377E-07
   0.9773348E-02   0.7611900E-07
   0.9947872E-02   0.7561548E-07
   0.1012240E-01   0.7500640E-07
   0.1029692E-01   0.7468012E-07
   0.1047144E-01   0.7413443E-07
   0.1064597E-01   0.7365177E-07
   0.1082049E-01   0.7324011E-07
   0.1099502E-01   0.7251575E-07
   0.1116954E-01   0.7188032E-07
   0.1134406E-01   0.7103700E-07
   0.1151859E-01   0.7011953E-07
   0.1169311E-01   0.6923191E-07
   0.1186764E-01   0.6803959E-07
   0.1204216E-01   0.6713746E-07
   0.1221668E-01   0.6592257E-07
   0.1239121E-01   0.6493320E-07
   0.1256573E-01   0.6389413E-07
   0.1274026E-01   0.6277405E-07
   0.1291478E-01   0.6197120E-07
   0.1308930E-01   0.6096802E-07
   0.1326383E-01   0.6005185E-07
   0.1343835E-01   0.5908538E-07
   0.1361288E-01   0.5828942E-07
   0.1378740E-01   0.5744086E-07
   0.1396193E-01   0.5650388E-07
   0.1413645E-01   0.5581300E-07
   0.1431097E-01   0.5504985E-07
   0.1448550E-01   0.5432509E-07
   0.1466002E-01   0.5372727E-07
   0.1483455E-01   0.5317603E-07
   0.1500907E-01   0.5271851E-07
   0.1518359E-01   0.5221395E-07
   0.1535812E-01   0.5196191E-07
   0.1553264E-01   0.5160068E-07
   0.1570717E-01   0.5127621E-07
   0.1588169E-01   0.5103485E-07
   0.1605621E-01   0.5071684E-07
   0.1623074E-01   0.5034119E-07
   0.1640526E-01   0.4996375E-07
   0.1657979E-01   0.4959713E-07
   0.1675431E-01   0.4926579E-07
   0.1692883E-01   0.4872869E-07
   0.1710336E-01   0.4839226E-07
   0.1727788E-01   0.4794464E-07
   0.1745241E-01   0.4753811E-07
   0.1762693E-01   0.4716764E-07
   0.1780145E-01   0.4671459E-07
   0.1797598E-01   0.4642974E-07
   0.1815050E-01   0.4599763E-07
   0.1832503E-01   0.4569507E-07
   0.1849955E-01   0.4529067E-07
   0.1867408E-01   0.4492471E-07
   0.1884860E-01   0.4452703E-07
   0.1902312E-01   0.4408628E-07
   0.1919765E-01   0.4371228E-07
   0.1937217E-01   0.4320697E-07
   0.1954670E-01   0.4276733E-07
   0.1972122E-01   0.4230284E-07
   0.1989574E-01   0.4174927E-07
   0.2007027E-01   0.4136676E-07
   0.2024479E-01   0.4074854E-07
   0.2041932E-01   0.4035710E-07
   0.2059384E-01   0.3987555E-07
   0.2076836E-01   0.3940707E-07
   0.2094289E-01   0.3906540E-07
   0.2111741E-01   0.3859149E-07
   0.2129194E-01   0.3827186E-07
   0.2146646E-01   0.3796817E-07
   0.2164098E-01   0.3767432E-07
   0.2181551E-01   0.3747826E-07
   0.2199003E-01   0.3726438E-07
   0.2216456E-01   0.3716728E-07
   0.2233908E-01   0.3703705E-07
   0.2251360E-01   0.3700901E-07
   0.2268813E-01   0.3695470E-07
   0.2286265E-01   0.3689718E-07
   0.2303718E-01   0.3689094E-07
   0.2321170E-01   0.3677260E-07
   0.2338623E-01   0.3674131E-07
   0.2356075E-01   0.3653529E-07
   0.2373527E-01   0.3632032E-07
   0.2390980E-01   0.3614481E-07
   0.2408432E-01   0.3580787E-07
   0.2425884E-01   0.3549655E-07
   0.2443337E-01   0.3511632E-07
   0.2460789E-01   0.3475993E-07
   0.2478242E-01   0.3430390E-07
   0.2495694E-01   0.3386462E-07
   0.2513147E-01   0.3345682E-07
   0.2530599E-01   0.3298585E-07
   0.2548051E-01   0.3250137E-07
   0.2565504E-01   0.3201436E-07
   0.2582956E-01   0.3157037E-07
   0.2600409E-01   0.3115965E-07
   0.2617861E-01   0.3066553E-07
   0.2635313E-01   0.3029693E-07
   0.2652766E-01   0.3001349E-07
   0.2670218E-01   0.2968498E-07
   0.2687671E-01   0.2939254E-07
   0.2705123E-01   0.2918653E-07
   0.2722575E-01   0.2908297E-07
   0.2740028E-01   0.2893306E-07
   0.2757480E-01   0.2883209E-07
   0.2774933E-01   0.2879345E-07
   0.2792385E-01   0.2867442E-07
   0.2809837E-01   0.2857808E-07
   0.2827290E-01   0.2844832E-07
   0.2844742E-01   0.2828400E-07
   0.2862195E-01   0.2808899E-07
   0.2879647E-01   0.2790943E-07
   0.2897099E-01   0.2762025E-07
   0.2914552E-01   0.2739642E-07
   0.2932004E-01   0.2726410E-07
   0.2949457E-01   0.2693658E-07
   0.2966909E-01   0.2685396E-07
   0.2984362E-01   0.2676925E-07
   0.3001814E-01   0.2664662E-07
   0.3019266E-01   0.2663287E-07
   0.3036719E-01   0.2662951E-07
   0.3054171E-01   0.2672670E-07
   0.3071623E-01   0.2674263E-07
   0.3089076E-01   0.2678093E-07
   0.3106528E-01   0.2684120E-07
   0.3123981E-01   0.2673410E-07
   0.3141433E-01   0.2677534E-07
   0.3158886E-01   0.2668704E-07
   0.3176338E-01   0.2663759E-07
   0.3193790E-01   0.2658226E-07
   0.3211243E-01   0.2643873E-07
   0.3228695E-01   0.2644285E-07
   0.3246148E-01   0.2632665E-07
   0.3263600E-01   0.2626171E-07
   0.3281052E-01   0.2624327E-07
   0.3298505E-01   0.2622637E-07
   0.3315957E-01   0.2621879E-07
   0.3333410E-01   0.2613827E-07
   0.3350862E-01   0.2619833E-07
   0.3368314E-01   0.2610059E-07
   0.3385767E-01   0.2602344E-07
   0.3403219E-01   0.2595790E-07
   0.3420672E-01   0.2580944E-07
   0.3438124E-01   0.2568662E-07
   0.3455576E-01   0.2548731E-07
   0.3473029E-01   0.2537386E-07
   0.3490481E-01   0.2521580E-07
