        4.80        3.90
NULL
$r$
radial profile
0 0 0
0
   0.1100000E+31  -0.1100000E+31    5
   0.1100000E+31  -0.1100000E+31    5
    0
CURVE
      71
NULL
black_solid
NULL
    0.000000        0.000000    
   0.4986402E-03   -2.460302    
   0.9972804E-03    110.6490    
   0.1495921E-02    621.7242    
   0.1994561E-02    1199.926    
   0.2493201E-02    2212.795    
   0.2991841E-02    2999.936    
   0.3490481E-02    3567.383    
   0.3989121E-02    3837.719    
   0.4487762E-02    3776.983    
   0.4986402E-02    3540.898    
   0.5485042E-02    3295.424    
   0.5983682E-02    3044.204    
   0.6482322E-02    2791.982    
   0.6980963E-02    2579.887    
   0.7479603E-02    2359.532    
   0.7978243E-02    2153.249    
   0.8476883E-02    1926.766    
   0.8975524E-02    1792.125    
   0.9474164E-02    1613.780    
   0.9972803E-02    1455.569    
   0.1047144E-01    1359.309    
   0.1097008E-01    1313.564    
   0.1146872E-01    1274.930    
   0.1196736E-01    1171.681    
   0.1246601E-01    1046.605    
   0.1296464E-01    939.2772    
   0.1346328E-01    823.6265    
   0.1396193E-01    726.8042    
   0.1446057E-01    735.1779    
   0.1495921E-01    756.4757    
   0.1545785E-01    787.7753    
   0.1595649E-01    708.0567    
   0.1645513E-01    669.8730    
   0.1695377E-01    577.0043    
   0.1745241E-01    529.6917    
   0.1795105E-01    556.0933    
   0.1844969E-01    567.3528    
   0.1894833E-01    518.0922    
   0.1944697E-01    524.3221    
   0.1994561E-01    544.9252    
   0.2044425E-01    569.7088    
   0.2094289E-01    586.9301    
   0.2144153E-01    573.4510    
   0.2194017E-01    518.7766    
   0.2243881E-01    528.1556    
   0.2293745E-01    542.8863    
   0.2343609E-01    524.8237    
   0.2393473E-01    478.4959    
   0.2443337E-01    465.5791    
   0.2493201E-01    473.7253    
   0.2543065E-01    483.7717    
   0.2592929E-01    454.2035    
   0.2642793E-01    403.6679    
   0.2692657E-01    368.7147    
   0.2742521E-01    341.4491    
   0.2792385E-01    318.8677    
   0.2842249E-01    316.0645    
   0.2892113E-01    344.5865    
   0.2941977E-01    334.5368    
   0.2991841E-01    313.5378    
   0.3041705E-01    306.9245    
   0.3091569E-01    280.8886    
   0.3141433E-01    301.7718    
   0.3191297E-01    313.4003    
   0.3241161E-01    312.1249    
   0.3291025E-01    308.7938    
   0.3340889E-01    271.8304    
   0.3390753E-01    241.5787    
   0.3440617E-01    221.8427    
   0.3490481E-01    210.9418    
