        4.80        3.90
NULL
$r$
radial profile
0 0 0
0
   0.1100000E+31  -0.1100000E+31    5
   0.1100000E+31  -0.1100000E+31    5
    0
CURVE
     201
NULL
black_solid
NULL
    0.000000        0.000000    
   0.1745241E-03   0.5263005E-10
   0.3490481E-03   0.5115841E-07
   0.5235722E-03   0.7603173E-07
   0.6980962E-03   0.1105905E-06
   0.8726203E-03   0.1870363E-06
   0.1047144E-02   0.2572322E-06
   0.1221668E-02   0.3122110E-06
   0.1396192E-02   0.3889032E-06
   0.1570717E-02   0.4555718E-06
   0.1745241E-02   0.5139098E-06
   0.1919765E-02   0.5675367E-06
   0.2094289E-02   0.6090830E-06
   0.2268813E-02   0.6441559E-06
   0.2443337E-02   0.6693140E-06
   0.2617861E-02   0.6834389E-06
   0.2792385E-02   0.6915560E-06
   0.2966909E-02   0.6927639E-06
   0.3141433E-02   0.6884020E-06
   0.3315957E-02   0.6773055E-06
   0.3490481E-02   0.6651636E-06
   0.3665005E-02   0.6505990E-06
   0.3839529E-02   0.6321027E-06
   0.4014053E-02   0.6134039E-06
   0.4188578E-02   0.5942334E-06
   0.4363101E-02   0.5732082E-06
   0.4537626E-02   0.5533061E-06
   0.4712150E-02   0.5323528E-06
   0.4886674E-02   0.5114699E-06
   0.5061198E-02   0.4925080E-06
   0.5235722E-02   0.4726113E-06
   0.5410246E-02   0.4533286E-06
   0.5584770E-02   0.4368524E-06
   0.5759294E-02   0.4199885E-06
   0.5933818E-02   0.4039370E-06
   0.6108342E-02   0.3906856E-06
   0.6282866E-02   0.3772229E-06
   0.6457390E-02   0.3650441E-06
   0.6631915E-02   0.3535118E-06
   0.6806438E-02   0.3421664E-06
   0.6980963E-02   0.3319810E-06
   0.7155487E-02   0.3214713E-06
   0.7330011E-02   0.3107653E-06
   0.7504535E-02   0.3009518E-06
   0.7679059E-02   0.2912471E-06
   0.7853583E-02   0.2806364E-06
   0.8028107E-02   0.2713476E-06
   0.8202631E-02   0.2623430E-06
   0.8377155E-02   0.2534333E-06
   0.8551680E-02   0.2452662E-06
   0.8726203E-02   0.2378268E-06
   0.8900727E-02   0.2305078E-06
   0.9075251E-02   0.2243658E-06
   0.9249776E-02   0.2182455E-06
   0.9424300E-02   0.2126467E-06
   0.9598823E-02   0.2076571E-06
   0.9773348E-02   0.2023659E-06
   0.9947872E-02   0.1976984E-06
   0.1012240E-01   0.1932419E-06
   0.1029692E-01   0.1885284E-06
   0.1047144E-01   0.1842894E-06
   0.1064597E-01   0.1805518E-06
   0.1082049E-01   0.1764315E-06
   0.1099502E-01   0.1727355E-06
   0.1116954E-01   0.1688689E-06
   0.1134406E-01   0.1655162E-06
   0.1151859E-01   0.1622382E-06
   0.1169311E-01   0.1591903E-06
   0.1186764E-01   0.1561829E-06
   0.1204216E-01   0.1533299E-06
   0.1221668E-01   0.1504316E-06
   0.1239121E-01   0.1477849E-06
   0.1256573E-01   0.1448600E-06
   0.1274026E-01   0.1421922E-06
   0.1291478E-01   0.1396670E-06
   0.1308930E-01   0.1365593E-06
   0.1326383E-01   0.1343508E-06
   0.1343835E-01   0.1322020E-06
   0.1361288E-01   0.1298919E-06
   0.1378740E-01   0.1276301E-06
   0.1396193E-01   0.1259556E-06
   0.1413645E-01   0.1241383E-06
   0.1431097E-01   0.1223749E-06
   0.1448550E-01   0.1205851E-06
   0.1466002E-01   0.1192886E-06
   0.1483455E-01   0.1180698E-06
   0.1500907E-01   0.1168770E-06
   0.1518359E-01   0.1157954E-06
   0.1535812E-01   0.1151890E-06
   0.1553264E-01   0.1145098E-06
   0.1570717E-01   0.1138762E-06
   0.1588169E-01   0.1140759E-06
   0.1605621E-01   0.1138774E-06
   0.1623074E-01   0.1142000E-06
   0.1640526E-01   0.1143251E-06
   0.1657979E-01   0.1147919E-06
   0.1675431E-01   0.1144941E-06
   0.1692883E-01   0.1146058E-06
   0.1710336E-01   0.1141525E-06
   0.1727788E-01   0.1134171E-06
   0.1745241E-01   0.1124668E-06
   0.1762693E-01   0.1114951E-06
   0.1780145E-01   0.1100745E-06
   0.1797598E-01   0.1083857E-06
   0.1815050E-01   0.1066764E-06
   0.1832503E-01   0.1052441E-06
   0.1849955E-01   0.1033960E-06
   0.1867408E-01   0.1019368E-06
   0.1884860E-01   0.1008257E-06
   0.1902312E-01   0.9956270E-07
   0.1919765E-01   0.9806906E-07
   0.1937217E-01   0.9731772E-07
   0.1954670E-01   0.9618288E-07
   0.1972122E-01   0.9501363E-07
   0.1989574E-01   0.9414712E-07
   0.2007027E-01   0.9290704E-07
   0.2024479E-01   0.9162336E-07
   0.2041932E-01   0.9056395E-07
   0.2059384E-01   0.8919361E-07
   0.2076836E-01   0.8779499E-07
   0.2094289E-01   0.8635023E-07
   0.2111741E-01   0.8498473E-07
   0.2129194E-01   0.8374344E-07
   0.2146646E-01   0.8277672E-07
   0.2164098E-01   0.8143697E-07
   0.2181551E-01   0.8062146E-07
   0.2199003E-01   0.7987715E-07
   0.2216456E-01   0.7879527E-07
   0.2233908E-01   0.7807544E-07
   0.2251360E-01   0.7710995E-07
   0.2268813E-01   0.7620756E-07
   0.2286265E-01   0.7494323E-07
   0.2303718E-01   0.7418450E-07
   0.2321170E-01   0.7360001E-07
   0.2338623E-01   0.7227703E-07
   0.2356075E-01   0.7146109E-07
   0.2373527E-01   0.7097471E-07
   0.2390980E-01   0.7007691E-07
   0.2408432E-01   0.6968568E-07
   0.2425884E-01   0.6897028E-07
   0.2443337E-01   0.6878670E-07
   0.2460789E-01   0.6847110E-07
   0.2478242E-01   0.6818355E-07
   0.2495694E-01   0.6807784E-07
   0.2513147E-01   0.6834284E-07
   0.2530599E-01   0.6804366E-07
   0.2548051E-01   0.6775449E-07
   0.2565504E-01   0.6774921E-07
   0.2582956E-01   0.6756554E-07
   0.2600409E-01   0.6742621E-07
   0.2617861E-01   0.6738924E-07
   0.2635313E-01   0.6747496E-07
   0.2652766E-01   0.6724205E-07
   0.2670218E-01   0.6716900E-07
   0.2687671E-01   0.6712652E-07
   0.2705123E-01   0.6699224E-07
   0.2722575E-01   0.6687648E-07
   0.2740028E-01   0.6699126E-07
   0.2757480E-01   0.6683393E-07
   0.2774933E-01   0.6671345E-07
   0.2792385E-01   0.6705462E-07
   0.2809837E-01   0.6715518E-07
   0.2827290E-01   0.6672577E-07
   0.2844742E-01   0.6728121E-07
   0.2862195E-01   0.6707995E-07
   0.2879647E-01   0.6679132E-07
   0.2897099E-01   0.6692751E-07
   0.2914552E-01   0.6696438E-07
   0.2932004E-01   0.6682864E-07
   0.2949457E-01   0.6639674E-07
   0.2966909E-01   0.6638200E-07
   0.2984362E-01   0.6632601E-07
   0.3001814E-01   0.6599350E-07
   0.3019266E-01   0.6597217E-07
   0.3036719E-01   0.6569552E-07
   0.3054171E-01   0.6556114E-07
   0.3071623E-01   0.6559164E-07
   0.3089076E-01   0.6550369E-07
   0.3106528E-01   0.6544325E-07
   0.3123981E-01   0.6539485E-07
   0.3141433E-01   0.6537399E-07
   0.3158886E-01   0.6495276E-07
   0.3176338E-01   0.6491040E-07
   0.3193790E-01   0.6457784E-07
   0.3211243E-01   0.6391164E-07
   0.3228695E-01   0.6339529E-07
   0.3246148E-01   0.6271026E-07
   0.3263600E-01   0.6158353E-07
   0.3281052E-01   0.6065878E-07
   0.3298505E-01   0.5923813E-07
   0.3315957E-01   0.5780397E-07
   0.3333410E-01   0.5638598E-07
   0.3350862E-01   0.5494256E-07
   0.3368314E-01   0.5368013E-07
   0.3385767E-01   0.5230323E-07
   0.3403219E-01   0.5101032E-07
   0.3420672E-01   0.5012387E-07
   0.3438124E-01   0.4913718E-07
   0.3455576E-01   0.4812862E-07
   0.3473029E-01   0.4778954E-07
   0.3490481E-01   0.4734438E-07
