        4.80        3.90
NULL
$r$
radial profile
0 0 0
0
   0.1100000E+31  -0.1100000E+31    5
   0.1100000E+31  -0.1100000E+31    5
    0
CURVE
     201
NULL
black_solid
NULL
    0.000000        0.000000    
   0.1745241E-03   0.6492229E-10
   0.3490481E-03   0.5261950E-07
   0.5235722E-03   0.7851089E-07
   0.6980962E-03   0.1144953E-06
   0.8726203E-03   0.1929190E-06
   0.1047144E-02   0.2651648E-06
   0.1221668E-02   0.3235525E-06
   0.1396192E-02   0.4032549E-06
   0.1570717E-02   0.4712718E-06
   0.1745241E-02   0.5327865E-06
   0.1919765E-02   0.5881074E-06
   0.2094289E-02   0.6296457E-06
   0.2268813E-02   0.6672713E-06
   0.2443337E-02   0.6932688E-06
   0.2617861E-02   0.7065570E-06
   0.2792385E-02   0.7141505E-06
   0.2966909E-02   0.7146601E-06
   0.3141433E-02   0.7085262E-06
   0.3315957E-02   0.6960867E-06
   0.3490481E-02   0.6816393E-06
   0.3665005E-02   0.6653109E-06
   0.3839529E-02   0.6445501E-06
   0.4014053E-02   0.6244791E-06
   0.4188578E-02   0.6040974E-06
   0.4363101E-02   0.5815392E-06
   0.4537626E-02   0.5605314E-06
   0.4712150E-02   0.5390128E-06
   0.4886674E-02   0.5172320E-06
   0.5061198E-02   0.4976024E-06
   0.5235722E-02   0.4769366E-06
   0.5410246E-02   0.4571464E-06
   0.5584770E-02   0.4395729E-06
   0.5759294E-02   0.4216406E-06
   0.5933818E-02   0.4050369E-06
   0.6108342E-02   0.3903106E-06
   0.6282866E-02   0.3756543E-06
   0.6457390E-02   0.3625890E-06
   0.6631915E-02   0.3504530E-06
   0.6806438E-02   0.3383760E-06
   0.6980963E-02   0.3276638E-06
   0.7155487E-02   0.3171871E-06
   0.7330011E-02   0.3065880E-06
   0.7504535E-02   0.2972073E-06
   0.7679059E-02   0.2878793E-06
   0.7853583E-02   0.2786204E-06
   0.8028107E-02   0.2704557E-06
   0.8202631E-02   0.2625103E-06
   0.8377155E-02   0.2549952E-06
   0.8551680E-02   0.2482938E-06
   0.8726203E-02   0.2421523E-06
   0.8900727E-02   0.2363183E-06
   0.9075251E-02   0.2310787E-06
   0.9249776E-02   0.2262889E-06
   0.9424300E-02   0.2215505E-06
   0.9598823E-02   0.2172321E-06
   0.9773348E-02   0.2127726E-06
   0.9947872E-02   0.2083988E-06
   0.1012240E-01   0.2041923E-06
   0.1029692E-01   0.1996445E-06
   0.1047144E-01   0.1953245E-06
   0.1064597E-01   0.1912643E-06
   0.1082049E-01   0.1868809E-06
   0.1099502E-01   0.1828647E-06
   0.1116954E-01   0.1793144E-06
   0.1134406E-01   0.1755621E-06
   0.1151859E-01   0.1722483E-06
   0.1169311E-01   0.1692561E-06
   0.1186764E-01   0.1661579E-06
   0.1204216E-01   0.1634456E-06
   0.1221668E-01   0.1607218E-06
   0.1239121E-01   0.1580869E-06
   0.1256573E-01   0.1556381E-06
   0.1274026E-01   0.1531572E-06
   0.1291478E-01   0.1507426E-06
   0.1308930E-01   0.1482821E-06
   0.1326383E-01   0.1460371E-06
   0.1343835E-01   0.1439587E-06
   0.1361288E-01   0.1418127E-06
   0.1378740E-01   0.1399699E-06
   0.1396193E-01   0.1380967E-06
   0.1413645E-01   0.1362562E-06
   0.1431097E-01   0.1346044E-06
   0.1448550E-01   0.1329588E-06
   0.1466002E-01   0.1313197E-06
   0.1483455E-01   0.1296976E-06
   0.1500907E-01   0.1281319E-06
   0.1518359E-01   0.1265354E-06
   0.1535812E-01   0.1247882E-06
   0.1553264E-01   0.1232326E-06
   0.1570717E-01   0.1216820E-06
   0.1588169E-01   0.1200301E-06
   0.1605621E-01   0.1186705E-06
   0.1623074E-01   0.1171717E-06
   0.1640526E-01   0.1157119E-06
   0.1657979E-01   0.1144617E-06
   0.1675431E-01   0.1131306E-06
   0.1692883E-01   0.1118823E-06
   0.1710336E-01   0.1105894E-06
   0.1727788E-01   0.1094214E-06
   0.1745241E-01   0.1080553E-06
   0.1762693E-01   0.1068131E-06
   0.1780145E-01   0.1055708E-06
   0.1797598E-01   0.1042710E-06
   0.1815050E-01   0.1029985E-06
   0.1832503E-01   0.1017536E-06
   0.1849955E-01   0.1006273E-06
   0.1867408E-01   0.9951407E-07
   0.1884860E-01   0.9849208E-07
   0.1902312E-01   0.9752005E-07
   0.1919765E-01   0.9659583E-07
   0.1937217E-01   0.9576462E-07
   0.1954670E-01   0.9491350E-07
   0.1972122E-01   0.9411580E-07
   0.1989574E-01   0.9347329E-07
   0.2007027E-01   0.9275433E-07
   0.2024479E-01   0.9205617E-07
   0.2041932E-01   0.9146908E-07
   0.2059384E-01   0.9084908E-07
   0.2076836E-01   0.9017727E-07
   0.2094289E-01   0.8967125E-07
   0.2111741E-01   0.8917054E-07
   0.2129194E-01   0.8860567E-07
   0.2146646E-01   0.8802940E-07
   0.2164098E-01   0.8748272E-07
   0.2181551E-01   0.8692294E-07
   0.2199003E-01   0.8626646E-07
   0.2216456E-01   0.8563550E-07
   0.2233908E-01   0.8497799E-07
   0.2251360E-01   0.8417937E-07
   0.2268813E-01   0.8345344E-07
   0.2286265E-01   0.8261445E-07
   0.2303718E-01   0.8182511E-07
   0.2321170E-01   0.8110666E-07
   0.2338623E-01   0.8035496E-07
   0.2356075E-01   0.7962299E-07
   0.2373527E-01   0.7910131E-07
   0.2390980E-01   0.7842699E-07
   0.2408432E-01   0.7780970E-07
   0.2425884E-01   0.7730090E-07
   0.2443337E-01   0.7676319E-07
   0.2460789E-01   0.7622479E-07
   0.2478242E-01   0.7566565E-07
   0.2495694E-01   0.7514315E-07
   0.2513147E-01   0.7468510E-07
   0.2530599E-01   0.7402932E-07
   0.2548051E-01   0.7345775E-07
   0.2565504E-01   0.7299320E-07
   0.2582956E-01   0.7252245E-07
   0.2600409E-01   0.7202725E-07
   0.2617861E-01   0.7160338E-07
   0.2635313E-01   0.7128690E-07
   0.2652766E-01   0.7097231E-07
   0.2670218E-01   0.7064354E-07
   0.2687671E-01   0.7032959E-07
   0.2705123E-01   0.7008214E-07
   0.2722575E-01   0.6976438E-07
   0.2740028E-01   0.6942567E-07
   0.2757480E-01   0.6906559E-07
   0.2774933E-01   0.6870479E-07
   0.2792385E-01   0.6834257E-07
   0.2809837E-01   0.6796741E-07
   0.2827290E-01   0.6764754E-07
   0.2844742E-01   0.6738776E-07
   0.2862195E-01   0.6712737E-07
   0.2879647E-01   0.6690282E-07
   0.2897099E-01   0.6668859E-07
   0.2914552E-01   0.6657486E-07
   0.2932004E-01   0.6645082E-07
   0.2949457E-01   0.6627553E-07
   0.2966909E-01   0.6616067E-07
   0.2984362E-01   0.6599888E-07
   0.3001814E-01   0.6567998E-07
   0.3019266E-01   0.6538898E-07
   0.3036719E-01   0.6495453E-07
   0.3054171E-01   0.6450870E-07
   0.3071623E-01   0.6402855E-07
   0.3089076E-01   0.6348635E-07
   0.3106528E-01   0.6282124E-07
   0.3123981E-01   0.6216233E-07
   0.3141433E-01   0.6155100E-07
   0.3158886E-01   0.6085646E-07
   0.3176338E-01   0.6014685E-07
   0.3193790E-01   0.5946848E-07
   0.3211243E-01   0.5878754E-07
   0.3228695E-01   0.5807494E-07
   0.3246148E-01   0.5737092E-07
   0.3263600E-01   0.5673316E-07
   0.3281052E-01   0.5607536E-07
   0.3298505E-01   0.5542374E-07
   0.3315957E-01   0.5490084E-07
   0.3333410E-01   0.5432145E-07
   0.3350862E-01   0.5385189E-07
   0.3368314E-01   0.5347199E-07
   0.3385767E-01   0.5306157E-07
   0.3403219E-01   0.5276263E-07
   0.3420672E-01   0.5255540E-07
   0.3438124E-01   0.5229440E-07
   0.3455576E-01   0.5212598E-07
   0.3473029E-01   0.5199580E-07
   0.3490481E-01   0.5179949E-07
