        4.80        3.90
NULL
$r$
radial profile
0 0 0
0
   0.1100000E+31  -0.1100000E+31    5
   0.1100000E+31  -0.1100000E+31    5
    0
CURVE
     201
NULL
black_solid
NULL
    0.000000        0.000000    
   0.1745241E-03   0.7310092E-10
   0.3490481E-03   0.5190034E-07
   0.5235722E-03   0.7762177E-07
   0.6980962E-03   0.1136699E-06
   0.8726203E-03   0.1901010E-06
   0.1047144E-02   0.2623123E-06
   0.1221668E-02   0.3198556E-06
   0.1396192E-02   0.3979528E-06
   0.1570717E-02   0.4656173E-06
   0.1745241E-02   0.5266554E-06
   0.1919765E-02   0.5808824E-06
   0.2094289E-02   0.6224374E-06
   0.2268813E-02   0.6595911E-06
   0.2443337E-02   0.6851217E-06
   0.2617861E-02   0.6987092E-06
   0.2792385E-02   0.7064139E-06
   0.2966909E-02   0.7069425E-06
   0.3141433E-02   0.7008293E-06
   0.3315957E-02   0.6884497E-06
   0.3490481E-02   0.6741343E-06
   0.3665005E-02   0.6577056E-06
   0.3839529E-02   0.6369597E-06
   0.4014053E-02   0.6168381E-06
   0.4188578E-02   0.5961317E-06
   0.4363101E-02   0.5734596E-06
   0.4537626E-02   0.5524038E-06
   0.4712150E-02   0.5306402E-06
   0.4886674E-02   0.5087956E-06
   0.5061198E-02   0.4891577E-06
   0.5235722E-02   0.4685779E-06
   0.5410246E-02   0.4490917E-06
   0.5584770E-02   0.4317156E-06
   0.5759294E-02   0.4143790E-06
   0.5933818E-02   0.3982747E-06
   0.6108342E-02   0.3839599E-06
   0.6282866E-02   0.3702258E-06
   0.6457390E-02   0.3576864E-06
   0.6631915E-02   0.3461002E-06
   0.6806438E-02   0.3347749E-06
   0.6980963E-02   0.3244922E-06
   0.7155487E-02   0.3142953E-06
   0.7330011E-02   0.3041927E-06
   0.7504535E-02   0.2950647E-06
   0.7679059E-02   0.2858842E-06
   0.7853583E-02   0.2765912E-06
   0.8028107E-02   0.2684630E-06
   0.8202631E-02   0.2606947E-06
   0.8377155E-02   0.2530986E-06
   0.8551680E-02   0.2462590E-06
   0.8726203E-02   0.2402729E-06
   0.8900727E-02   0.2344802E-06
   0.9075251E-02   0.2292314E-06
   0.9249776E-02   0.2245831E-06
   0.9424300E-02   0.2199325E-06
   0.9598823E-02   0.2157850E-06
   0.9773348E-02   0.2116368E-06
   0.9947872E-02   0.2075458E-06
   0.1012240E-01   0.2035419E-06
   0.1029692E-01   0.1991717E-06
   0.1047144E-01   0.1951506E-06
   0.1064597E-01   0.1911402E-06
   0.1082049E-01   0.1867813E-06
   0.1099502E-01   0.1828584E-06
   0.1116954E-01   0.1792872E-06
   0.1134406E-01   0.1754190E-06
   0.1151859E-01   0.1719344E-06
   0.1169311E-01   0.1687994E-06
   0.1186764E-01   0.1655875E-06
   0.1204216E-01   0.1627076E-06
   0.1221668E-01   0.1598398E-06
   0.1239121E-01   0.1572044E-06
   0.1256573E-01   0.1547956E-06
   0.1274026E-01   0.1523780E-06
   0.1291478E-01   0.1501744E-06
   0.1308930E-01   0.1479868E-06
   0.1326383E-01   0.1459234E-06
   0.1343835E-01   0.1440602E-06
   0.1361288E-01   0.1422598E-06
   0.1378740E-01   0.1404317E-06
   0.1396193E-01   0.1387586E-06
   0.1413645E-01   0.1369624E-06
   0.1431097E-01   0.1351057E-06
   0.1448550E-01   0.1334313E-06
   0.1466002E-01   0.1316660E-06
   0.1483455E-01   0.1296712E-06
   0.1500907E-01   0.1277395E-06
   0.1518359E-01   0.1258347E-06
   0.1535812E-01   0.1239151E-06
   0.1553264E-01   0.1220064E-06
   0.1570717E-01   0.1202675E-06
   0.1588169E-01   0.1185714E-06
   0.1605621E-01   0.1171915E-06
   0.1623074E-01   0.1157410E-06
   0.1640526E-01   0.1145527E-06
   0.1657979E-01   0.1135579E-06
   0.1675431E-01   0.1123450E-06
   0.1692883E-01   0.1115108E-06
   0.1710336E-01   0.1105690E-06
   0.1727788E-01   0.1095910E-06
   0.1745241E-01   0.1085079E-06
   0.1762693E-01   0.1075615E-06
   0.1780145E-01   0.1063010E-06
   0.1797598E-01   0.1051003E-06
   0.1815050E-01   0.1038555E-06
   0.1832503E-01   0.1025113E-06
   0.1849955E-01   0.1013663E-06
   0.1867408E-01   0.1002183E-06
   0.1884860E-01   0.9909265E-07
   0.1902312E-01   0.9818107E-07
   0.1919765E-01   0.9735108E-07
   0.1937217E-01   0.9643875E-07
   0.1954670E-01   0.9572406E-07
   0.1972122E-01   0.9511837E-07
   0.1989574E-01   0.9444781E-07
   0.2007027E-01   0.9374863E-07
   0.2024479E-01   0.9320554E-07
   0.2041932E-01   0.9259968E-07
   0.2059384E-01   0.9187217E-07
   0.2076836E-01   0.9122714E-07
   0.2094289E-01   0.9056893E-07
   0.2111741E-01   0.9001070E-07
   0.2129194E-01   0.8927346E-07
   0.2146646E-01   0.8868786E-07
   0.2164098E-01   0.8798303E-07
   0.2181551E-01   0.8742813E-07
   0.2199003E-01   0.8680860E-07
   0.2216456E-01   0.8626050E-07
   0.2233908E-01   0.8574557E-07
   0.2251360E-01   0.8510796E-07
   0.2268813E-01   0.8461218E-07
   0.2286265E-01   0.8387707E-07
   0.2303718E-01   0.8339162E-07
   0.2321170E-01   0.8285579E-07
   0.2338623E-01   0.8218963E-07
   0.2356075E-01   0.8161460E-07
   0.2373527E-01   0.8106203E-07
   0.2390980E-01   0.8030944E-07
   0.2408432E-01   0.7961798E-07
   0.2425884E-01   0.7887319E-07
   0.2443337E-01   0.7817071E-07
   0.2460789E-01   0.7739201E-07
   0.2478242E-01   0.7661507E-07
   0.2495694E-01   0.7585563E-07
   0.2513147E-01   0.7515710E-07
   0.2530599E-01   0.7437966E-07
   0.2548051E-01   0.7351753E-07
   0.2565504E-01   0.7284947E-07
   0.2582956E-01   0.7230127E-07
   0.2600409E-01   0.7164400E-07
   0.2617861E-01   0.7113912E-07
   0.2635313E-01   0.7081878E-07
   0.2652766E-01   0.7041559E-07
   0.2670218E-01   0.7003129E-07
   0.2687671E-01   0.6975720E-07
   0.2705123E-01   0.6953441E-07
   0.2722575E-01   0.6925002E-07
   0.2740028E-01   0.6900745E-07
   0.2757480E-01   0.6882711E-07
   0.2774933E-01   0.6854075E-07
   0.2792385E-01   0.6837794E-07
   0.2809837E-01   0.6829040E-07
   0.2827290E-01   0.6813570E-07
   0.2844742E-01   0.6806329E-07
   0.2862195E-01   0.6809619E-07
   0.2879647E-01   0.6811180E-07
   0.2897099E-01   0.6801447E-07
   0.2914552E-01   0.6807815E-07
   0.2932004E-01   0.6803263E-07
   0.2949457E-01   0.6785660E-07
   0.2966909E-01   0.6771593E-07
   0.2984362E-01   0.6759694E-07
   0.3001814E-01   0.6715266E-07
   0.3019266E-01   0.6681366E-07
   0.3036719E-01   0.6628379E-07
   0.3054171E-01   0.6566962E-07
   0.3071623E-01   0.6511501E-07
   0.3089076E-01   0.6444574E-07
   0.3106528E-01   0.6352653E-07
   0.3123981E-01   0.6269157E-07
   0.3141433E-01   0.6188473E-07
   0.3158886E-01   0.6097129E-07
   0.3176338E-01   0.6005014E-07
   0.3193790E-01   0.5913822E-07
   0.3211243E-01   0.5831616E-07
   0.3228695E-01   0.5741308E-07
   0.3246148E-01   0.5650777E-07
   0.3263600E-01   0.5570283E-07
   0.3281052E-01   0.5491860E-07
   0.3298505E-01   0.5413932E-07
   0.3315957E-01   0.5344326E-07
   0.3333410E-01   0.5275180E-07
   0.3350862E-01   0.5226510E-07
   0.3368314E-01   0.5178978E-07
   0.3385767E-01   0.5126948E-07
   0.3403219E-01   0.5100084E-07
   0.3420672E-01   0.5073866E-07
   0.3438124E-01   0.5038242E-07
   0.3455576E-01   0.5022506E-07
   0.3473029E-01   0.5008051E-07
   0.3490481E-01   0.4985276E-07
