        4.80        3.90
NULL
$r$
radial profile
0 0 0
0
   0.1100000E+31  -0.1100000E+31    5
   0.1100000E+31  -0.1100000E+31    5
    0
CURVE
     201
NULL
black_solid
NULL
    0.000000        0.000000    
   0.1745241E-03   0.1928644E-03
   0.3490481E-03  -0.7991951E-03
   0.5235722E-03   0.1129607E-03
   0.6980962E-03   0.6045355E-03
   0.8726203E-03   0.1009273E-03
   0.1047144E-02   0.4292838E-03
   0.1221668E-02   0.1298111E-02
   0.1396192E-02   0.1540283E-02
   0.1570717E-02   0.2033372E-02
   0.1745241E-02   0.2876616E-02
   0.1919765E-02   0.4494695E-02
   0.2094289E-02   0.5612236E-02
   0.2268813E-02   0.6890126E-02
   0.2443337E-02   0.9078687E-02
   0.2617861E-02   0.1080799E-01
   0.2792385E-02   0.1269651E-01
   0.2966909E-02   0.1502062E-01
   0.3141433E-02   0.1699105E-01
   0.3315957E-02   0.1918508E-01
   0.3490481E-02   0.2136909E-01
   0.3665005E-02   0.2319781E-01
   0.3839529E-02   0.2535411E-01
   0.4014053E-02   0.2727374E-01
   0.4188578E-02   0.2878228E-01
   0.4363101E-02   0.3068407E-01
   0.4537626E-02   0.3215230E-01
   0.4712150E-02   0.3333038E-01
   0.4886674E-02   0.3484795E-01
   0.5061198E-02   0.3585462E-01
   0.5235722E-02   0.3684238E-01
   0.5410246E-02   0.3781967E-01
   0.5584770E-02   0.3851421E-01
   0.5759294E-02   0.3924376E-01
   0.5933818E-02   0.3975224E-01
   0.6108342E-02   0.4029061E-01
   0.6282866E-02   0.4058290E-01
   0.6457390E-02   0.4089583E-01
   0.6631915E-02   0.4112495E-01
   0.6806438E-02   0.4113426E-01
   0.6980963E-02   0.4135467E-01
   0.7155487E-02   0.4121756E-01
   0.7330011E-02   0.4124802E-01
   0.7504535E-02   0.4118696E-01
   0.7679059E-02   0.4096201E-01
   0.7853583E-02   0.4093194E-01
   0.8028107E-02   0.4062192E-01
   0.8202631E-02   0.4058360E-01
   0.8377155E-02   0.4027670E-01
   0.8551680E-02   0.4003454E-01
   0.8726203E-02   0.3991490E-01
   0.8900727E-02   0.3953966E-01
   0.9075251E-02   0.3946158E-01
   0.9249776E-02   0.3915657E-01
   0.9424300E-02   0.3898847E-01
   0.9598823E-02   0.3884812E-01
   0.9773348E-02   0.3853698E-01
   0.9947872E-02   0.3846888E-01
   0.1012240E-01   0.3810322E-01
   0.1029692E-01   0.3805691E-01
   0.1047144E-01   0.3782429E-01
   0.1064597E-01   0.3755929E-01
   0.1082049E-01   0.3744057E-01
   0.1099502E-01   0.3707149E-01
   0.1116954E-01   0.3696107E-01
   0.1134406E-01   0.3658961E-01
   0.1151859E-01   0.3632393E-01
   0.1169311E-01   0.3604059E-01
   0.1186764E-01   0.3558055E-01
   0.1204216E-01   0.3543086E-01
   0.1221668E-01   0.3489054E-01
   0.1239121E-01   0.3457112E-01
   0.1256573E-01   0.3425127E-01
   0.1274026E-01   0.3374238E-01
   0.1291478E-01   0.3343106E-01
   0.1308930E-01   0.3296473E-01
   0.1326383E-01   0.3263116E-01
   0.1343835E-01   0.3218823E-01
   0.1361288E-01   0.3182211E-01
   0.1378740E-01   0.3143907E-01
   0.1396193E-01   0.3095165E-01
   0.1413645E-01   0.3072051E-01
   0.1431097E-01   0.3019998E-01
   0.1448550E-01   0.2988722E-01
   0.1466002E-01   0.2955787E-01
   0.1483455E-01   0.2912197E-01
   0.1500907E-01   0.2886635E-01
   0.1518359E-01   0.2840544E-01
   0.1535812E-01   0.2812941E-01
   0.1553264E-01   0.2778152E-01
   0.1570717E-01   0.2738239E-01
   0.1588169E-01   0.2708496E-01
   0.1605621E-01   0.2664265E-01
   0.1623074E-01   0.2635034E-01
   0.1640526E-01   0.2590421E-01
   0.1657979E-01   0.2555032E-01
   0.1675431E-01   0.2518424E-01
   0.1692883E-01   0.2470304E-01
   0.1710336E-01   0.2442597E-01
   0.1727788E-01   0.2392446E-01
   0.1745241E-01   0.2357134E-01
   0.1762693E-01   0.2318276E-01
   0.1780145E-01   0.2275145E-01
   0.1797598E-01   0.2245081E-01
   0.1815050E-01   0.2198895E-01
   0.1832503E-01   0.2170679E-01
   0.1849955E-01   0.2136308E-01
   0.1867408E-01   0.2101931E-01
   0.1884860E-01   0.2072968E-01
   0.1902312E-01   0.2041936E-01
   0.1919765E-01   0.2018024E-01
   0.1937217E-01   0.1986070E-01
   0.1954670E-01   0.1967199E-01
   0.1972122E-01   0.1941852E-01
   0.1989574E-01   0.1914946E-01
   0.2007027E-01   0.1901259E-01
   0.2024479E-01   0.1871928E-01
   0.2041932E-01   0.1855175E-01
   0.2059384E-01   0.1836342E-01
   0.2076836E-01   0.1814482E-01
   0.2094289E-01   0.1797296E-01
   0.2111741E-01   0.1776201E-01
   0.2129194E-01   0.1758339E-01
   0.2146646E-01   0.1736427E-01
   0.2164098E-01   0.1716077E-01
   0.2181551E-01   0.1697757E-01
   0.2199003E-01   0.1675447E-01
   0.2216456E-01   0.1656303E-01
   0.2233908E-01   0.1633588E-01
   0.2251360E-01   0.1614282E-01
   0.2268813E-01   0.1591741E-01
   0.2286265E-01   0.1571747E-01
   0.2303718E-01   0.1555778E-01
   0.2321170E-01   0.1532399E-01
   0.2338623E-01   0.1516523E-01
   0.2356075E-01   0.1496908E-01
   0.2373527E-01   0.1481098E-01
   0.2390980E-01   0.1468040E-01
   0.2408432E-01   0.1448267E-01
   0.2425884E-01   0.1438801E-01
   0.2443337E-01   0.1424281E-01
   0.2460789E-01   0.1412281E-01
   0.2478242E-01   0.1401996E-01
   0.2495694E-01   0.1390225E-01
   0.2513147E-01   0.1382997E-01
   0.2530599E-01   0.1367744E-01
   0.2548051E-01   0.1363754E-01
   0.2565504E-01   0.1352664E-01
   0.2582956E-01   0.1341552E-01
   0.2600409E-01   0.1336447E-01
   0.2617861E-01   0.1322656E-01
   0.2635313E-01   0.1316397E-01
   0.2652766E-01   0.1304945E-01
   0.2670218E-01   0.1296056E-01
   0.2687671E-01   0.1286238E-01
   0.2705123E-01   0.1274373E-01
   0.2722575E-01   0.1266666E-01
   0.2740028E-01   0.1254074E-01
   0.2757480E-01   0.1248204E-01
   0.2774933E-01   0.1237727E-01
   0.2792385E-01   0.1229508E-01
   0.2809837E-01   0.1225074E-01
   0.2827290E-01   0.1214925E-01
   0.2844742E-01   0.1212322E-01
   0.2862195E-01   0.1205068E-01
   0.2879647E-01   0.1201025E-01
   0.2897099E-01   0.1196755E-01
   0.2914552E-01   0.1191005E-01
   0.2932004E-01   0.1189462E-01
   0.2949457E-01   0.1181674E-01
   0.2966909E-01   0.1181326E-01
   0.2984362E-01   0.1175767E-01
   0.3001814E-01   0.1168626E-01
   0.3019266E-01   0.1167313E-01
   0.3036719E-01   0.1158768E-01
   0.3054171E-01   0.1154090E-01
   0.3071623E-01   0.1147634E-01
   0.3089076E-01   0.1140033E-01
   0.3106528E-01   0.1134784E-01
   0.3123981E-01   0.1125055E-01
   0.3141433E-01   0.1117588E-01
   0.3158886E-01   0.1108875E-01
   0.3176338E-01   0.1099010E-01
   0.3193790E-01   0.1088825E-01
   0.3211243E-01   0.1079036E-01
   0.3228695E-01   0.1068792E-01
   0.3246148E-01   0.1054334E-01
   0.3263600E-01   0.1045018E-01
   0.3281052E-01   0.1031587E-01
   0.3298505E-01   0.1017494E-01
   0.3315957E-01   0.1007383E-01
   0.3333410E-01   0.9918747E-02
   0.3350862E-01   0.9798897E-02
   0.3368314E-01   0.9659510E-02
   0.3385767E-01   0.9513021E-02
   0.3403219E-01   0.9377253E-02
   0.3420672E-01   0.9230820E-02
   0.3438124E-01   0.9083489E-02
   0.3455576E-01   0.8930101E-02
   0.3473029E-01   0.8797279E-02
   0.3490481E-01   0.8649635E-02
