        4.80        3.90
NULL
$r$
radial profile
0 0 0
0
   0.1100000E+31  -0.1100000E+31    5
   0.1100000E+31  -0.1100000E+31    5
    0
CURVE
     201
NULL
black_solid
NULL
    0.000000        0.000000    
   0.1745241E-03   0.1611396E-05
   0.3490481E-03   0.3862200E-02
   0.5235722E-03   0.4574536E-02
   0.6980962E-03   0.5191313E-02
   0.8726203E-03   0.1130405E-01
   0.1047144E-02   0.1500002E-01
   0.1221668E-02   0.1732372E-01
   0.1396192E-02   0.2265601E-01
   0.1570717E-02   0.2645483E-01
   0.1745241E-02   0.2966797E-01
   0.1919765E-02   0.3321493E-01
   0.2094289E-02   0.3550218E-01
   0.2268813E-02   0.3796479E-01
   0.2443337E-02   0.3973484E-01
   0.2617861E-02   0.4062431E-01
   0.2792385E-02   0.4150826E-01
   0.2966909E-02   0.4188764E-01
   0.3141433E-02   0.4188912E-01
   0.3315957E-02   0.4165803E-01
   0.3490481E-02   0.4130185E-01
   0.3665005E-02   0.4086430E-01
   0.3839529E-02   0.4020061E-01
   0.4014053E-02   0.3962312E-01
   0.4188578E-02   0.3906386E-01
   0.4363101E-02   0.3832453E-01
   0.4537626E-02   0.3774222E-01
   0.4712150E-02   0.3717408E-01
   0.4886674E-02   0.3648281E-01
   0.5061198E-02   0.3594520E-01
   0.5235722E-02   0.3538370E-01
   0.5410246E-02   0.3478163E-01
   0.5584770E-02   0.3429332E-01
   0.5759294E-02   0.3377051E-01
   0.5933818E-02   0.3326531E-01
   0.6108342E-02   0.3285841E-01
   0.6282866E-02   0.3243453E-01
   0.6457390E-02   0.3204443E-01
   0.6631915E-02   0.3171621E-01
   0.6806438E-02   0.3135723E-01
   0.6980963E-02   0.3104620E-01
   0.7155487E-02   0.3076679E-01
   0.7330011E-02   0.3044670E-01
   0.7504535E-02   0.3017590E-01
   0.7679059E-02   0.2989975E-01
   0.7853583E-02   0.2959378E-01
   0.8028107E-02   0.2932864E-01
   0.8202631E-02   0.2906162E-01
   0.8377155E-02   0.2879321E-01
   0.8551680E-02   0.2857316E-01
   0.8726203E-02   0.2834541E-01
   0.8900727E-02   0.2810968E-01
   0.9075251E-02   0.2792151E-01
   0.9249776E-02   0.2772774E-01
   0.9424300E-02   0.2753534E-01
   0.9598823E-02   0.2737461E-01
   0.9773348E-02   0.2718861E-01
   0.9947872E-02   0.2700388E-01
   0.1012240E-01   0.2684274E-01
   0.1029692E-01   0.2664234E-01
   0.1047144E-01   0.2644256E-01
   0.1064597E-01   0.2625473E-01
   0.1082049E-01   0.2602009E-01
   0.1099502E-01   0.2581117E-01
   0.1116954E-01   0.2561972E-01
   0.1134406E-01   0.2539518E-01
   0.1151859E-01   0.2520112E-01
   0.1169311E-01   0.2501633E-01
   0.1186764E-01   0.2482077E-01
   0.1204216E-01   0.2465552E-01
   0.1221668E-01   0.2448820E-01
   0.1239121E-01   0.2430080E-01
   0.1256573E-01   0.2413792E-01
   0.1274026E-01   0.2396044E-01
   0.1291478E-01   0.2377948E-01
   0.1308930E-01   0.2362477E-01
   0.1326383E-01   0.2344952E-01
   0.1343835E-01   0.2326749E-01
   0.1361288E-01   0.2310709E-01
   0.1378740E-01   0.2294303E-01
   0.1396193E-01   0.2279182E-01
   0.1413645E-01   0.2265449E-01
   0.1431097E-01   0.2251215E-01
   0.1448550E-01   0.2240238E-01
   0.1466002E-01   0.2231438E-01
   0.1483455E-01   0.2221761E-01
   0.1500907E-01   0.2212519E-01
   0.1518359E-01   0.2203135E-01
   0.1535812E-01   0.2193059E-01
   0.1553264E-01   0.2183741E-01
   0.1570717E-01   0.2174443E-01
   0.1588169E-01   0.2164433E-01
   0.1605621E-01   0.2155378E-01
   0.1623074E-01   0.2146624E-01
   0.1640526E-01   0.2138073E-01
   0.1657979E-01   0.2129143E-01
   0.1675431E-01   0.2119658E-01
   0.1692883E-01   0.2110400E-01
   0.1710336E-01   0.2102480E-01
   0.1727788E-01   0.2093824E-01
   0.1745241E-01   0.2084918E-01
   0.1762693E-01   0.2078306E-01
   0.1780145E-01   0.2070394E-01
   0.1797598E-01   0.2062521E-01
   0.1815050E-01   0.2054121E-01
   0.1832503E-01   0.2045360E-01
   0.1849955E-01   0.2038161E-01
   0.1867408E-01   0.2030375E-01
   0.1884860E-01   0.2021171E-01
   0.1902312E-01   0.2013482E-01
   0.1919765E-01   0.2006469E-01
   0.1937217E-01   0.1997961E-01
   0.1954670E-01   0.1989682E-01
   0.1972122E-01   0.1981890E-01
   0.1989574E-01   0.1974513E-01
   0.2007027E-01   0.1966730E-01
   0.2024479E-01   0.1958496E-01
   0.2041932E-01   0.1949690E-01
   0.2059384E-01   0.1941401E-01
   0.2076836E-01   0.1933486E-01
   0.2094289E-01   0.1926358E-01
   0.2111741E-01   0.1916668E-01
   0.2129194E-01   0.1907137E-01
   0.2146646E-01   0.1897981E-01
   0.2164098E-01   0.1888522E-01
   0.2181551E-01   0.1879414E-01
   0.2199003E-01   0.1870920E-01
   0.2216456E-01   0.1861695E-01
   0.2233908E-01   0.1853376E-01
   0.2251360E-01   0.1845980E-01
   0.2268813E-01   0.1837487E-01
   0.2286265E-01   0.1829160E-01
   0.2303718E-01   0.1822166E-01
   0.2321170E-01   0.1814699E-01
   0.2338623E-01   0.1806755E-01
   0.2356075E-01   0.1799380E-01
   0.2373527E-01   0.1791325E-01
   0.2390980E-01   0.1783246E-01
   0.2408432E-01   0.1774653E-01
   0.2425884E-01   0.1765792E-01
   0.2443337E-01   0.1757599E-01
   0.2460789E-01   0.1749193E-01
   0.2478242E-01   0.1739597E-01
   0.2495694E-01   0.1731116E-01
   0.2513147E-01   0.1722967E-01
   0.2530599E-01   0.1713687E-01
   0.2548051E-01   0.1703607E-01
   0.2565504E-01   0.1693710E-01
   0.2582956E-01   0.1683708E-01
   0.2600409E-01   0.1675581E-01
   0.2617861E-01   0.1666390E-01
   0.2635313E-01   0.1656057E-01
   0.2652766E-01   0.1647491E-01
   0.2670218E-01   0.1638966E-01
   0.2687671E-01   0.1630093E-01
   0.2705123E-01   0.1621474E-01
   0.2722575E-01   0.1611307E-01
   0.2740028E-01   0.1602630E-01
   0.2757480E-01   0.1595725E-01
   0.2774933E-01   0.1588381E-01
   0.2792385E-01   0.1581951E-01
   0.2809837E-01   0.1575927E-01
   0.2827290E-01   0.1569391E-01
   0.2844742E-01   0.1562890E-01
   0.2862195E-01   0.1556536E-01
   0.2879647E-01   0.1547995E-01
   0.2897099E-01   0.1540734E-01
   0.2914552E-01   0.1534289E-01
   0.2932004E-01   0.1526939E-01
   0.2949457E-01   0.1520215E-01
   0.2966909E-01   0.1514281E-01
   0.2984362E-01   0.1508684E-01
   0.3001814E-01   0.1503653E-01
   0.3019266E-01   0.1496933E-01
   0.3036719E-01   0.1489685E-01
   0.3054171E-01   0.1483830E-01
   0.3071623E-01   0.1478167E-01
   0.3089076E-01   0.1470951E-01
   0.3106528E-01   0.1463534E-01
   0.3123981E-01   0.1457038E-01
   0.3141433E-01   0.1450150E-01
   0.3158886E-01   0.1444414E-01
   0.3176338E-01   0.1439933E-01
   0.3193790E-01   0.1433842E-01
   0.3211243E-01   0.1426974E-01
   0.3228695E-01   0.1421458E-01
   0.3246148E-01   0.1416127E-01
   0.3263600E-01   0.1410237E-01
   0.3281052E-01   0.1404520E-01
   0.3298505E-01   0.1399855E-01
   0.3315957E-01   0.1395458E-01
   0.3333410E-01   0.1391137E-01
   0.3350862E-01   0.1385804E-01
   0.3368314E-01   0.1382103E-01
   0.3385767E-01   0.1377646E-01
   0.3403219E-01   0.1373635E-01
   0.3420672E-01   0.1368798E-01
   0.3438124E-01   0.1362870E-01
   0.3455576E-01   0.1356303E-01
   0.3473029E-01   0.1348623E-01
   0.3490481E-01   0.1341826E-01
