        4.80        3.90
NULL
$r$
radial profile
0 0 0
0
   0.1100000E+31  -0.1100000E+31    5
   0.1100000E+31  -0.1100000E+31    5
    0
CURVE
     201
NULL
black_solid
NULL
    0.000000        0.000000    
   0.1745241E-03   0.2038860E-03
   0.3490481E-03  -0.6457326E-03
   0.5235722E-03   0.6781779E-04
   0.6980962E-03   0.3900623E-03
   0.8726203E-03  -0.1762675E-03
   0.1047144E-02   0.2713057E-05
   0.1221668E-02   0.4405487E-03
   0.1396192E-02  -0.3246049E-04
   0.1570717E-02  -0.8390890E-04
   0.1745241E-02  -0.1265419E-03
   0.1919765E-02   0.8969456E-04
   0.2094289E-02  -0.4639579E-04
   0.2268813E-02  -0.2195391E-03
   0.2443337E-02   0.2579089E-04
   0.2617861E-02   0.4836204E-05
   0.2792385E-02  -0.8917221E-04
   0.2966909E-02   0.3716446E-04
   0.3141433E-02   0.1189442E-03
   0.3315957E-02   0.5864794E-04
   0.3490481E-02   0.1156035E-03
   0.3665005E-02   0.1718668E-03
   0.3839529E-02   0.2218384E-03
   0.4014053E-02   0.2580666E-03
   0.4188578E-02   0.3056135E-03
   0.4363101E-02   0.3920285E-03
   0.4537626E-02   0.3944351E-03
   0.4712150E-02   0.4134503E-03
   0.4886674E-02   0.4961397E-03
   0.5061198E-02   0.5255561E-03
   0.5235722E-02   0.5363572E-03
   0.5410246E-02   0.6312199E-03
   0.5584770E-02   0.6173507E-03
   0.5759294E-02   0.6610850E-03
   0.5933818E-02   0.7178211E-03
   0.6108342E-02   0.6976916E-03
   0.6282866E-02   0.7266162E-03
   0.6457390E-02   0.7608230E-03
   0.6631915E-02   0.7531911E-03
   0.6806438E-02   0.7885218E-03
   0.6980963E-02   0.7989565E-03
   0.7155487E-02   0.7852268E-03
   0.7330011E-02   0.8273358E-03
   0.7504535E-02   0.8158165E-03
   0.7679059E-02   0.7808061E-03
   0.7853583E-02   0.7987538E-03
   0.8028107E-02   0.7760376E-03
   0.8202631E-02   0.7636227E-03
   0.8377155E-02   0.7820996E-03
   0.8551680E-02   0.7629535E-03
   0.8726203E-02   0.7425831E-03
   0.8900727E-02   0.7832046E-03
   0.9075251E-02   0.7745150E-03
   0.9249776E-02   0.7572859E-03
   0.9424300E-02   0.7759925E-03
   0.9598823E-02   0.8114895E-03
   0.9773348E-02   0.7999825E-03
   0.9947872E-02   0.8114887E-03
   0.1012240E-01   0.8391298E-03
   0.1029692E-01   0.8395067E-03
   0.1047144E-01   0.8118833E-03
   0.1064597E-01   0.8105139E-03
   0.1082049E-01   0.7889861E-03
   0.1099502E-01   0.7360007E-03
   0.1116954E-01   0.6755352E-03
   0.1134406E-01   0.6324428E-03
   0.1151859E-01   0.5677798E-03
   0.1169311E-01   0.4979863E-03
   0.1186764E-01   0.4057692E-03
   0.1204216E-01   0.3218395E-03
   0.1221668E-01   0.2379907E-03
   0.1239121E-01   0.1428389E-03
   0.1256573E-01   0.8450181E-04
   0.1274026E-01   0.3197419E-04
   0.1291478E-01  -0.3771723E-04
   0.1308930E-01  -0.8814944E-04
   0.1326383E-01  -0.1107259E-03
   0.1343835E-01  -0.1461411E-03
   0.1361288E-01  -0.1706042E-03
   0.1378740E-01  -0.1957351E-03
   0.1396193E-01  -0.1882852E-03
   0.1413645E-01  -0.2056111E-03
   0.1431097E-01  -0.2251231E-03
   0.1448550E-01  -0.2335190E-03
   0.1466002E-01  -0.2498291E-03
   0.1483455E-01  -0.3030697E-03
   0.1500907E-01  -0.3259075E-03
   0.1518359E-01  -0.3643318E-03
   0.1535812E-01  -0.4255336E-03
   0.1553264E-01  -0.4742955E-03
   0.1570717E-01  -0.5351094E-03
   0.1588169E-01  -0.6165862E-03
   0.1605621E-01  -0.6353451E-03
   0.1623074E-01  -0.7262423E-03
   0.1640526E-01  -0.7603151E-03
   0.1657979E-01  -0.8041487E-03
   0.1675431E-01  -0.8311011E-03
   0.1692883E-01  -0.8364226E-03
   0.1710336E-01  -0.8588825E-03
   0.1727788E-01  -0.8218292E-03
   0.1745241E-01  -0.8277392E-03
   0.1762693E-01  -0.7909401E-03
   0.1780145E-01  -0.7411459E-03
   0.1797598E-01  -0.7205918E-03
   0.1815050E-01  -0.6345443E-03
   0.1832503E-01  -0.5952399E-03
   0.1849955E-01  -0.5373433E-03
   0.1867408E-01  -0.4693280E-03
   0.1884860E-01  -0.4340606E-03
   0.1902312E-01  -0.3888205E-03
   0.1919765E-01  -0.3550837E-03
   0.1937217E-01  -0.3289893E-03
   0.1954670E-01  -0.3131364E-03
   0.1972122E-01  -0.3082886E-03
   0.1989574E-01  -0.3031600E-03
   0.2007027E-01  -0.3093424E-03
   0.2024479E-01  -0.3310987E-03
   0.2041932E-01  -0.3433987E-03
   0.2059384E-01  -0.3472290E-03
   0.2076836E-01  -0.3851525E-03
   0.2094289E-01  -0.4254068E-03
   0.2111741E-01  -0.4290234E-03
   0.2129194E-01  -0.4683806E-03
   0.2146646E-01  -0.5031888E-03
   0.2164098E-01  -0.5062495E-03
   0.2181551E-01  -0.5349420E-03
   0.2199003E-01  -0.5480950E-03
   0.2216456E-01  -0.5707446E-03
   0.2233908E-01  -0.5770682E-03
   0.2251360E-01  -0.5837542E-03
   0.2268813E-01  -0.5835016E-03
   0.2286265E-01  -0.5796308E-03
   0.2303718E-01  -0.5716560E-03
   0.2321170E-01  -0.5619086E-03
   0.2338623E-01  -0.5423622E-03
   0.2356075E-01  -0.5402188E-03
   0.2373527E-01  -0.5182559E-03
   0.2390980E-01  -0.4983725E-03
   0.2408432E-01  -0.4941785E-03
   0.2425884E-01  -0.4556467E-03
   0.2443337E-01  -0.4391657E-03
   0.2460789E-01  -0.3988669E-03
   0.2478242E-01  -0.3746264E-03
   0.2495694E-01  -0.3484948E-03
   0.2513147E-01  -0.2949544E-03
   0.2530599E-01  -0.2873194E-03
   0.2548051E-01  -0.2049549E-03
   0.2565504E-01  -0.1830300E-03
   0.2582956E-01  -0.1190018E-03
   0.2600409E-01  -0.3693406E-04
   0.2617861E-01  -0.3171066E-04
   0.2635313E-01   0.7041064E-04
   0.2652766E-01   0.1294880E-03
   0.2670218E-01   0.1911872E-03
   0.2687671E-01   0.2540619E-03
   0.2705123E-01   0.3219545E-03
   0.2722575E-01   0.4012529E-03
   0.2740028E-01   0.4256534E-03
   0.2757480E-01   0.5142856E-03
   0.2774933E-01   0.5423630E-03
   0.2792385E-01   0.5805944E-03
   0.2809837E-01   0.6496799E-03
   0.2827290E-01   0.6476413E-03
   0.2844742E-01   0.6998671E-03
   0.2862195E-01   0.6896312E-03
   0.2879647E-01   0.7018179E-03
   0.2897099E-01   0.7203219E-03
   0.2914552E-01   0.7044200E-03
   0.2932004E-01   0.7081298E-03
   0.2949457E-01   0.6839653E-03
   0.2966909E-01   0.7038675E-03
   0.2984362E-01   0.6774649E-03
   0.3001814E-01   0.6504171E-03
   0.3019266E-01   0.6716954E-03
   0.3036719E-01   0.6493331E-03
   0.3054171E-01   0.6516858E-03
   0.3071623E-01   0.6655423E-03
   0.3089076E-01   0.6519957E-03
   0.3106528E-01   0.6739095E-03
   0.3123981E-01   0.6949817E-03
   0.3141433E-01   0.6979568E-03
   0.3158886E-01   0.7156497E-03
   0.3176338E-01   0.7587645E-03
   0.3193790E-01   0.7695573E-03
   0.3211243E-01   0.7981325E-03
   0.3228695E-01   0.8314091E-03
   0.3246148E-01   0.8537026E-03
   0.3263600E-01   0.8691769E-03
   0.3281052E-01   0.8921804E-03
   0.3298505E-01   0.9093332E-03
   0.3315957E-01   0.9179009E-03
   0.3333410E-01   0.9286222E-03
   0.3350862E-01   0.9273527E-03
   0.3368314E-01   0.9256204E-03
   0.3385767E-01   0.9063060E-03
   0.3403219E-01   0.8830233E-03
   0.3420672E-01   0.8610838E-03
   0.3438124E-01   0.8096404E-03
   0.3455576E-01   0.7753721E-03
   0.3473029E-01   0.7342861E-03
   0.3490481E-01   0.6805180E-03
