        4.80        3.90
NULL
$r$
radial profile
0 0 0
0
   0.1100000E+31  -0.1100000E+31    5
   0.1100000E+31  -0.1100000E+31    5
    0
CURVE
      51
NULL
black_solid
NULL
    0.000000        0.000000    
   0.6980962E-03   0.1650292E-02
   0.1396192E-02   0.9135433E-02
   0.2094289E-02   0.1432389E-01
   0.2792385E-02   0.1769426E-01
   0.3490481E-02   0.1902848E-01
   0.4188578E-02   0.1926317E-01
   0.4886674E-02   0.1899695E-01
   0.5584770E-02   0.1860087E-01
   0.6282866E-02   0.1790727E-01
   0.6980963E-02   0.1728725E-01
   0.7679059E-02   0.1661962E-01
   0.8377155E-02   0.1598999E-01
   0.9075251E-02   0.1562497E-01
   0.9773348E-02   0.1571577E-01
   0.1047144E-01   0.1587147E-01
   0.1116954E-01   0.1614854E-01
   0.1186764E-01   0.1628750E-01
   0.1256573E-01   0.1635263E-01
   0.1326383E-01   0.1624918E-01
   0.1396193E-01   0.1605811E-01
   0.1466002E-01   0.1587566E-01
   0.1535812E-01   0.1569845E-01
   0.1605621E-01   0.1548648E-01
   0.1675431E-01   0.1520239E-01
   0.1745241E-01   0.1488703E-01
   0.1815050E-01   0.1451490E-01
   0.1884860E-01   0.1416059E-01
   0.1954670E-01   0.1386829E-01
   0.2024479E-01   0.1372637E-01
   0.2094289E-01   0.1366169E-01
   0.2164098E-01   0.1353035E-01
   0.2233908E-01   0.1332528E-01
   0.2303718E-01   0.1316395E-01
   0.2373527E-01   0.1305526E-01
   0.2443337E-01   0.1298017E-01
   0.2513147E-01   0.1296103E-01
   0.2582956E-01   0.1293280E-01
   0.2652766E-01   0.1287998E-01
   0.2722575E-01   0.1280875E-01
   0.2792385E-01   0.1270833E-01
   0.2862195E-01   0.1259794E-01
   0.2932004E-01   0.1248104E-01
   0.3001814E-01   0.1239313E-01
   0.3071623E-01   0.1231589E-01
   0.3141433E-01   0.1232095E-01
   0.3211243E-01   0.1235919E-01
   0.3281052E-01   0.1243070E-01
   0.3350862E-01   0.1245207E-01
   0.3420672E-01   0.1237155E-01
   0.3490481E-01   0.1219845E-01
