        4.80        3.90
NULL
$r$
radial profile
0 0 0
0
   0.1100000E+31  -0.1100000E+31    5
   0.1100000E+31  -0.1100000E+31    5
    0
CURVE
      51
NULL
black_solid
NULL
    0.000000        0.000000    
   0.6980962E-03   0.4588627E-02
   0.1396192E-02  -0.2249640E-03
   0.2094289E-02   0.1286358E-03
   0.2792385E-02  -0.2616595E-03
   0.3490481E-02   0.2648825E-03
   0.4188578E-02   0.5794048E-03
   0.4886674E-02   0.6691712E-03
   0.5584770E-02   0.7859527E-03
   0.6282866E-02   0.7526603E-03
   0.6980963E-02   0.8631956E-03
   0.7679059E-02   0.1120369E-02
   0.8377155E-02   0.1405374E-02
   0.9075251E-02   0.1663252E-02
   0.9773348E-02   0.1676723E-02
   0.1047144E-01   0.1561610E-02
   0.1116954E-01   0.1395029E-02
   0.1186764E-01   0.1140694E-02
   0.1256573E-01   0.9900054E-03
   0.1326383E-01   0.8681717E-03
   0.1396193E-01   0.7035447E-03
   0.1466002E-01   0.5153056E-03
   0.1535812E-01   0.3836886E-03
   0.1605621E-01   0.3400823E-03
   0.1675431E-01   0.3795126E-03
   0.1745241E-01   0.5428867E-03
   0.1815050E-01   0.6832312E-03
   0.1884860E-01   0.8464097E-03
   0.1954670E-01   0.8592911E-03
   0.2024479E-01   0.8617986E-03
   0.2094289E-01   0.7748111E-03
   0.2164098E-01   0.7233350E-03
   0.2233908E-01   0.6519126E-03
   0.2303718E-01   0.6471970E-03
   0.2373527E-01   0.8275536E-03
   0.2443337E-01   0.1035852E-02
   0.2513147E-01   0.1308434E-02
   0.2582956E-01   0.1478115E-02
   0.2652766E-01   0.1447068E-02
   0.2722575E-01   0.1210806E-02
   0.2792385E-01   0.8736843E-03
   0.2862195E-01   0.5341351E-03
   0.2932004E-01   0.2876771E-03
   0.3001814E-01   0.1881471E-03
   0.3071623E-01   0.1841835E-03
   0.3141433E-01   0.2299416E-03
   0.3211243E-01   0.2748173E-03
   0.3281052E-01   0.1772311E-03
   0.3350862E-01   0.1040379E-04
   0.3420672E-01  -0.2067725E-03
   0.3490481E-01  -0.4490284E-03
