        4.80        3.90
NULL
$r$
radial profile
0 0 0
0
   0.1100000E+31  -0.1100000E+31    5
   0.1100000E+31  -0.1100000E+31    5
    0
CURVE
     201
NULL
black_solid
NULL
    0.000000        0.000000    
   0.1745241E-03   0.3305587E-06
   0.3490481E-03   0.3406168E-04
   0.5235722E-03   0.4789749E-04
   0.6980962E-03   0.9772855E-04
   0.8726203E-03   0.1571974E-03
   0.1047144E-02   0.1709946E-03
   0.1221668E-02   0.2879612E-03
   0.1396192E-02   0.3563353E-03
   0.1570717E-02   0.3540733E-03
   0.1745241E-02   0.4264593E-03
   0.1919765E-02   0.5261143E-03
   0.2094289E-02   0.5317975E-03
   0.2268813E-02   0.5207593E-03
   0.2443337E-02   0.6130974E-03
   0.2617861E-02   0.5757277E-03
   0.2792385E-02   0.5712111E-03
   0.2966909E-02   0.5329325E-03
   0.3141433E-02   0.4890463E-03
   0.3315957E-02   0.4466384E-03
   0.3490481E-02   0.3142957E-03
   0.3665005E-02   0.2357941E-03
   0.3839529E-02   0.1373628E-03
   0.4014053E-02   0.1600317E-04
   0.4188578E-02  -0.1011616E-03
   0.4363101E-02  -0.2025178E-03
   0.4537626E-02  -0.3202331E-03
   0.4712150E-02  -0.4041668E-03
   0.4886674E-02  -0.4781757E-03
   0.5061198E-02  -0.5670527E-03
   0.5235722E-02  -0.6064438E-03
   0.5410246E-02  -0.6454854E-03
   0.5584770E-02  -0.6650669E-03
   0.5759294E-02  -0.6547163E-03
   0.5933818E-02  -0.6856725E-03
   0.6108342E-02  -0.6598166E-03
   0.6282866E-02  -0.6139925E-03
   0.6457390E-02  -0.6057346E-03
   0.6631915E-02  -0.5906781E-03
   0.6806438E-02  -0.5474774E-03
   0.6980963E-02  -0.5170261E-03
   0.7155487E-02  -0.5018507E-03
   0.7330011E-02  -0.4344058E-03
   0.7504535E-02  -0.4097311E-03
   0.7679059E-02  -0.3875912E-03
   0.7853583E-02  -0.3399391E-03
   0.8028107E-02  -0.2472996E-03
   0.8202631E-02  -0.2326878E-03
   0.8377155E-02  -0.1626904E-03
   0.8551680E-02  -0.9074619E-04
   0.8726203E-02  -0.6544939E-04
   0.8900727E-02  -0.9538454E-07
   0.9075251E-02   0.4156326E-04
   0.9249776E-02   0.9406476E-04
   0.9424300E-02   0.1542099E-03
   0.9598823E-02   0.1843612E-03
   0.9773348E-02   0.2301686E-03
   0.9947872E-02   0.2420088E-03
   0.1012240E-01   0.2640874E-03
   0.1029692E-01   0.2631321E-03
   0.1047144E-01   0.3017335E-03
   0.1064597E-01   0.2816926E-03
   0.1082049E-01   0.2494985E-03
   0.1099502E-01   0.2232460E-03
   0.1116954E-01   0.1745851E-03
   0.1134406E-01   0.1269491E-03
   0.1151859E-01   0.6945115E-04
   0.1169311E-01   0.9304895E-05
   0.1186764E-01  -0.6197156E-04
   0.1204216E-01  -0.1028230E-03
   0.1221668E-01  -0.1599281E-03
   0.1239121E-01  -0.2132243E-03
   0.1256573E-01  -0.2417253E-03
   0.1274026E-01  -0.3110025E-03
   0.1291478E-01  -0.3521448E-03
   0.1308930E-01  -0.3640827E-03
   0.1326383E-01  -0.3988707E-03
   0.1343835E-01  -0.4208403E-03
   0.1361288E-01  -0.4145170E-03
   0.1378740E-01  -0.4342397E-03
   0.1396193E-01  -0.4108719E-03
   0.1413645E-01  -0.4128311E-03
   0.1431097E-01  -0.4083154E-03
   0.1448550E-01  -0.3968225E-03
   0.1466002E-01  -0.3764353E-03
   0.1483455E-01  -0.3507807E-03
   0.1500907E-01  -0.3263750E-03
   0.1518359E-01  -0.3002572E-03
   0.1535812E-01  -0.2749594E-03
   0.1553264E-01  -0.2425838E-03
   0.1570717E-01  -0.1907518E-03
   0.1588169E-01  -0.1425846E-03
   0.1605621E-01  -0.1112928E-03
   0.1623074E-01  -0.5750114E-04
   0.1640526E-01  -0.2102460E-04
   0.1657979E-01   0.2333087E-04
   0.1675431E-01   0.9071816E-04
   0.1692883E-01   0.1489004E-03
   0.1710336E-01   0.2232651E-03
   0.1727788E-01   0.2902765E-03
   0.1745241E-01   0.3570727E-03
   0.1762693E-01   0.4170087E-03
   0.1780145E-01   0.4939395E-03
   0.1797598E-01   0.5579009E-03
   0.1815050E-01   0.6353010E-03
   0.1832503E-01   0.6887628E-03
   0.1849955E-01   0.7492201E-03
   0.1867408E-01   0.7935899E-03
   0.1884860E-01   0.8224683E-03
   0.1902312E-01   0.8316698E-03
   0.1919765E-01   0.8449842E-03
   0.1937217E-01   0.8217572E-03
   0.1954670E-01   0.7901569E-03
   0.1972122E-01   0.7605927E-03
   0.1989574E-01   0.7047671E-03
   0.2007027E-01   0.6438395E-03
   0.2024479E-01   0.5573230E-03
   0.2041932E-01   0.4675790E-03
   0.2059384E-01   0.3771434E-03
   0.2076836E-01   0.2795554E-03
   0.2094289E-01   0.1683375E-03
   0.2111741E-01   0.7050471E-04
   0.2129194E-01  -0.5048567E-04
   0.2146646E-01  -0.1497391E-03
   0.2164098E-01  -0.2515362E-03
   0.2181551E-01  -0.3577664E-03
   0.2199003E-01  -0.4424965E-03
   0.2216456E-01  -0.5110503E-03
   0.2233908E-01  -0.5888391E-03
   0.2251360E-01  -0.6377586E-03
   0.2268813E-01  -0.7058301E-03
   0.2286265E-01  -0.7427135E-03
   0.2303718E-01  -0.7728799E-03
   0.2321170E-01  -0.8281218E-03
   0.2338623E-01  -0.8436522E-03
   0.2356075E-01  -0.8669574E-03
   0.2373527E-01  -0.9043625E-03
   0.2390980E-01  -0.9162682E-03
   0.2408432E-01  -0.9278522E-03
   0.2425884E-01  -0.9571260E-03
   0.2443337E-01  -0.9735115E-03
   0.2460789E-01  -0.9886160E-03
   0.2478242E-01  -0.1016462E-02
   0.2495694E-01  -0.1022345E-02
   0.2513147E-01  -0.1058858E-02
   0.2530599E-01  -0.1076950E-02
   0.2548051E-01  -0.1097504E-02
   0.2565504E-01  -0.1129203E-02
   0.2582956E-01  -0.1138754E-02
   0.2600409E-01  -0.1137598E-02
   0.2617861E-01  -0.1146117E-02
   0.2635313E-01  -0.1145941E-02
   0.2652766E-01  -0.1133702E-02
   0.2670218E-01  -0.1124043E-02
   0.2687671E-01  -0.1108017E-02
   0.2705123E-01  -0.1073606E-02
   0.2722575E-01  -0.1036692E-02
   0.2740028E-01  -0.1004927E-02
   0.2757480E-01  -0.9682379E-03
   0.2774933E-01  -0.9271997E-03
   0.2792385E-01  -0.8755251E-03
   0.2809837E-01  -0.8327047E-03
   0.2827290E-01  -0.7830200E-03
   0.2844742E-01  -0.7338806E-03
   0.2862195E-01  -0.6904092E-03
   0.2879647E-01  -0.6396635E-03
   0.2897099E-01  -0.5839837E-03
   0.2914552E-01  -0.5564348E-03
   0.2932004E-01  -0.5086926E-03
   0.2949457E-01  -0.4667173E-03
   0.2966909E-01  -0.4397468E-03
   0.2984362E-01  -0.3901438E-03
   0.3001814E-01  -0.3617243E-03
   0.3019266E-01  -0.3320700E-03
   0.3036719E-01  -0.2819586E-03
   0.3054171E-01  -0.2596641E-03
   0.3071623E-01  -0.2222465E-03
   0.3089076E-01  -0.1889759E-03
   0.3106528E-01  -0.1529154E-03
   0.3123981E-01  -0.1292696E-03
   0.3141433E-01  -0.1038417E-03
   0.3158886E-01  -0.6184583E-04
   0.3176338E-01  -0.2928642E-04
   0.3193790E-01   0.3378020E-05
   0.3211243E-01   0.5810686E-04
   0.3228695E-01   0.9487930E-04
   0.3246148E-01   0.1240164E-03
   0.3263600E-01   0.1995014E-03
   0.3281052E-01   0.2474600E-03
   0.3298505E-01   0.2818037E-03
   0.3315957E-01   0.3582348E-03
   0.3333410E-01   0.4168175E-03
   0.3350862E-01   0.4566971E-03
   0.3368314E-01   0.5306089E-03
   0.3385767E-01   0.5676819E-03
   0.3403219E-01   0.6197946E-03
   0.3420672E-01   0.6821646E-03
   0.3438124E-01   0.7105903E-03
   0.3455576E-01   0.7434372E-03
   0.3473029E-01   0.7806313E-03
   0.3490481E-01   0.7946575E-03
