        4.80        3.90
NULL
$r$
radial profile
0 0 0
0
   0.1100000E+31  -0.1100000E+31    5
   0.1100000E+31  -0.1100000E+31    5
    0
CURVE
     201
NULL
black_solid
NULL
    0.000000        0.000000    
   0.1745241E-03   0.2440357E-05
   0.3490481E-03   0.4349448E-02
   0.5235722E-03   0.6382718E-02
   0.6980962E-03   0.8275856E-02
   0.8726203E-03   0.1690128E-01
   0.1047144E-02   0.2247567E-01
   0.1221668E-02   0.2728834E-01
   0.1396192E-02   0.3746307E-01
   0.1570717E-02   0.4449815E-01
   0.1745241E-02   0.5197508E-01
   0.1919765E-02   0.6157933E-01
   0.2094289E-02   0.6830466E-01
   0.2268813E-02   0.7671585E-01
   0.2443337E-02   0.8494526E-01
   0.2617861E-02   0.9053560E-01
   0.2792385E-02   0.9795962E-01
   0.2966909E-02   0.1042181    
   0.3141433E-02   0.1085832    
   0.3315957E-02   0.1142270    
   0.3490481E-02   0.1185558    
   0.3665005E-02   0.1215683    
   0.3839529E-02   0.1251924    
   0.4014053E-02   0.1278394    
   0.4188578E-02   0.1297108    
   0.4363101E-02   0.1316544    
   0.4537626E-02   0.1329537    
   0.4712150E-02   0.1338466    
   0.4886674E-02   0.1346495    
   0.5061198E-02   0.1350334    
   0.5235722E-02   0.1350417    
   0.5410246E-02   0.1350276    
   0.5584770E-02   0.1348119    
   0.5759294E-02   0.1343879    
   0.5933818E-02   0.1337340    
   0.6108342E-02   0.1331441    
   0.6282866E-02   0.1323690    
   0.6457390E-02   0.1314887    
   0.6631915E-02   0.1305594    
   0.6806438E-02   0.1294563    
   0.6980963E-02   0.1284276    
   0.7155487E-02   0.1274694    
   0.7330011E-02   0.1261684    
   0.7504535E-02   0.1249885    
   0.7679059E-02   0.1239131    
   0.7853583E-02   0.1226576    
   0.8028107E-02   0.1215397    
   0.8202631E-02   0.1202863    
   0.8377155E-02   0.1190720    
   0.8551680E-02   0.1180189    
   0.8726203E-02   0.1168758    
   0.8900727E-02   0.1156247    
   0.9075251E-02   0.1146298    
   0.9249776E-02   0.1136112    
   0.9424300E-02   0.1125684    
   0.9598823E-02   0.1115151    
   0.9773348E-02   0.1105397    
   0.9947872E-02   0.1095980    
   0.1012240E-01   0.1087214    
   0.1029692E-01   0.1077110    
   0.1047144E-01   0.1067531    
   0.1064597E-01   0.1059567    
   0.1082049E-01   0.1049896    
   0.1099502E-01   0.1041057    
   0.1116954E-01   0.1032225    
   0.1134406E-01   0.1022686    
   0.1151859E-01   0.1014340    
   0.1169311E-01   0.1005422    
   0.1186764E-01   0.9944028E-01
   0.1204216E-01   0.9867415E-01
   0.1221668E-01   0.9775145E-01
   0.1239121E-01   0.9677808E-01
   0.1256573E-01   0.9591001E-01
   0.1274026E-01   0.9495735E-01
   0.1291478E-01   0.9402986E-01
   0.1308930E-01   0.9321511E-01
   0.1326383E-01   0.9222007E-01
   0.1343835E-01   0.9131563E-01
   0.1361288E-01   0.9050332E-01
   0.1378740E-01   0.8959187E-01
   0.1396193E-01   0.8870705E-01
   0.1413645E-01   0.8783282E-01
   0.1431097E-01   0.8696504E-01
   0.1448550E-01   0.8612866E-01
   0.1466002E-01   0.8538243E-01
   0.1483455E-01   0.8442989E-01
   0.1500907E-01   0.8366254E-01
   0.1518359E-01   0.8292546E-01
   0.1535812E-01   0.8207417E-01
   0.1553264E-01   0.8128750E-01
   0.1570717E-01   0.8056043E-01
   0.1588169E-01   0.7976230E-01
   0.1605621E-01   0.7907782E-01
   0.1623074E-01   0.7827567E-01
   0.1640526E-01   0.7751437E-01
   0.1657979E-01   0.7686934E-01
   0.1675431E-01   0.7610673E-01
   0.1692883E-01   0.7539767E-01
   0.1710336E-01   0.7471599E-01
   0.1727788E-01   0.7399525E-01
   0.1745241E-01   0.7335322E-01
   0.1762693E-01   0.7271890E-01
   0.1780145E-01   0.7199519E-01
   0.1797598E-01   0.7140984E-01
   0.1815050E-01   0.7079444E-01
   0.1832503E-01   0.7017896E-01
   0.1849955E-01   0.6958523E-01
   0.1867408E-01   0.6903543E-01
   0.1884860E-01   0.6849214E-01
   0.1902312E-01   0.6798209E-01
   0.1919765E-01   0.6744859E-01
   0.1937217E-01   0.6691755E-01
   0.1954670E-01   0.6647828E-01
   0.1972122E-01   0.6601144E-01
   0.1989574E-01   0.6551796E-01
   0.2007027E-01   0.6505676E-01
   0.2024479E-01   0.6459998E-01
   0.2041932E-01   0.6414282E-01
   0.2059384E-01   0.6368434E-01
   0.2076836E-01   0.6319661E-01
   0.2094289E-01   0.6278322E-01
   0.2111741E-01   0.6234134E-01
   0.2129194E-01   0.6186775E-01
   0.2146646E-01   0.6139527E-01
   0.2164098E-01   0.6096762E-01
   0.2181551E-01   0.6049120E-01
   0.2199003E-01   0.6009357E-01
   0.2216456E-01   0.5963411E-01
   0.2233908E-01   0.5918334E-01
   0.2251360E-01   0.5877945E-01
   0.2268813E-01   0.5835981E-01
   0.2286265E-01   0.5792997E-01
   0.2303718E-01   0.5752370E-01
   0.2321170E-01   0.5714972E-01
   0.2338623E-01   0.5674650E-01
   0.2356075E-01   0.5636580E-01
   0.2373527E-01   0.5597290E-01
   0.2390980E-01   0.5560559E-01
   0.2408432E-01   0.5523519E-01
   0.2425884E-01   0.5486535E-01
   0.2443337E-01   0.5447476E-01
   0.2460789E-01   0.5411522E-01
   0.2478242E-01   0.5373133E-01
   0.2495694E-01   0.5337177E-01
   0.2513147E-01   0.5299310E-01
   0.2530599E-01   0.5262455E-01
   0.2548051E-01   0.5227461E-01
   0.2565504E-01   0.5191023E-01
   0.2582956E-01   0.5153245E-01
   0.2600409E-01   0.5117754E-01
   0.2617861E-01   0.5083908E-01
   0.2635313E-01   0.5048114E-01
   0.2652766E-01   0.5017457E-01
   0.2670218E-01   0.4982164E-01
   0.2687671E-01   0.4950238E-01
   0.2705123E-01   0.4922537E-01
   0.2722575E-01   0.4891698E-01
   0.2740028E-01   0.4862694E-01
   0.2757480E-01   0.4839069E-01
   0.2774933E-01   0.4811656E-01
   0.2792385E-01   0.4788971E-01
   0.2809837E-01   0.4764810E-01
   0.2827290E-01   0.4740701E-01
   0.2844742E-01   0.4718670E-01
   0.2862195E-01   0.4696173E-01
   0.2879647E-01   0.4673049E-01
   0.2897099E-01   0.4651266E-01
   0.2914552E-01   0.4629998E-01
   0.2932004E-01   0.4609143E-01
   0.2949457E-01   0.4585627E-01
   0.2966909E-01   0.4562056E-01
   0.2984362E-01   0.4539734E-01
   0.3001814E-01   0.4517648E-01
   0.3019266E-01   0.4495340E-01
   0.3036719E-01   0.4471439E-01
   0.3054171E-01   0.4450557E-01
   0.3071623E-01   0.4429419E-01
   0.3089076E-01   0.4406884E-01
   0.3106528E-01   0.4387783E-01
   0.3123981E-01   0.4367348E-01
   0.3141433E-01   0.4348321E-01
   0.3158886E-01   0.4331750E-01
   0.3176338E-01   0.4310013E-01
   0.3193790E-01   0.4293868E-01
   0.3211243E-01   0.4278136E-01
   0.3228695E-01   0.4260872E-01
   0.3246148E-01   0.4246898E-01
   0.3263600E-01   0.4230186E-01
   0.3281052E-01   0.4214236E-01
   0.3298505E-01   0.4201160E-01
   0.3315957E-01   0.4186551E-01
   0.3333410E-01   0.4169663E-01
   0.3350862E-01   0.4155591E-01
   0.3368314E-01   0.4140821E-01
   0.3385767E-01   0.4124871E-01
   0.3403219E-01   0.4108780E-01
   0.3420672E-01   0.4095009E-01
   0.3438124E-01   0.4077627E-01
   0.3455576E-01   0.4062670E-01
   0.3473029E-01   0.4046246E-01
   0.3490481E-01   0.4028760E-01
