        4.80        3.90
NULL
$r$
radial profile
0 0 0
0
   0.1100000E+31  -0.1100000E+31    5
   0.1100000E+31  -0.1100000E+31    5
    0
CURVE
     201
NULL
black_solid
NULL
    0.000000       0.6803166    
   0.1745241E-03   0.6800497    
   0.3490481E-03   0.6747807    
   0.5235722E-03   0.6723125    
   0.6980962E-03   0.6696989    
   0.8726203E-03   0.6611336    
   0.1047144E-02   0.6551191    
   0.1221668E-02   0.6496295    
   0.1396192E-02   0.6397536    
   0.1570717E-02   0.6328195    
   0.1745241E-02   0.6253713    
   0.1919765E-02   0.6163980    
   0.2094289E-02   0.6101732    
   0.2268813E-02   0.6028269    
   0.2443337E-02   0.5958573    
   0.2617861E-02   0.5910712    
   0.2792385E-02   0.5853550    
   0.2966909E-02   0.5805455    
   0.3141433E-02   0.5771714    
   0.3315957E-02   0.5731848    
   0.3490481E-02   0.5701275    
   0.3665005E-02   0.5679126    
   0.3839529E-02   0.5653007    
   0.4014053E-02   0.5633181    
   0.4188578E-02   0.5618319    
   0.4363101E-02   0.5600174    
   0.4537626E-02   0.5586865    
   0.4712150E-02   0.5575021    
   0.4886674E-02   0.5561411    
   0.5061198E-02   0.5551168    
   0.5235722E-02   0.5540842    
   0.5410246E-02   0.5529215    
   0.5584770E-02   0.5520723    
   0.5759294E-02   0.5511403    
   0.5933818E-02   0.5501304    
   0.6108342E-02   0.5493728    
   0.6282866E-02   0.5484888    
   0.6457390E-02   0.5476136    
   0.6631915E-02   0.5469468    
   0.6806438E-02   0.5461076    
   0.6980963E-02   0.5453395    
   0.7155487E-02   0.5447177    
   0.7330011E-02   0.5439972    
   0.7504535E-02   0.5433287    
   0.7679059E-02   0.5427322    
   0.7853583E-02   0.5420877    
   0.8028107E-02   0.5414873    
   0.8202631E-02   0.5409117    
   0.8377155E-02   0.5402839    
   0.8551680E-02   0.5397795    
   0.8726203E-02   0.5392112    
   0.8900727E-02   0.5386155    
   0.9075251E-02   0.5381266    
   0.9249776E-02   0.5375766    
   0.9424300E-02   0.5370284    
   0.9598823E-02   0.5365443    
   0.9773348E-02   0.5359953    
   0.9947872E-02   0.5355141    
   0.1012240E-01   0.5350757    
   0.1029692E-01   0.5345446    
   0.1047144E-01   0.5341189    
   0.1064597E-01   0.5337210    
   0.1082049E-01   0.5332554    
   0.1099502E-01   0.5328886    
   0.1116954E-01   0.5325396    
   0.1134406E-01   0.5321638    
   0.1151859E-01   0.5318076    
   0.1169311E-01   0.5315115    
   0.1186764E-01   0.5312037    
   0.1204216E-01   0.5308942    
   0.1221668E-01   0.5306409    
   0.1239121E-01   0.5303407    
   0.1256573E-01   0.5300566    
   0.1274026E-01   0.5297864    
   0.1291478E-01   0.5295027    
   0.1308930E-01   0.5292084    
   0.1326383E-01   0.5289470    
   0.1343835E-01   0.5286536    
   0.1361288E-01   0.5283464    
   0.1378740E-01   0.5280387    
   0.1396193E-01   0.5277184    
   0.1413645E-01   0.5274087    
   0.1431097E-01   0.5270696    
   0.1448550E-01   0.5267586    
   0.1466002E-01   0.5264347    
   0.1483455E-01   0.5261173    
   0.1500907E-01   0.5257929    
   0.1518359E-01   0.5254719    
   0.1535812E-01   0.5251480    
   0.1553264E-01   0.5248140    
   0.1570717E-01   0.5244734    
   0.1588169E-01   0.5241410    
   0.1605621E-01   0.5237659    
   0.1623074E-01   0.5234163    
   0.1640526E-01   0.5230448    
   0.1657979E-01   0.5226600    
   0.1675431E-01   0.5222740    
   0.1692883E-01   0.5218856    
   0.1710336E-01   0.5214897    
   0.1727788E-01   0.5211142    
   0.1745241E-01   0.5207093    
   0.1762693E-01   0.5203443    
   0.1780145E-01   0.5200090    
   0.1797598E-01   0.5196387    
   0.1815050E-01   0.5193774    
   0.1832503E-01   0.5190454    
   0.1849955E-01   0.5187699    
   0.1867408E-01   0.5185184    
   0.1884860E-01   0.5182598    
   0.1902312E-01   0.5180523    
   0.1919765E-01   0.5178272    
   0.1937217E-01   0.5175934    
   0.1954670E-01   0.5173914    
   0.1972122E-01   0.5171571    
   0.1989574E-01   0.5169135    
   0.2007027E-01   0.5167161    
   0.2024479E-01   0.5164617    
   0.2041932E-01   0.5162095    
   0.2059384E-01   0.5159795    
   0.2076836E-01   0.5156780    
   0.2094289E-01   0.5154092    
   0.2111741E-01   0.5151383    
   0.2129194E-01   0.5148192    
   0.2146646E-01   0.5145429    
   0.2164098E-01   0.5142525    
   0.2181551E-01   0.5139283    
   0.2199003E-01   0.5136654    
   0.2216456E-01   0.5133845    
   0.2233908E-01   0.5130904    
   0.2251360E-01   0.5128047    
   0.2268813E-01   0.5125309    
   0.2286265E-01   0.5122524    
   0.2303718E-01   0.5119778    
   0.2321170E-01   0.5117289    
   0.2338623E-01   0.5114530    
   0.2356075E-01   0.5112177    
   0.2373527E-01   0.5109934    
   0.2390980E-01   0.5107542    
   0.2408432E-01   0.5105253    
   0.2425884E-01   0.5103147    
   0.2443337E-01   0.5101249    
   0.2460789E-01   0.5099156    
   0.2478242E-01   0.5097440    
   0.2495694E-01   0.5095921    
   0.2513147E-01   0.5094010    
   0.2530599E-01   0.5092775    
   0.2548051E-01   0.5091258    
   0.2565504E-01   0.5089954    
   0.2582956E-01   0.5088404    
   0.2600409E-01   0.5087200    
   0.2617861E-01   0.5086192    
   0.2635313E-01   0.5084451    
   0.2652766E-01   0.5083654    
   0.2670218E-01   0.5082202    
   0.2687671E-01   0.5081019    
   0.2705123E-01   0.5080127    
   0.2722575E-01   0.5078704    
   0.2740028E-01   0.5078076    
   0.2757480E-01   0.5076869    
   0.2774933E-01   0.5075814    
   0.2792385E-01   0.5075102    
   0.2809837E-01   0.5073939    
   0.2827290E-01   0.5073289    
   0.2844742E-01   0.5072273    
   0.2862195E-01   0.5071732    
   0.2879647E-01   0.5070809    
   0.2897099E-01   0.5069635    
   0.2914552E-01   0.5069236    
   0.2932004E-01   0.5068051    
   0.2949457E-01   0.5067117    
   0.2966909E-01   0.5066257    
   0.2984362E-01   0.5065061    
   0.3001814E-01   0.5063900    
   0.3019266E-01   0.5062728    
   0.3036719E-01   0.5061656    
   0.3054171E-01   0.5060009    
   0.3071623E-01   0.5058823    
   0.3089076E-01   0.5057499    
   0.3106528E-01   0.5056056    
   0.3123981E-01   0.5054982    
   0.3141433E-01   0.5053354    
   0.3158886E-01   0.5051973    
   0.3176338E-01   0.5050765    
   0.3193790E-01   0.5049282    
   0.3211243E-01   0.5048067    
   0.3228695E-01   0.5046828    
   0.3246148E-01   0.5045741    
   0.3263600E-01   0.5044473    
   0.3281052E-01   0.5043512    
   0.3298505E-01   0.5042473    
   0.3315957E-01   0.5041533    
   0.3333410E-01   0.5040668    
   0.3350862E-01   0.5039983    
   0.3368314E-01   0.5039304    
   0.3385767E-01   0.5038523    
   0.3403219E-01   0.5038034    
   0.3420672E-01   0.5037466    
   0.3438124E-01   0.5036765    
   0.3455576E-01   0.5036143    
   0.3473029E-01   0.5035656    
   0.3490481E-01   0.5034916    
