        4.80        3.90
NULL
$r$
radial profile
0 0 0
0
   0.1100000E+31  -0.1100000E+31    5
   0.1100000E+31  -0.1100000E+31    5
    0
CURVE
     201
NULL
black_solid
NULL
    0.000000        0.000000    
   0.1745241E-03   0.5942096E-03
   0.3490481E-03  -0.1817758E-02
   0.5235722E-03   0.2236158E-03
   0.6980962E-03   0.1246864E-02
   0.8726203E-03  -0.4996840E-03
   0.1047144E-02   0.1099233E-04
   0.1221668E-02   0.1153291E-02
   0.1396192E-02   0.1713960E-04
   0.1570717E-02  -0.6614453E-04
   0.1745241E-02  -0.3248080E-04
   0.1919765E-02   0.2420681E-03
   0.2094289E-02   0.2848887E-03
   0.2268813E-02   0.1522631E-04
   0.2443337E-02   0.2799330E-03
   0.2617861E-02   0.4732120E-03
   0.2792385E-02   0.3064264E-03
   0.2966909E-02   0.4337460E-03
   0.3141433E-02   0.5702893E-03
   0.3315957E-02   0.5118556E-03
   0.3490481E-02   0.5578134E-03
   0.3665005E-02   0.6227641E-03
   0.3839529E-02   0.5977384E-03
   0.4014053E-02   0.6318744E-03
   0.4188578E-02   0.6630551E-03
   0.4363101E-02   0.6132207E-03
   0.4537626E-02   0.6371412E-03
   0.4712150E-02   0.6627830E-03
   0.4886674E-02   0.6392670E-03
   0.5061198E-02   0.6632817E-03
   0.5235722E-02   0.6624876E-03
   0.5410246E-02   0.6713492E-03
   0.5584770E-02   0.6956961E-03
   0.5759294E-02   0.6908533E-03
   0.5933818E-02   0.7118901E-03
   0.6108342E-02   0.7453223E-03
   0.6282866E-02   0.7404192E-03
   0.6457390E-02   0.7498806E-03
   0.6631915E-02   0.7680033E-03
   0.6806438E-02   0.7508309E-03
   0.6980963E-02   0.7589632E-03
   0.7155487E-02   0.7769673E-03
   0.7330011E-02   0.7685621E-03
   0.7504535E-02   0.7723361E-03
   0.7679059E-02   0.7893253E-03
   0.7853583E-02   0.7833861E-03
   0.8028107E-02   0.7881265E-03
   0.8202631E-02   0.7866864E-03
   0.8377155E-02   0.7895412E-03
   0.8551680E-02   0.7857447E-03
   0.8726203E-02   0.7707311E-03
   0.8900727E-02   0.7657650E-03
   0.9075251E-02   0.7587062E-03
   0.9249776E-02   0.7338754E-03
   0.9424300E-02   0.7191458E-03
   0.9598823E-02   0.7076661E-03
   0.9773348E-02   0.7137815E-03
   0.9947872E-02   0.7136891E-03
   0.1012240E-01   0.7130862E-03
   0.1029692E-01   0.7014272E-03
   0.1047144E-01   0.7008560E-03
   0.1064597E-01   0.7006730E-03
   0.1082049E-01   0.7024261E-03
   0.1099502E-01   0.7121589E-03
   0.1116954E-01   0.7323382E-03
   0.1134406E-01   0.7267477E-03
   0.1151859E-01   0.7397295E-03
   0.1169311E-01   0.7415409E-03
   0.1186764E-01   0.7360840E-03
   0.1204216E-01   0.7234092E-03
   0.1221668E-01   0.7306873E-03
   0.1239121E-01   0.7214816E-03
   0.1256573E-01   0.7209062E-03
   0.1274026E-01   0.7217441E-03
   0.1291478E-01   0.7193027E-03
   0.1308930E-01   0.7225089E-03
   0.1326383E-01   0.7069650E-03
   0.1343835E-01   0.7060164E-03
   0.1361288E-01   0.7007489E-03
   0.1378740E-01   0.6955875E-03
   0.1396193E-01   0.7054529E-03
   0.1413645E-01   0.7005049E-03
   0.1431097E-01   0.6909118E-03
   0.1448550E-01   0.6783503E-03
   0.1466002E-01   0.6587172E-03
   0.1483455E-01   0.6378225E-03
   0.1500907E-01   0.6133068E-03
   0.1518359E-01   0.5866114E-03
   0.1535812E-01   0.5636665E-03
   0.1553264E-01   0.5366397E-03
   0.1570717E-01   0.4997339E-03
   0.1588169E-01   0.4804012E-03
   0.1605621E-01   0.4440903E-03
   0.1623074E-01   0.4169084E-03
   0.1640526E-01   0.3975049E-03
   0.1657979E-01   0.3770017E-03
   0.1675431E-01   0.3479182E-03
   0.1692883E-01   0.3143047E-03
   0.1710336E-01   0.3023725E-03
   0.1727788E-01   0.2799048E-03
   0.1745241E-01   0.2817487E-03
   0.1762693E-01   0.2790157E-03
   0.1780145E-01   0.2722127E-03
   0.1797598E-01   0.2789019E-03
   0.1815050E-01   0.2738745E-03
   0.1832503E-01   0.2748700E-03
   0.1849955E-01   0.2691176E-03
   0.1867408E-01   0.2561462E-03
   0.1884860E-01   0.2602454E-03
   0.1902312E-01   0.2705386E-03
   0.1919765E-01   0.2786282E-03
   0.1937217E-01   0.2858291E-03
   0.1954670E-01   0.3047342E-03
   0.1972122E-01   0.3185565E-03
   0.1989574E-01   0.3143449E-03
   0.2007027E-01   0.3314901E-03
   0.2024479E-01   0.3384739E-03
   0.2041932E-01   0.3422428E-03
   0.2059384E-01   0.3373399E-03
   0.2076836E-01   0.3232525E-03
   0.2094289E-01   0.3146291E-03
   0.2111741E-01   0.3109981E-03
   0.2129194E-01   0.2992474E-03
   0.2146646E-01   0.2895582E-03
   0.2164098E-01   0.2864613E-03
   0.2181551E-01   0.2804546E-03
   0.2199003E-01   0.2679751E-03
   0.2216456E-01   0.2620685E-03
   0.2233908E-01   0.2450628E-03
   0.2251360E-01   0.2494807E-03
   0.2268813E-01   0.2571224E-03
   0.2286265E-01   0.2568726E-03
   0.2303718E-01   0.2650876E-03
   0.2321170E-01   0.2687314E-03
   0.2338623E-01   0.2778549E-03
   0.2356075E-01   0.2860453E-03
   0.2373527E-01   0.2903625E-03
   0.2390980E-01   0.2966214E-03
   0.2408432E-01   0.2880186E-03
   0.2425884E-01   0.2837227E-03
   0.2443337E-01   0.2922206E-03
   0.2460789E-01   0.2971722E-03
   0.2478242E-01   0.3027202E-03
   0.2495694E-01   0.2989881E-03
   0.2513147E-01   0.3049652E-03
   0.2530599E-01   0.2939808E-03
   0.2548051E-01   0.2823946E-03
   0.2565504E-01   0.2799013E-03
   0.2582956E-01   0.2776422E-03
   0.2600409E-01   0.2647246E-03
   0.2617861E-01   0.2528719E-03
   0.2635313E-01   0.2322970E-03
   0.2652766E-01   0.2220132E-03
   0.2670218E-01   0.2147540E-03
   0.2687671E-01   0.2143583E-03
   0.2705123E-01   0.2072486E-03
   0.2722575E-01   0.2113002E-03
   0.2740028E-01   0.1949200E-03
   0.2757480E-01   0.1860745E-03
   0.2774933E-01   0.1986113E-03
   0.2792385E-01   0.1980581E-03
   0.2809837E-01   0.2017722E-03
   0.2827290E-01   0.2088435E-03
   0.2844742E-01   0.2136480E-03
   0.2862195E-01   0.2203093E-03
   0.2879647E-01   0.2350028E-03
   0.2897099E-01   0.2460851E-03
   0.2914552E-01   0.2554463E-03
   0.2932004E-01   0.2722671E-03
   0.2949457E-01   0.2868651E-03
   0.2966909E-01   0.3025560E-03
   0.2984362E-01   0.3258982E-03
   0.3001814E-01   0.3467383E-03
   0.3019266E-01   0.3550976E-03
   0.3036719E-01   0.3657873E-03
   0.3054171E-01   0.3780728E-03
   0.3071623E-01   0.3896263E-03
   0.3089076E-01   0.3967310E-03
   0.3106528E-01   0.4054651E-03
   0.3123981E-01   0.4160412E-03
   0.3141433E-01   0.4130474E-03
   0.3158886E-01   0.4180855E-03
   0.3176338E-01   0.4035153E-03
   0.3193790E-01   0.3951747E-03
   0.3211243E-01   0.3954321E-03
   0.3228695E-01   0.3847521E-03
   0.3246148E-01   0.3809726E-03
   0.3263600E-01   0.3766189E-03
   0.3281052E-01   0.3703163E-03
   0.3298505E-01   0.3629210E-03
   0.3315957E-01   0.3427335E-03
   0.3333410E-01   0.3307447E-03
   0.3350862E-01   0.3195964E-03
   0.3368314E-01   0.3042333E-03
   0.3385767E-01   0.3044880E-03
   0.3403219E-01   0.3019246E-03
   0.3420672E-01   0.2957234E-03
   0.3438124E-01   0.2885641E-03
   0.3455576E-01   0.2760171E-03
   0.3473029E-01   0.2800814E-03
   0.3490481E-01   0.2821143E-03
