        4.80        3.90
NULL
$r$
radial profile
0 0 0
0
   0.1100000E+31  -0.1100000E+31    5
   0.1100000E+31  -0.1100000E+31    5
    0
CURVE
     201
NULL
black_solid
NULL
    0.000000        1.138966    
   0.1745241E-03    1.138486    
   0.3490481E-03    1.129072    
   0.5235722E-03    1.124924    
   0.6980962E-03    1.120588    
   0.8726203E-03    1.106332    
   0.1047144E-02    1.096786    
   0.1221668E-02    1.088545    
   0.1396192E-02    1.074330    
   0.1570717E-02    1.065080    
   0.1745241E-02    1.056139    
   0.1919765E-02    1.045862    
   0.2094289E-02    1.039695    
   0.2268813E-02    1.033313    
   0.2443337E-02    1.027783    
   0.2617861E-02    1.024655    
   0.2792385E-02    1.021539    
   0.2966909E-02    1.019193    
   0.3141433E-02    1.017866    
   0.3315957E-02    1.016447    
   0.3490481E-02    1.015356    
   0.3665005E-02    1.014529    
   0.3839529E-02    1.013374    
   0.4014053E-02    1.012398    
   0.4188578E-02    1.011454    
   0.4363101E-02    1.010212    
   0.4537626E-02    1.009210    
   0.4712150E-02    1.008225    
   0.4886674E-02    1.007128    
   0.5061198E-02    1.006306    
   0.5235722E-02    1.005503    
   0.5410246E-02    1.004671    
   0.5584770E-02    1.004046    
   0.5759294E-02    1.003378    
   0.5933818E-02    1.002674    
   0.6108342E-02    1.002084    
   0.6282866E-02    1.001345    
   0.6457390E-02    1.000615    
   0.6631915E-02   0.9999681    
   0.6806438E-02   0.9991644    
   0.6980963E-02   0.9984604    
   0.7155487E-02   0.9978220    
   0.7330011E-02   0.9971188    
   0.7504535E-02   0.9965287    
   0.7679059E-02   0.9960148    
   0.7853583E-02   0.9954621    
   0.8028107E-02   0.9950098    
   0.8202631E-02   0.9946018    
   0.8377155E-02   0.9941373    
   0.8551680E-02   0.9937510    
   0.8726203E-02   0.9933316    
   0.8900727E-02   0.9928533    
   0.9075251E-02   0.9924529    
   0.9249776E-02   0.9919786    
   0.9424300E-02   0.9915098    
   0.9598823E-02   0.9910893    
   0.9773348E-02   0.9906206    
   0.9947872E-02   0.9902174    
   0.1012240E-01   0.9898566    
   0.1029692E-01   0.9894822    
   0.1047144E-01   0.9891492    
   0.1064597E-01   0.9888561    
   0.1082049E-01   0.9885406    
   0.1099502E-01   0.9882383    
   0.1116954E-01   0.9879662    
   0.1134406E-01   0.9876323    
   0.1151859E-01   0.9873310    
   0.1169311E-01   0.9870161    
   0.1186764E-01   0.9866623    
   0.1204216E-01   0.9863631    
   0.1221668E-01   0.9860459    
   0.1239121E-01   0.9857357    
   0.1256573E-01   0.9854695    
   0.1274026E-01   0.9851947    
   0.1291478E-01   0.9849541    
   0.1308930E-01   0.9847321    
   0.1326383E-01   0.9845145    
   0.1343835E-01   0.9842978    
   0.1361288E-01   0.9840982    
   0.1378740E-01   0.9838745    
   0.1396193E-01   0.9836472    
   0.1413645E-01   0.9834472    
   0.1431097E-01   0.9831959    
   0.1448550E-01   0.9829589    
   0.1466002E-01   0.9827297    
   0.1483455E-01   0.9824691    
   0.1500907E-01   0.9822533    
   0.1518359E-01   0.9820398    
   0.1535812E-01   0.9818274    
   0.1553264E-01   0.9816468    
   0.1570717E-01   0.9814690    
   0.1588169E-01   0.9812917    
   0.1605621E-01   0.9811278    
   0.1623074E-01   0.9809610    
   0.1640526E-01   0.9807760    
   0.1657979E-01   0.9806023    
   0.1675431E-01   0.9804126    
   0.1692883E-01   0.9802198    
   0.1710336E-01   0.9800337    
   0.1727788E-01   0.9798391    
   0.1745241E-01   0.9796528    
   0.1762693E-01   0.9794732    
   0.1780145E-01   0.9792939    
   0.1797598E-01   0.9791287    
   0.1815050E-01   0.9789732    
   0.1832503E-01   0.9788207    
   0.1849955E-01   0.9786755    
   0.1867408E-01   0.9785374    
   0.1884860E-01   0.9783967    
   0.1902312E-01   0.9782512    
   0.1919765E-01   0.9780931    
   0.1937217E-01   0.9779321    
   0.1954670E-01   0.9777745    
   0.1972122E-01   0.9776039    
   0.1989574E-01   0.9774455    
   0.2007027E-01   0.9773092    
   0.2024479E-01   0.9771584    
   0.2041932E-01   0.9770243    
   0.2059384E-01   0.9769112    
   0.2076836E-01   0.9767917    
   0.2094289E-01   0.9766876    
   0.2111741E-01   0.9765888    
   0.2129194E-01   0.9764841    
   0.2146646E-01   0.9763882    
   0.2164098E-01   0.9762748    
   0.2181551E-01   0.9761457    
   0.2199003E-01   0.9760191    
   0.2216456E-01   0.9758836    
   0.2233908E-01   0.9757401    
   0.2251360E-01   0.9756101    
   0.2268813E-01   0.9754765    
   0.2286265E-01   0.9753520    
   0.2303718E-01   0.9752455    
   0.2321170E-01   0.9751351    
   0.2338623E-01   0.9750313    
   0.2356075E-01   0.9749432    
   0.2373527E-01   0.9748374    
   0.2390980E-01   0.9747309    
   0.2408432E-01   0.9746289    
   0.2425884E-01   0.9745284    
   0.2443337E-01   0.9744190    
   0.2460789E-01   0.9743187    
   0.2478242E-01   0.9742187    
   0.2495694E-01   0.9741148    
   0.2513147E-01   0.9740209    
   0.2530599E-01   0.9739267    
   0.2548051E-01   0.9738439    
   0.2565504E-01   0.9737540    
   0.2582956E-01   0.9736651    
   0.2600409E-01   0.9735999    
   0.2617861E-01   0.9735369    
   0.2635313E-01   0.9734847    
   0.2652766E-01   0.9734270    
   0.2670218E-01   0.9733664    
   0.2687671E-01   0.9732932    
   0.2705123E-01   0.9732289    
   0.2722575E-01   0.9731625    
   0.2740028E-01   0.9730844    
   0.2757480E-01   0.9730037    
   0.2774933E-01   0.9729265    
   0.2792385E-01   0.9728526    
   0.2809837E-01   0.9727800    
   0.2827290E-01   0.9727150    
   0.2844742E-01   0.9726585    
   0.2862195E-01   0.9726033    
   0.2879647E-01   0.9725471    
   0.2897099E-01   0.9724984    
   0.2914552E-01   0.9724331    
   0.2932004E-01   0.9723675    
   0.2949457E-01   0.9722928    
   0.2966909E-01   0.9722080    
   0.2984362E-01   0.9721269    
   0.3001814E-01   0.9720538    
   0.3019266E-01   0.9719877    
   0.3036719E-01   0.9719164    
   0.3054171E-01   0.9718605    
   0.3071623E-01   0.9718019    
   0.3089076E-01   0.9717504    
   0.3106528E-01   0.9717023    
   0.3123981E-01   0.9716463    
   0.3141433E-01   0.9716012    
   0.3158886E-01   0.9715512    
   0.3176338E-01   0.9715061    
   0.3193790E-01   0.9714593    
   0.3211243E-01   0.9714087    
   0.3228695E-01   0.9713589    
   0.3246148E-01   0.9712941    
   0.3263600E-01   0.9712381    
   0.3281052E-01   0.9711910    
   0.3298505E-01   0.9711412    
   0.3315957E-01   0.9710932    
   0.3333410E-01   0.9710509    
   0.3350862E-01   0.9710088    
   0.3368314E-01   0.9709688    
   0.3385767E-01   0.9709412    
   0.3403219E-01   0.9709116    
   0.3420672E-01   0.9708818    
   0.3438124E-01   0.9708394    
   0.3455576E-01   0.9707963    
   0.3473029E-01   0.9707472    
   0.3490481E-01   0.9706931    
