   0.00000E+00   0.59459E+00
   0.17452E-03   0.59443E+00
   0.34905E-03   0.59071E+00
   0.52357E-03   0.58899E+00
   0.69810E-03   0.58722E+00
   0.87262E-03   0.58121E+00
   0.10471E-02   0.57705E+00
   0.12217E-02   0.57336E+00
   0.13962E-02   0.56652E+00
   0.15707E-02   0.56190E+00
   0.17452E-02   0.55703E+00
   0.19198E-02   0.55094E+00
   0.20943E-02   0.54698E+00
   0.22688E-02   0.54230E+00
   0.24433E-02   0.53775E+00
   0.26179E-02   0.53480E+00
   0.27924E-02   0.53123E+00
   0.29669E-02   0.52812E+00
   0.31414E-02   0.52612E+00
   0.33160E-02   0.52365E+00
   0.34905E-02   0.52174E+00
   0.36650E-02   0.52042E+00
   0.38395E-02   0.51884E+00
   0.40141E-02   0.51766E+00
   0.41886E-02   0.51677E+00
   0.43631E-02   0.51576E+00
   0.45376E-02   0.51503E+00
   0.47121E-02   0.51444E+00
   0.48867E-02   0.51382E+00
   0.50612E-02   0.51337E+00
   0.52357E-02   0.51299E+00
   0.54102E-02   0.51262E+00
   0.55848E-02   0.51234E+00
   0.57593E-02   0.51211E+00
   0.59338E-02   0.51186E+00
   0.61083E-02   0.51167E+00
   0.62829E-02   0.51146E+00
   0.64574E-02   0.51128E+00
   0.66319E-02   0.51114E+00
   0.68064E-02   0.51095E+00
   0.69810E-02   0.51081E+00
   0.71555E-02   0.51069E+00
   0.73300E-02   0.51052E+00
   0.75045E-02   0.51039E+00
   0.76791E-02   0.51029E+00
   0.78536E-02   0.51016E+00
   0.80281E-02   0.51005E+00
   0.82026E-02   0.50994E+00
   0.83772E-02   0.50981E+00
   0.85517E-02   0.50970E+00
   0.87262E-02   0.50959E+00
   0.89007E-02   0.50944E+00
   0.90753E-02   0.50934E+00
   0.92498E-02   0.50924E+00
   0.94243E-02   0.50912E+00
   0.95988E-02   0.50905E+00
   0.97733E-02   0.50895E+00
   0.99479E-02   0.50889E+00
   0.10122E-01   0.50879E+00
   0.10297E-01   0.50876E+00
   0.10471E-01   0.50870E+00
   0.10646E-01   0.50865E+00
   0.10820E-01   0.50862E+00
   0.10995E-01   0.50857E+00
   0.11170E-01   0.50855E+00
   0.11344E-01   0.50851E+00
   0.11519E-01   0.50847E+00
   0.11693E-01   0.50844E+00
   0.11868E-01   0.50837E+00
   0.12042E-01   0.50832E+00
   0.12217E-01   0.50823E+00
   0.12391E-01   0.50815E+00
   0.12566E-01   0.50808E+00
   0.12740E-01   0.50799E+00
   0.12915E-01   0.50788E+00
   0.13089E-01   0.50780E+00
   0.13264E-01   0.50769E+00
   0.13438E-01   0.50758E+00
   0.13613E-01   0.50750E+00
   0.13787E-01   0.50739E+00
   0.13962E-01   0.50730E+00
   0.14136E-01   0.50721E+00
   0.14311E-01   0.50710E+00
   0.14485E-01   0.50701E+00
   0.14660E-01   0.50693E+00
   0.14835E-01   0.50683E+00
   0.15009E-01   0.50674E+00
   0.15184E-01   0.50665E+00
   0.15358E-01   0.50655E+00
   0.15533E-01   0.50648E+00
   0.15707E-01   0.50639E+00
   0.15882E-01   0.50628E+00
   0.16056E-01   0.50616E+00
   0.16231E-01   0.50603E+00
   0.16405E-01   0.50591E+00
   0.16580E-01   0.50577E+00
   0.16754E-01   0.50561E+00
   0.16929E-01   0.50547E+00
   0.17103E-01   0.50532E+00
   0.17278E-01   0.50515E+00
   0.17452E-01   0.50499E+00
   0.17627E-01   0.50482E+00
   0.17801E-01   0.50465E+00
   0.17976E-01   0.50451E+00
   0.18151E-01   0.50436E+00
   0.18325E-01   0.50421E+00
   0.18500E-01   0.50410E+00
   0.18674E-01   0.50397E+00
   0.18849E-01   0.50387E+00
   0.19023E-01   0.50378E+00
   0.19198E-01   0.50369E+00
   0.19372E-01   0.50361E+00
   0.19547E-01   0.50353E+00
   0.19721E-01   0.50344E+00
   0.19896E-01   0.50337E+00
   0.20070E-01   0.50329E+00
   0.20245E-01   0.50319E+00
   0.20419E-01   0.50311E+00
   0.20594E-01   0.50301E+00
   0.20768E-01   0.50290E+00
   0.20943E-01   0.50279E+00
   0.21117E-01   0.50267E+00
   0.21292E-01   0.50253E+00
   0.21466E-01   0.50241E+00
   0.21641E-01   0.50225E+00
   0.21816E-01   0.50210E+00
   0.21990E-01   0.50196E+00
   0.22165E-01   0.50181E+00
   0.22339E-01   0.50166E+00
   0.22514E-01   0.50152E+00
   0.22688E-01   0.50138E+00
   0.22863E-01   0.50124E+00
   0.23037E-01   0.50111E+00
   0.23212E-01   0.50099E+00
   0.23386E-01   0.50086E+00
   0.23561E-01   0.50075E+00
   0.23735E-01   0.50064E+00
   0.23910E-01   0.50052E+00
   0.24084E-01   0.50043E+00
   0.24259E-01   0.50031E+00
   0.24433E-01   0.50022E+00
   0.24608E-01   0.50010E+00
   0.24782E-01   0.50000E+00
   0.24957E-01   0.49992E+00
   0.25131E-01   0.49979E+00
   0.25306E-01   0.49971E+00
   0.25481E-01   0.49962E+00
   0.25655E-01   0.49951E+00
   0.25830E-01   0.49943E+00
   0.26004E-01   0.49934E+00
   0.26179E-01   0.49927E+00
   0.26353E-01   0.49917E+00
   0.26528E-01   0.49911E+00
   0.26702E-01   0.49902E+00
   0.26877E-01   0.49894E+00
   0.27051E-01   0.49889E+00
   0.27226E-01   0.49882E+00
   0.27400E-01   0.49876E+00
   0.27575E-01   0.49870E+00
   0.27749E-01   0.49865E+00
   0.27924E-01   0.49860E+00
   0.28098E-01   0.49855E+00
   0.28273E-01   0.49852E+00
   0.28447E-01   0.49848E+00
   0.28622E-01   0.49844E+00
   0.28796E-01   0.49839E+00
   0.28971E-01   0.49836E+00
   0.29146E-01   0.49832E+00
   0.29320E-01   0.49828E+00
   0.29495E-01   0.49825E+00
   0.29669E-01   0.49823E+00
   0.29844E-01   0.49820E+00
   0.30018E-01   0.49816E+00
   0.30193E-01   0.49814E+00
   0.30367E-01   0.49811E+00
   0.30542E-01   0.49808E+00
   0.30716E-01   0.49806E+00
   0.30891E-01   0.49803E+00
   0.31065E-01   0.49801E+00
   0.31240E-01   0.49797E+00
   0.31414E-01   0.49794E+00
   0.31589E-01   0.49790E+00
   0.31763E-01   0.49784E+00
   0.31938E-01   0.49778E+00
   0.32112E-01   0.49772E+00
   0.32287E-01   0.49765E+00
   0.32461E-01   0.49759E+00
   0.32636E-01   0.49752E+00
   0.32811E-01   0.49744E+00
   0.32985E-01   0.49737E+00
   0.33160E-01   0.49729E+00
   0.33334E-01   0.49721E+00
   0.33509E-01   0.49714E+00
   0.33683E-01   0.49707E+00
   0.33858E-01   0.49699E+00
   0.34032E-01   0.49691E+00
   0.34207E-01   0.49682E+00
   0.34381E-01   0.49675E+00
   0.34556E-01   0.49665E+00
   0.34730E-01   0.49657E+00
   0.34905E-01   0.49649E+00
