        4.80        3.90
NULL
$r$
radial profile
0 0 0
0
   0.1100000E+31  -0.1100000E+31    5
   0.1100000E+31  -0.1100000E+31    5
    0
CURVE
      51
NULL
black_solid
NULL
    0.000000       0.6114020    
   0.6980962E-03   0.6006852    
   0.1396192E-02   0.5813751    
   0.2094289E-02   0.5646082    
   0.2792385E-02   0.5528379    
   0.3490481E-02   0.5465418    
   0.4188578E-02   0.5426592    
   0.4886674E-02   0.5395940    
   0.5584770E-02   0.5369960    
   0.6282866E-02   0.5346978    
   0.6980963E-02   0.5325684    
   0.7679059E-02   0.5307556    
   0.8377155E-02   0.5289447    
   0.9075251E-02   0.5271537    
   0.9773348E-02   0.5252663    
   0.1047144E-01   0.5235037    
   0.1116954E-01   0.5220791    
   0.1186764E-01   0.5208299    
   0.1256573E-01   0.5199061    
   0.1326383E-01   0.5191311    
   0.1396193E-01   0.5183596    
   0.1466002E-01   0.5175700    
   0.1535812E-01   0.5167159    
   0.1605621E-01   0.5157817    
   0.1675431E-01   0.5147625    
   0.1745241E-01   0.5137256    
   0.1815050E-01   0.5128335    
   0.1884860E-01   0.5120031    
   0.1954670E-01   0.5113043    
   0.2024479E-01   0.5106041    
   0.2094289E-01   0.5099117    
   0.2164098E-01   0.5092006    
   0.2233908E-01   0.5084487    
   0.2303718E-01   0.5077410    
   0.2373527E-01   0.5071279    
   0.2443337E-01   0.5066193    
   0.2513147E-01   0.5060870    
   0.2582956E-01   0.5056141    
   0.2652766E-01   0.5051627    
   0.2722575E-01   0.5046896    
   0.2792385E-01   0.5042560    
   0.2862195E-01   0.5038067    
   0.2932004E-01   0.5033751    
   0.3001814E-01   0.5029714    
   0.3071623E-01   0.5026893    
   0.3141433E-01   0.5024561    
   0.3211243E-01   0.5021703    
   0.3281052E-01   0.5018627    
   0.3350862E-01   0.5014275    
   0.3420672E-01   0.5009702    
   0.3490481E-01   0.5005244    
