   0.00000E+00   0.00000E+00
   0.17452E-03   0.19286E-03
   0.34905E-03  -0.79920E-03
   0.52357E-03   0.11296E-03
   0.69810E-03   0.60454E-03
   0.87262E-03   0.10093E-03
   0.10471E-02   0.42928E-03
   0.12217E-02   0.12981E-02
   0.13962E-02   0.15403E-02
   0.15707E-02   0.20334E-02
   0.17452E-02   0.28766E-02
   0.19198E-02   0.44947E-02
   0.20943E-02   0.56122E-02
   0.22688E-02   0.68901E-02
   0.24433E-02   0.90787E-02
   0.26179E-02   0.10808E-01
   0.27924E-02   0.12697E-01
   0.29669E-02   0.15021E-01
   0.31414E-02   0.16991E-01
   0.33160E-02   0.19185E-01
   0.34905E-02   0.21369E-01
   0.36650E-02   0.23198E-01
   0.38395E-02   0.25354E-01
   0.40141E-02   0.27274E-01
   0.41886E-02   0.28782E-01
   0.43631E-02   0.30684E-01
   0.45376E-02   0.32152E-01
   0.47121E-02   0.33330E-01
   0.48867E-02   0.34848E-01
   0.50612E-02   0.35855E-01
   0.52357E-02   0.36842E-01
   0.54102E-02   0.37820E-01
   0.55848E-02   0.38514E-01
   0.57593E-02   0.39244E-01
   0.59338E-02   0.39752E-01
   0.61083E-02   0.40291E-01
   0.62829E-02   0.40583E-01
   0.64574E-02   0.40896E-01
   0.66319E-02   0.41125E-01
   0.68064E-02   0.41134E-01
   0.69810E-02   0.41355E-01
   0.71555E-02   0.41218E-01
   0.73300E-02   0.41248E-01
   0.75045E-02   0.41187E-01
   0.76791E-02   0.40962E-01
   0.78536E-02   0.40932E-01
   0.80281E-02   0.40622E-01
   0.82026E-02   0.40584E-01
   0.83772E-02   0.40277E-01
   0.85517E-02   0.40035E-01
   0.87262E-02   0.39915E-01
   0.89007E-02   0.39540E-01
   0.90753E-02   0.39462E-01
   0.92498E-02   0.39157E-01
   0.94243E-02   0.38988E-01
   0.95988E-02   0.38848E-01
   0.97733E-02   0.38537E-01
   0.99479E-02   0.38469E-01
   0.10122E-01   0.38103E-01
   0.10297E-01   0.38057E-01
   0.10471E-01   0.37824E-01
   0.10646E-01   0.37559E-01
   0.10820E-01   0.37441E-01
   0.10995E-01   0.37071E-01
   0.11170E-01   0.36961E-01
   0.11344E-01   0.36590E-01
   0.11519E-01   0.36324E-01
   0.11693E-01   0.36041E-01
   0.11868E-01   0.35581E-01
   0.12042E-01   0.35431E-01
   0.12217E-01   0.34891E-01
   0.12391E-01   0.34571E-01
   0.12566E-01   0.34251E-01
   0.12740E-01   0.33742E-01
   0.12915E-01   0.33431E-01
   0.13089E-01   0.32965E-01
   0.13264E-01   0.32631E-01
   0.13438E-01   0.32188E-01
   0.13613E-01   0.31822E-01
   0.13787E-01   0.31439E-01
   0.13962E-01   0.30952E-01
   0.14136E-01   0.30721E-01
   0.14311E-01   0.30200E-01
   0.14485E-01   0.29887E-01
   0.14660E-01   0.29558E-01
   0.14835E-01   0.29122E-01
   0.15009E-01   0.28866E-01
   0.15184E-01   0.28405E-01
   0.15358E-01   0.28129E-01
   0.15533E-01   0.27782E-01
   0.15707E-01   0.27382E-01
   0.15882E-01   0.27085E-01
   0.16056E-01   0.26643E-01
   0.16231E-01   0.26350E-01
   0.16405E-01   0.25904E-01
   0.16580E-01   0.25550E-01
   0.16754E-01   0.25184E-01
   0.16929E-01   0.24703E-01
   0.17103E-01   0.24426E-01
   0.17278E-01   0.23924E-01
   0.17452E-01   0.23571E-01
   0.17627E-01   0.23183E-01
   0.17801E-01   0.22751E-01
   0.17976E-01   0.22451E-01
   0.18151E-01   0.21989E-01
   0.18325E-01   0.21707E-01
   0.18500E-01   0.21363E-01
   0.18674E-01   0.21019E-01
   0.18849E-01   0.20730E-01
   0.19023E-01   0.20419E-01
   0.19198E-01   0.20180E-01
   0.19372E-01   0.19861E-01
   0.19547E-01   0.19672E-01
   0.19721E-01   0.19419E-01
   0.19896E-01   0.19149E-01
   0.20070E-01   0.19013E-01
   0.20245E-01   0.18719E-01
   0.20419E-01   0.18552E-01
   0.20594E-01   0.18363E-01
   0.20768E-01   0.18145E-01
   0.20943E-01   0.17973E-01
   0.21117E-01   0.17762E-01
   0.21292E-01   0.17583E-01
   0.21466E-01   0.17364E-01
   0.21641E-01   0.17161E-01
   0.21816E-01   0.16978E-01
   0.21990E-01   0.16754E-01
   0.22165E-01   0.16563E-01
   0.22339E-01   0.16336E-01
   0.22514E-01   0.16143E-01
   0.22688E-01   0.15917E-01
   0.22863E-01   0.15717E-01
   0.23037E-01   0.15558E-01
   0.23212E-01   0.15324E-01
   0.23386E-01   0.15165E-01
   0.23561E-01   0.14969E-01
   0.23735E-01   0.14811E-01
   0.23910E-01   0.14680E-01
   0.24084E-01   0.14483E-01
   0.24259E-01   0.14388E-01
   0.24433E-01   0.14243E-01
   0.24608E-01   0.14123E-01
   0.24782E-01   0.14020E-01
   0.24957E-01   0.13902E-01
   0.25131E-01   0.13830E-01
   0.25306E-01   0.13677E-01
   0.25481E-01   0.13638E-01
   0.25655E-01   0.13527E-01
   0.25830E-01   0.13416E-01
   0.26004E-01   0.13364E-01
   0.26179E-01   0.13227E-01
   0.26353E-01   0.13164E-01
   0.26528E-01   0.13049E-01
   0.26702E-01   0.12961E-01
   0.26877E-01   0.12862E-01
   0.27051E-01   0.12744E-01
   0.27226E-01   0.12667E-01
   0.27400E-01   0.12541E-01
   0.27575E-01   0.12482E-01
   0.27749E-01   0.12377E-01
   0.27924E-01   0.12295E-01
   0.28098E-01   0.12251E-01
   0.28273E-01   0.12149E-01
   0.28447E-01   0.12123E-01
   0.28622E-01   0.12051E-01
   0.28796E-01   0.12010E-01
   0.28971E-01   0.11968E-01
   0.29146E-01   0.11910E-01
   0.29320E-01   0.11895E-01
   0.29495E-01   0.11817E-01
   0.29669E-01   0.11813E-01
   0.29844E-01   0.11758E-01
   0.30018E-01   0.11686E-01
   0.30193E-01   0.11673E-01
   0.30367E-01   0.11588E-01
   0.30542E-01   0.11541E-01
   0.30716E-01   0.11476E-01
   0.30891E-01   0.11400E-01
   0.31065E-01   0.11348E-01
   0.31240E-01   0.11251E-01
   0.31414E-01   0.11176E-01
   0.31589E-01   0.11089E-01
   0.31763E-01   0.10990E-01
   0.31938E-01   0.10888E-01
   0.32112E-01   0.10790E-01
   0.32287E-01   0.10688E-01
   0.32461E-01   0.10543E-01
   0.32636E-01   0.10450E-01
   0.32811E-01   0.10316E-01
   0.32985E-01   0.10175E-01
   0.33160E-01   0.10074E-01
   0.33334E-01   0.99187E-02
   0.33509E-01   0.97989E-02
   0.33683E-01   0.96595E-02
   0.33858E-01   0.95130E-02
   0.34032E-01   0.93773E-02
   0.34207E-01   0.92308E-02
   0.34381E-01   0.90835E-02
   0.34556E-01   0.89301E-02
   0.34730E-01   0.87973E-02
   0.34905E-01   0.86496E-02
