   0.00000E+00   0.00000E+00
   0.17452E-03   0.19604E-03
   0.34905E-03  -0.79418E-03
   0.52357E-03   0.12095E-03
   0.69810E-03   0.60667E-03
   0.87262E-03   0.13403E-03
   0.10471E-02   0.45931E-03
   0.12217E-02   0.13132E-02
   0.13962E-02   0.15565E-02
   0.15707E-02   0.20883E-02
   0.17452E-02   0.29071E-02
   0.19198E-02   0.45431E-02
   0.20943E-02   0.57152E-02
   0.22688E-02   0.70421E-02
   0.24433E-02   0.92542E-02
   0.26179E-02   0.11032E-01
   0.27924E-02   0.12986E-01
   0.29669E-02   0.15379E-01
   0.31414E-02   0.17417E-01
   0.33160E-02   0.19674E-01
   0.34905E-02   0.21898E-01
   0.36650E-02   0.23765E-01
   0.38395E-02   0.25962E-01
   0.40141E-02   0.27961E-01
   0.41886E-02   0.29515E-01
   0.43631E-02   0.31443E-01
   0.45376E-02   0.32986E-01
   0.47121E-02   0.34215E-01
   0.48867E-02   0.35778E-01
   0.50612E-02   0.36837E-01
   0.52357E-02   0.37860E-01
   0.54102E-02   0.38872E-01
   0.55848E-02   0.39602E-01
   0.57593E-02   0.40349E-01
   0.59338E-02   0.40872E-01
   0.61083E-02   0.41453E-01
   0.62829E-02   0.41747E-01
   0.64574E-02   0.42096E-01
   0.66319E-02   0.42341E-01
   0.68064E-02   0.42365E-01
   0.69810E-02   0.42605E-01
   0.71555E-02   0.42482E-01
   0.73300E-02   0.42506E-01
   0.75045E-02   0.42452E-01
   0.76791E-02   0.42220E-01
   0.78536E-02   0.42201E-01
   0.80281E-02   0.41874E-01
   0.82026E-02   0.41818E-01
   0.83772E-02   0.41516E-01
   0.85517E-02   0.41253E-01
   0.87262E-02   0.41128E-01
   0.89007E-02   0.40746E-01
   0.90753E-02   0.40662E-01
   0.92498E-02   0.40347E-01
   0.94243E-02   0.40173E-01
   0.95988E-02   0.40017E-01
   0.97733E-02   0.39688E-01
   0.99479E-02   0.39640E-01
   0.10122E-01   0.39262E-01
   0.10297E-01   0.39205E-01
   0.10471E-01   0.38973E-01
   0.10646E-01   0.38686E-01
   0.10820E-01   0.38569E-01
   0.10995E-01   0.38182E-01
   0.11170E-01   0.38087E-01
   0.11344E-01   0.37710E-01
   0.11519E-01   0.37439E-01
   0.11693E-01   0.37158E-01
   0.11868E-01   0.36717E-01
   0.12042E-01   0.36552E-01
   0.12217E-01   0.36003E-01
   0.12391E-01   0.35692E-01
   0.12566E-01   0.35372E-01
   0.12740E-01   0.34853E-01
   0.12915E-01   0.34544E-01
   0.13089E-01   0.34061E-01
   0.13264E-01   0.33750E-01
   0.13438E-01   0.33299E-01
   0.13613E-01   0.32929E-01
   0.13787E-01   0.32552E-01
   0.13962E-01   0.32062E-01
   0.14136E-01   0.31822E-01
   0.14311E-01   0.31273E-01
   0.14485E-01   0.30954E-01
   0.14660E-01   0.30642E-01
   0.14835E-01   0.30172E-01
   0.15009E-01   0.29910E-01
   0.15184E-01   0.29451E-01
   0.15358E-01   0.29151E-01
   0.15533E-01   0.28793E-01
   0.15707E-01   0.28407E-01
   0.15882E-01   0.28090E-01
   0.16056E-01   0.27629E-01
   0.16231E-01   0.27341E-01
   0.16405E-01   0.26878E-01
   0.16580E-01   0.26539E-01
   0.16754E-01   0.26160E-01
   0.16929E-01   0.25673E-01
   0.17103E-01   0.25383E-01
   0.17278E-01   0.24866E-01
   0.17452E-01   0.24515E-01
   0.17627E-01   0.24119E-01
   0.17801E-01   0.23682E-01
   0.17976E-01   0.23368E-01
   0.18151E-01   0.22889E-01
   0.18325E-01   0.22591E-01
   0.18500E-01   0.22237E-01
   0.18674E-01   0.21874E-01
   0.18849E-01   0.21588E-01
   0.19023E-01   0.21220E-01
   0.19198E-01   0.20981E-01
   0.19372E-01   0.20625E-01
   0.19547E-01   0.20412E-01
   0.19721E-01   0.20137E-01
   0.19896E-01   0.19841E-01
   0.20070E-01   0.19695E-01
   0.20245E-01   0.19373E-01
   0.20419E-01   0.19207E-01
   0.20594E-01   0.18993E-01
   0.20768E-01   0.18762E-01
   0.20943E-01   0.18593E-01
   0.21117E-01   0.18361E-01
   0.21292E-01   0.18198E-01
   0.21466E-01   0.17968E-01
   0.21641E-01   0.17789E-01
   0.21816E-01   0.17588E-01
   0.21990E-01   0.17362E-01
   0.22165E-01   0.17175E-01
   0.22339E-01   0.16943E-01
   0.22514E-01   0.16767E-01
   0.22688E-01   0.16558E-01
   0.22863E-01   0.16352E-01
   0.23037E-01   0.16194E-01
   0.23212E-01   0.15963E-01
   0.23386E-01   0.15825E-01
   0.23561E-01   0.15641E-01
   0.23735E-01   0.15481E-01
   0.23910E-01   0.15348E-01
   0.24084E-01   0.15147E-01
   0.24259E-01   0.15051E-01
   0.24433E-01   0.14907E-01
   0.24608E-01   0.14792E-01
   0.24782E-01   0.14670E-01
   0.24957E-01   0.14543E-01
   0.25131E-01   0.14464E-01
   0.25306E-01   0.14300E-01
   0.25481E-01   0.14247E-01
   0.25655E-01   0.14109E-01
   0.25830E-01   0.13986E-01
   0.26004E-01   0.13914E-01
   0.26179E-01   0.13779E-01
   0.26353E-01   0.13699E-01
   0.26528E-01   0.13571E-01
   0.26702E-01   0.13471E-01
   0.26877E-01   0.13355E-01
   0.27051E-01   0.13222E-01
   0.27226E-01   0.13136E-01
   0.27400E-01   0.13001E-01
   0.27575E-01   0.12938E-01
   0.27749E-01   0.12835E-01
   0.27924E-01   0.12741E-01
   0.28098E-01   0.12692E-01
   0.28273E-01   0.12599E-01
   0.28447E-01   0.12571E-01
   0.28622E-01   0.12503E-01
   0.28796E-01   0.12465E-01
   0.28971E-01   0.12430E-01
   0.29146E-01   0.12372E-01
   0.29320E-01   0.12368E-01
   0.29495E-01   0.12290E-01
   0.29669E-01   0.12293E-01
   0.29844E-01   0.12232E-01
   0.30018E-01   0.12166E-01
   0.30193E-01   0.12164E-01
   0.30367E-01   0.12081E-01
   0.30542E-01   0.12041E-01
   0.30716E-01   0.11969E-01
   0.30891E-01   0.11899E-01
   0.31065E-01   0.11844E-01
   0.31240E-01   0.11749E-01
   0.31414E-01   0.11672E-01
   0.31589E-01   0.11586E-01
   0.31763E-01   0.11483E-01
   0.31938E-01   0.11369E-01
   0.32112E-01   0.11257E-01
   0.32287E-01   0.11146E-01
   0.32461E-01   0.11010E-01
   0.32636E-01   0.10908E-01
   0.32811E-01   0.10782E-01
   0.32985E-01   0.10644E-01
   0.33160E-01   0.10544E-01
   0.33334E-01   0.10384E-01
   0.33509E-01   0.10267E-01
   0.33683E-01   0.10136E-01
   0.33858E-01   0.99921E-02
   0.34032E-01   0.98593E-02
   0.34207E-01   0.97084E-02
   0.34381E-01   0.95554E-02
   0.34556E-01   0.93980E-02
   0.34730E-01   0.92525E-02
   0.34905E-01   0.91045E-02
