        4.80        3.90
NULL
$r$
radial profile
0 0 0
0
   0.1100000E+31  -0.1100000E+31    5
   0.1100000E+31  -0.1100000E+31    5
    0
CURVE
     201
NULL
black_solid
NULL
    0.000000        0.000000    
   0.1745241E-03   0.5609535E-05
   0.3490481E-03   0.4340262E-02
   0.5235722E-03   0.6336685E-02
   0.6980962E-03   0.8193050E-02
   0.8726203E-03   0.1680507E-01
   0.1047144E-02   0.2232298E-01
   0.1221668E-02   0.2708574E-01
   0.1396192E-02   0.3717104E-01
   0.1570717E-02   0.4416370E-01
   0.1745241E-02   0.5159735E-01
   0.1919765E-02   0.6114445E-01
   0.2094289E-02   0.6780365E-01
   0.2268813E-02   0.7614545E-01
   0.2443337E-02   0.8427273E-01
   0.2617861E-02   0.8982923E-01
   0.2792385E-02   0.9719299E-01
   0.2966909E-02   0.1033633    
   0.3141433E-02   0.1077111    
   0.3315957E-02   0.1132972    
   0.3490481E-02   0.1175377    
   0.3665005E-02   0.1205393    
   0.3839529E-02   0.1241254    
   0.4014053E-02   0.1267254    
   0.4188578E-02   0.1285707    
   0.4363101E-02   0.1305098    
   0.4537626E-02   0.1317610    
   0.4712150E-02   0.1326275    
   0.4886674E-02   0.1333922    
   0.5061198E-02   0.1337585    
   0.5235722E-02   0.1337672    
   0.5410246E-02   0.1337467    
   0.5584770E-02   0.1335206    
   0.5759294E-02   0.1331099    
   0.5933818E-02   0.1324343    
   0.6108342E-02   0.1318283    
   0.6282866E-02   0.1310685    
   0.6457390E-02   0.1301662    
   0.6631915E-02   0.1292591    
   0.6806438E-02   0.1281791    
   0.6980963E-02   0.1271695    
   0.7155487E-02   0.1262078    
   0.7330011E-02   0.1249244    
   0.7504535E-02   0.1237654    
   0.7679059E-02   0.1227119    
   0.7853583E-02   0.1214794    
   0.8028107E-02   0.1203858    
   0.8202631E-02   0.1191707    
   0.8377155E-02   0.1179810    
   0.8551680E-02   0.1169408    
   0.8726203E-02   0.1158180    
   0.8900727E-02   0.1145891    
   0.9075251E-02   0.1135920    
   0.9249776E-02   0.1126031    
   0.9424300E-02   0.1115837    
   0.9598823E-02   0.1105563    
   0.9773348E-02   0.1095839    
   0.9947872E-02   0.1086392    
   0.1012240E-01   0.1077638    
   0.1029692E-01   0.1067740    
   0.1047144E-01   0.1058570    
   0.1064597E-01   0.1050714    
   0.1082049E-01   0.1041241    
   0.1099502E-01   0.1032550    
   0.1116954E-01   0.1024052    
   0.1134406E-01   0.1014637    
   0.1151859E-01   0.1006600    
   0.1169311E-01   0.9979226E-01
   0.1186764E-01   0.9871395E-01
   0.1204216E-01   0.9798611E-01
   0.1221668E-01   0.9707135E-01
   0.1239121E-01   0.9612031E-01
   0.1256573E-01   0.9526903E-01
   0.1274026E-01   0.9433716E-01
   0.1291478E-01   0.9342043E-01
   0.1308930E-01   0.9263238E-01
   0.1326383E-01   0.9166486E-01
   0.1343835E-01   0.9077797E-01
   0.1361288E-01   0.9000205E-01
   0.1378740E-01   0.8910620E-01
   0.1396193E-01   0.8822244E-01
   0.1413645E-01   0.8739838E-01
   0.1431097E-01   0.8656725E-01
   0.1448550E-01   0.8575259E-01
   0.1466002E-01   0.8501407E-01
   0.1483455E-01   0.8410747E-01
   0.1500907E-01   0.8334920E-01
   0.1518359E-01   0.8263872E-01
   0.1535812E-01   0.8182927E-01
   0.1553264E-01   0.8104951E-01
   0.1570717E-01   0.8032932E-01
   0.1588169E-01   0.7955545E-01
   0.1605621E-01   0.7889050E-01
   0.1623074E-01   0.7808369E-01
   0.1640526E-01   0.7735875E-01
   0.1657979E-01   0.7673748E-01
   0.1675431E-01   0.7599578E-01
   0.1692883E-01   0.7529458E-01
   0.1710336E-01   0.7464053E-01
   0.1727788E-01   0.7392029E-01
   0.1745241E-01   0.7328326E-01
   0.1762693E-01   0.7266123E-01
   0.1780145E-01   0.7194289E-01
   0.1797598E-01   0.7136580E-01
   0.1815050E-01   0.7075851E-01
   0.1832503E-01   0.7017168E-01
   0.1849955E-01   0.6958660E-01
   0.1867408E-01   0.6904952E-01
   0.1884860E-01   0.6850060E-01
   0.1902312E-01   0.6802092E-01
   0.1919765E-01   0.6749912E-01
   0.1937217E-01   0.6698573E-01
   0.1954670E-01   0.6655622E-01
   0.1972122E-01   0.6610654E-01
   0.1989574E-01   0.6562084E-01
   0.2007027E-01   0.6518258E-01
   0.2024479E-01   0.6475490E-01
   0.2041932E-01   0.6430718E-01
   0.2059384E-01   0.6387400E-01
   0.2076836E-01   0.6341890E-01
   0.2094289E-01   0.6300620E-01
   0.2111741E-01   0.6259286E-01
   0.2129194E-01   0.6212969E-01
   0.2146646E-01   0.6170271E-01
   0.2164098E-01   0.6128167E-01
   0.2181551E-01   0.6083031E-01
   0.2199003E-01   0.6045587E-01
   0.2216456E-01   0.6002817E-01
   0.2233908E-01   0.5959908E-01
   0.2251360E-01   0.5922258E-01
   0.2268813E-01   0.5884107E-01
   0.2286265E-01   0.5844134E-01
   0.2303718E-01   0.5805714E-01
   0.2321170E-01   0.5771491E-01
   0.2338623E-01   0.5734021E-01
   0.2356075E-01   0.5696854E-01
   0.2373527E-01   0.5661539E-01
   0.2390980E-01   0.5627355E-01
   0.2408432E-01   0.5591446E-01
   0.2425884E-01   0.5557642E-01
   0.2443337E-01   0.5521806E-01
   0.2460789E-01   0.5487859E-01
   0.2478242E-01   0.5453104E-01
   0.2495694E-01   0.5417972E-01
   0.2513147E-01   0.5381430E-01
   0.2530599E-01   0.5346563E-01
   0.2548051E-01   0.5314123E-01
   0.2565504E-01   0.5281813E-01
   0.2582956E-01   0.5244863E-01
   0.2600409E-01   0.5211727E-01
   0.2617861E-01   0.5180129E-01
   0.2635313E-01   0.5147145E-01
   0.2652766E-01   0.5117803E-01
   0.2670218E-01   0.5086082E-01
   0.2687671E-01   0.5056681E-01
   0.2705123E-01   0.5032393E-01
   0.2722575E-01   0.5003604E-01
   0.2740028E-01   0.4978076E-01
   0.2757480E-01   0.4955881E-01
   0.2774933E-01   0.4930204E-01
   0.2792385E-01   0.4909951E-01
   0.2809837E-01   0.4886155E-01
   0.2827290E-01   0.4864004E-01
   0.2844742E-01   0.4846215E-01
   0.2862195E-01   0.4825095E-01
   0.2879647E-01   0.4803994E-01
   0.2897099E-01   0.4782528E-01
   0.2914552E-01   0.4763756E-01
   0.2932004E-01   0.4743190E-01
   0.2949457E-01   0.4721802E-01
   0.2966909E-01   0.4701185E-01
   0.2984362E-01   0.4680391E-01
   0.3001814E-01   0.4659822E-01
   0.3019266E-01   0.4638416E-01
   0.3036719E-01   0.4617025E-01
   0.3054171E-01   0.4598978E-01
   0.3071623E-01   0.4578583E-01
   0.3089076E-01   0.4557794E-01
   0.3106528E-01   0.4541735E-01
   0.3123981E-01   0.4522038E-01
   0.3141433E-01   0.4504407E-01
   0.3158886E-01   0.4490682E-01
   0.3176338E-01   0.4470942E-01
   0.3193790E-01   0.4455751E-01
   0.3211243E-01   0.4442449E-01
   0.3228695E-01   0.4426158E-01
   0.3246148E-01   0.4413089E-01
   0.3263600E-01   0.4398930E-01
   0.3281052E-01   0.4383838E-01
   0.3298505E-01   0.4371444E-01
   0.3315957E-01   0.4358422E-01
   0.3333410E-01   0.4341863E-01
   0.3350862E-01   0.4327189E-01
   0.3368314E-01   0.4314248E-01
   0.3385767E-01   0.4299614E-01
   0.3403219E-01   0.4283259E-01
   0.3420672E-01   0.4270187E-01
   0.3438124E-01   0.4253133E-01
   0.3455576E-01   0.4237670E-01
   0.3473029E-01   0.4221069E-01
   0.3490481E-01   0.4204553E-01
