   0.00000E+00   0.00000E+00
   0.17452E-03   0.24404E-05
   0.34905E-03   0.43494E-02
   0.52357E-03   0.63827E-02
   0.69810E-03   0.82759E-02
   0.87262E-03   0.16901E-01
   0.10471E-02   0.22476E-01
   0.12217E-02   0.27288E-01
   0.13962E-02   0.37463E-01
   0.15707E-02   0.44498E-01
   0.17452E-02   0.51975E-01
   0.19198E-02   0.61579E-01
   0.20943E-02   0.68305E-01
   0.22688E-02   0.76716E-01
   0.24433E-02   0.84945E-01
   0.26179E-02   0.90536E-01
   0.27924E-02   0.97960E-01
   0.29669E-02   0.10422E+00
   0.31414E-02   0.10858E+00
   0.33160E-02   0.11423E+00
   0.34905E-02   0.11856E+00
   0.36650E-02   0.12157E+00
   0.38395E-02   0.12519E+00
   0.40141E-02   0.12784E+00
   0.41886E-02   0.12971E+00
   0.43631E-02   0.13165E+00
   0.45376E-02   0.13295E+00
   0.47121E-02   0.13385E+00
   0.48867E-02   0.13465E+00
   0.50612E-02   0.13503E+00
   0.52357E-02   0.13504E+00
   0.54102E-02   0.13503E+00
   0.55848E-02   0.13481E+00
   0.57593E-02   0.13439E+00
   0.59338E-02   0.13373E+00
   0.61083E-02   0.13314E+00
   0.62829E-02   0.13237E+00
   0.64574E-02   0.13149E+00
   0.66319E-02   0.13056E+00
   0.68064E-02   0.12946E+00
   0.69810E-02   0.12843E+00
   0.71555E-02   0.12747E+00
   0.73300E-02   0.12617E+00
   0.75045E-02   0.12499E+00
   0.76791E-02   0.12391E+00
   0.78536E-02   0.12266E+00
   0.80281E-02   0.12154E+00
   0.82026E-02   0.12029E+00
   0.83772E-02   0.11907E+00
   0.85517E-02   0.11802E+00
   0.87262E-02   0.11688E+00
   0.89007E-02   0.11562E+00
   0.90753E-02   0.11463E+00
   0.92498E-02   0.11361E+00
   0.94243E-02   0.11257E+00
   0.95988E-02   0.11152E+00
   0.97733E-02   0.11054E+00
   0.99479E-02   0.10960E+00
   0.10122E-01   0.10872E+00
   0.10297E-01   0.10771E+00
   0.10471E-01   0.10675E+00
   0.10646E-01   0.10596E+00
   0.10820E-01   0.10499E+00
   0.10995E-01   0.10411E+00
   0.11170E-01   0.10322E+00
   0.11344E-01   0.10227E+00
   0.11519E-01   0.10143E+00
   0.11693E-01   0.10054E+00
   0.11868E-01   0.99440E-01
   0.12042E-01   0.98674E-01
   0.12217E-01   0.97751E-01
   0.12391E-01   0.96778E-01
   0.12566E-01   0.95910E-01
   0.12740E-01   0.94957E-01
   0.12915E-01   0.94030E-01
   0.13089E-01   0.93215E-01
   0.13264E-01   0.92220E-01
   0.13438E-01   0.91316E-01
   0.13613E-01   0.90503E-01
   0.13787E-01   0.89592E-01
   0.13962E-01   0.88707E-01
   0.14136E-01   0.87833E-01
   0.14311E-01   0.86965E-01
   0.14485E-01   0.86129E-01
   0.14660E-01   0.85382E-01
   0.14835E-01   0.84430E-01
   0.15009E-01   0.83663E-01
   0.15184E-01   0.82925E-01
   0.15358E-01   0.82074E-01
   0.15533E-01   0.81288E-01
   0.15707E-01   0.80560E-01
   0.15882E-01   0.79762E-01
   0.16056E-01   0.79078E-01
   0.16231E-01   0.78276E-01
   0.16405E-01   0.77514E-01
   0.16580E-01   0.76869E-01
   0.16754E-01   0.76107E-01
   0.16929E-01   0.75398E-01
   0.17103E-01   0.74716E-01
   0.17278E-01   0.73995E-01
   0.17452E-01   0.73353E-01
   0.17627E-01   0.72719E-01
   0.17801E-01   0.71995E-01
   0.17976E-01   0.71410E-01
   0.18151E-01   0.70794E-01
   0.18325E-01   0.70179E-01
   0.18500E-01   0.69585E-01
   0.18674E-01   0.69035E-01
   0.18849E-01   0.68492E-01
   0.19023E-01   0.67982E-01
   0.19198E-01   0.67449E-01
   0.19372E-01   0.66918E-01
   0.19547E-01   0.66478E-01
   0.19721E-01   0.66011E-01
   0.19896E-01   0.65518E-01
   0.20070E-01   0.65057E-01
   0.20245E-01   0.64600E-01
   0.20419E-01   0.64143E-01
   0.20594E-01   0.63684E-01
   0.20768E-01   0.63197E-01
   0.20943E-01   0.62783E-01
   0.21117E-01   0.62341E-01
   0.21292E-01   0.61868E-01
   0.21466E-01   0.61395E-01
   0.21641E-01   0.60968E-01
   0.21816E-01   0.60491E-01
   0.21990E-01   0.60094E-01
   0.22165E-01   0.59634E-01
   0.22339E-01   0.59183E-01
   0.22514E-01   0.58779E-01
   0.22688E-01   0.58360E-01
   0.22863E-01   0.57930E-01
   0.23037E-01   0.57524E-01
   0.23212E-01   0.57150E-01
   0.23386E-01   0.56746E-01
   0.23561E-01   0.56366E-01
   0.23735E-01   0.55973E-01
   0.23910E-01   0.55606E-01
   0.24084E-01   0.55235E-01
   0.24259E-01   0.54865E-01
   0.24433E-01   0.54475E-01
   0.24608E-01   0.54115E-01
   0.24782E-01   0.53731E-01
   0.24957E-01   0.53372E-01
   0.25131E-01   0.52993E-01
   0.25306E-01   0.52625E-01
   0.25481E-01   0.52275E-01
   0.25655E-01   0.51910E-01
   0.25830E-01   0.51532E-01
   0.26004E-01   0.51178E-01
   0.26179E-01   0.50839E-01
   0.26353E-01   0.50481E-01
   0.26528E-01   0.50175E-01
   0.26702E-01   0.49822E-01
   0.26877E-01   0.49502E-01
   0.27051E-01   0.49225E-01
   0.27226E-01   0.48917E-01
   0.27400E-01   0.48627E-01
   0.27575E-01   0.48391E-01
   0.27749E-01   0.48117E-01
   0.27924E-01   0.47890E-01
   0.28098E-01   0.47648E-01
   0.28273E-01   0.47407E-01
   0.28447E-01   0.47187E-01
   0.28622E-01   0.46962E-01
   0.28796E-01   0.46730E-01
   0.28971E-01   0.46513E-01
   0.29146E-01   0.46300E-01
   0.29320E-01   0.46091E-01
   0.29495E-01   0.45856E-01
   0.29669E-01   0.45621E-01
   0.29844E-01   0.45397E-01
   0.30018E-01   0.45176E-01
   0.30193E-01   0.44953E-01
   0.30367E-01   0.44714E-01
   0.30542E-01   0.44506E-01
   0.30716E-01   0.44294E-01
   0.30891E-01   0.44069E-01
   0.31065E-01   0.43878E-01
   0.31240E-01   0.43673E-01
   0.31414E-01   0.43483E-01
   0.31589E-01   0.43318E-01
   0.31763E-01   0.43100E-01
   0.31938E-01   0.42939E-01
   0.32112E-01   0.42781E-01
   0.32287E-01   0.42609E-01
   0.32461E-01   0.42469E-01
   0.32636E-01   0.42302E-01
   0.32811E-01   0.42142E-01
   0.32985E-01   0.42012E-01
   0.33160E-01   0.41866E-01
   0.33334E-01   0.41697E-01
   0.33509E-01   0.41556E-01
   0.33683E-01   0.41408E-01
   0.33858E-01   0.41249E-01
   0.34032E-01   0.41088E-01
   0.34207E-01   0.40950E-01
   0.34381E-01   0.40776E-01
   0.34556E-01   0.40627E-01
   0.34730E-01   0.40462E-01
   0.34905E-01   0.40288E-01
