        4.80        3.90
NULL
$r$
radial profile
0 0 0
0
   0.1100000E+31  -0.1100000E+31    5
   0.1100000E+31  -0.1100000E+31    5
    0
CURVE
     201
NULL
black_solid
NULL
    0.000000       0.5487131    
   0.1745241E-03   0.5485560    
   0.3490481E-03   0.5447641    
   0.5235722E-03   0.5430893    
   0.6980962E-03   0.5413126    
   0.8726203E-03   0.5352436    
   0.1047144E-02   0.5311070    
   0.1221668E-02   0.5274048    
   0.1396192E-02   0.5205508    
   0.1570717E-02   0.5159766    
   0.1745241E-02   0.5110886    
   0.1919765E-02   0.5052043    
   0.2094289E-02   0.5012488    
   0.2268813E-02   0.4967910    
   0.2443337E-02   0.4925018    
   0.2617861E-02   0.4894617    
   0.2792385E-02   0.4865567    
   0.2966909E-02   0.4832588    
   0.3141433E-02   0.4817478    
   0.3315957E-02   0.4795699    
   0.3490481E-02   0.4776747    
   0.3665005E-02   0.4769186    
   0.3839529E-02   0.4750553    
   0.4014053E-02   0.4745688    
   0.4188578E-02   0.4735954    
   0.4363101E-02   0.4727750    
   0.4537626E-02   0.4724746    
   0.4712150E-02   0.4715393    
   0.4886674E-02   0.4716925    
   0.5061198E-02   0.4708342    
   0.5235722E-02   0.4707689    
   0.5410246E-02   0.4706688    
   0.5584770E-02   0.4701791    
   0.5759294E-02   0.4704896    
   0.5933818E-02   0.4696932    
   0.6108342E-02   0.4700105    
   0.6282866E-02   0.4697374    
   0.6457390E-02   0.4695783    
   0.6631915E-02   0.4696377    
   0.6806438E-02   0.4690814    
   0.6980963E-02   0.4694090    
   0.7155487E-02   0.4689739    
   0.7330011E-02   0.4690137    
   0.7504535E-02   0.4689136    
   0.7679059E-02   0.4686291    
   0.7853583E-02   0.4689098    
   0.8028107E-02   0.4683414    
   0.8202631E-02   0.4685585    
   0.8377155E-02   0.4683180    
   0.8551680E-02   0.4682321    
   0.8726203E-02   0.4683981    
   0.8900727E-02   0.4677860    
   0.9075251E-02   0.4681726    
   0.9249776E-02   0.4677583    
   0.9424300E-02   0.4678532    
   0.9598823E-02   0.4677584    
   0.9773348E-02   0.4674560    
   0.9947872E-02   0.4678341    
   0.1012240E-01   0.4673204    
   0.1029692E-01   0.4676210    
   0.1047144E-01   0.4674459    
   0.1064597E-01   0.4673445    
   0.1082049E-01   0.4676338    
   0.1099502E-01   0.4671735    
   0.1116954E-01   0.4675004    
   0.1134406E-01   0.4672800    
   0.1151859E-01   0.4672960    
   0.1169311E-01   0.4674252    
   0.1186764E-01   0.4669960    
   0.1204216E-01   0.4673921    
   0.1221668E-01   0.4670071    
   0.1239121E-01   0.4671517    
   0.1256573E-01   0.4670924    
   0.1274026E-01   0.4668062    
   0.1291478E-01   0.4670807    
   0.1308930E-01   0.4666819    
   0.1326383E-01   0.4668175    
   0.1343835E-01   0.4666357    
   0.1361288E-01   0.4665104    
   0.1378740E-01   0.4666260    
   0.1396193E-01   0.4662362    
   0.1413645E-01   0.4663763    
   0.1431097E-01   0.4661330    
   0.1448550E-01   0.4660949    
   0.1466002E-01   0.4661216    
   0.1483455E-01   0.4657904    
   0.1500907E-01   0.4659750    
   0.1518359E-01   0.4656734    
   0.1535812E-01   0.4657513    
   0.1553264E-01   0.4655876    
   0.1570717E-01   0.4654491    
   0.1588169E-01   0.4655159    
   0.1605621E-01   0.4652236    
   0.1623074E-01   0.4652751    
   0.1640526E-01   0.4650214    
   0.1657979E-01   0.4649492    
   0.1675431E-01   0.4648977    
   0.1692883E-01   0.4645938    
   0.1710336E-01   0.4646108    
   0.1727788E-01   0.4642844    
   0.1745241E-01   0.4642706    
   0.1762693E-01   0.4641026    
   0.1780145E-01   0.4638291    
   0.1797598E-01   0.4638718    
   0.1815050E-01   0.4635419    
   0.1832503E-01   0.4635959    
   0.1849955E-01   0.4633754    
   0.1867408E-01   0.4632874    
   0.1884860E-01   0.4632961    
   0.1902312E-01   0.4630654    
   0.1919765E-01   0.4631150    
   0.1937217E-01   0.4629169    
   0.1954670E-01   0.4629284    
   0.1972122E-01   0.4628831    
   0.1989574E-01   0.4627059    
   0.2007027E-01   0.4627650    
   0.2024479E-01   0.4625334    
   0.2041932E-01   0.4625995    
   0.2059384E-01   0.4624768    
   0.2076836E-01   0.4623073    
   0.2094289E-01   0.4623521    
   0.2111741E-01   0.4621041    
   0.2129194E-01   0.4621147    
   0.2146646E-01   0.4618872    
   0.2164098E-01   0.4617885    
   0.2181551E-01   0.4617176    
   0.2199003E-01   0.4614875    
   0.2216456E-01   0.4614590    
   0.2233908E-01   0.4612027    
   0.2251360E-01   0.4611544    
   0.2268813E-01   0.4610355    
   0.2286265E-01   0.4608390    
   0.2303718E-01   0.4608098    
   0.2321170E-01   0.4606002    
   0.2338623E-01   0.4605851    
   0.2356075E-01   0.4604376    
   0.2373527E-01   0.4603159    
   0.2390980E-01   0.4602773    
   0.2408432E-01   0.4600980    
   0.2425884E-01   0.4601026    
   0.2443337E-01   0.4599168    
   0.2460789E-01   0.4598671    
   0.2478242E-01   0.4597934    
   0.2495694E-01   0.4596840    
   0.2513147E-01   0.4596356    
   0.2530599E-01   0.4594743    
   0.2548051E-01   0.4594947    
   0.2565504E-01   0.4593591    
   0.2582956E-01   0.4592763    
   0.2600409E-01   0.4592464    
   0.2617861E-01   0.4590970    
   0.2635313E-01   0.4591151    
   0.2652766E-01   0.4589879    
   0.2670218E-01   0.4589499    
   0.2687671E-01   0.4589119    
   0.2705123E-01   0.4588253    
   0.2722575E-01   0.4588621    
   0.2740028E-01   0.4587095    
   0.2757480E-01   0.4587560    
   0.2774933E-01   0.4587004    
   0.2792385E-01   0.4586499    
   0.2809837E-01   0.4586796    
   0.2827290E-01   0.4585631    
   0.2844742E-01   0.4586266    
   0.2862195E-01   0.4585598    
   0.2879647E-01   0.4585317    
   0.2897099E-01   0.4585517    
   0.2914552E-01   0.4584716    
   0.2932004E-01   0.4585425    
   0.2949457E-01   0.4584421    
   0.2966909E-01   0.4584779    
   0.2984362E-01   0.4584883    
   0.3001814E-01   0.4584295    
   0.3019266E-01   0.4585093    
   0.3036719E-01   0.4584000    
   0.3054171E-01   0.4584671    
   0.3071623E-01   0.4584410    
   0.3089076E-01   0.4584024    
   0.3106528E-01   0.4584373    
   0.3123981E-01   0.4583471    
   0.3141433E-01   0.4583973    
   0.3158886E-01   0.4583262    
   0.3176338E-01   0.4582949    
   0.3193790E-01   0.4582735    
   0.3211243E-01   0.4581962    
   0.3228695E-01   0.4582003    
   0.3246148E-01   0.4580856    
   0.3263600E-01   0.4580780    
   0.3281052E-01   0.4580064    
   0.3298505E-01   0.4579367    
   0.3315957E-01   0.4579269    
   0.3333410E-01   0.4578009    
   0.3350862E-01   0.4577987    
   0.3368314E-01   0.4577059    
   0.3385767E-01   0.4576542    
   0.3403219E-01   0.4575876    
   0.3420672E-01   0.4574976    
   0.3438124E-01   0.4574877    
   0.3455576E-01   0.4573617    
   0.3473029E-01   0.4573278    
   0.3490481E-01   0.4572537    
