        4.80        3.90
NULL
$r$
radial profile
0 0 0
0
   0.1100000E+31  -0.1100000E+31    5
   0.1100000E+31  -0.1100000E+31    5
    0
CURVE
     201
NULL
black_solid
NULL
    0.000000       0.5945943    
   0.1745241E-03   0.5944291    
   0.3490481E-03   0.5907105    
   0.5235722E-03   0.5889873    
   0.6980962E-03   0.5872225    
   0.8726203E-03   0.5812072    
   0.1047144E-02   0.5770530    
   0.1221668E-02   0.5733632    
   0.1396192E-02   0.5665186    
   0.1570717E-02   0.5619047    
   0.1745241E-02   0.5570328    
   0.1919765E-02   0.5509373    
   0.2094289E-02   0.5469763    
   0.2268813E-02   0.5422978    
   0.2443337E-02   0.5377495    
   0.2617861E-02   0.5347970    
   0.2792385E-02   0.5312319    
   0.2966909E-02   0.5281214    
   0.3141433E-02   0.5261151    
   0.3315957E-02   0.5236492    
   0.3490481E-02   0.5217417    
   0.3665005E-02   0.5204198    
   0.3839529E-02   0.5188445    
   0.4014053E-02   0.5176566    
   0.4188578E-02   0.5167723    
   0.4363101E-02   0.5157583    
   0.4537626E-02   0.5150322    
   0.4712150E-02   0.5144423    
   0.4886674E-02   0.5138186    
   0.5061198E-02   0.5133748    
   0.5235722E-02   0.5129911    
   0.5410246E-02   0.5126223    
   0.5584770E-02   0.5123417    
   0.5759294E-02   0.5121071    
   0.5933818E-02   0.5118592    
   0.6108342E-02   0.5116734    
   0.6282866E-02   0.5114623    
   0.6457390E-02   0.5112773    
   0.6631915E-02   0.5111382    
   0.6806438E-02   0.5109459    
   0.6980963E-02   0.5108116    
   0.7155487E-02   0.5106889    
   0.7330011E-02   0.5105212    
   0.7504535E-02   0.5103942    
   0.7679059E-02   0.5102898    
   0.7853583E-02   0.5101610    
   0.8028107E-02   0.5100471    
   0.8202631E-02   0.5099361    
   0.8377155E-02   0.5098069    
   0.8551680E-02   0.5097001    
   0.8726203E-02   0.5095903    
   0.8900727E-02   0.5094357    
   0.9075251E-02   0.5093421    
   0.9249776E-02   0.5092385    
   0.9424300E-02   0.5091171    
   0.9598823E-02   0.5090462    
   0.9773348E-02   0.5089540    
   0.9947872E-02   0.5088865    
   0.1012240E-01   0.5087940    
   0.1029692E-01   0.5087564    
   0.1047144E-01   0.5087043    
   0.1064597E-01   0.5086486    
   0.1082049E-01   0.5086236    
   0.1099502E-01   0.5085737    
   0.1116954E-01   0.5085499    
   0.1134406E-01   0.5085086    
   0.1151859E-01   0.5084669    
   0.1169311E-01   0.5084358    
   0.1186764E-01   0.5083689    
   0.1204216E-01   0.5083174    
   0.1221668E-01   0.5082336    
   0.1239121E-01   0.5081484    
   0.1256573E-01   0.5080847    
   0.1274026E-01   0.5079928    
   0.1291478E-01   0.5078840    
   0.1308930E-01   0.5078028    
   0.1326383E-01   0.5076949    
   0.1343835E-01   0.5075800    
   0.1361288E-01   0.5075012    
   0.1378740E-01   0.5073916    
   0.1396193E-01   0.5072974    
   0.1413645E-01   0.5072128    
   0.1431097E-01   0.5070999    
   0.1448550E-01   0.5070096    
   0.1466002E-01   0.5069268    
   0.1483455E-01   0.5068300    
   0.1500907E-01   0.5067397    
   0.1518359E-01   0.5066550    
   0.1535812E-01   0.5065549    
   0.1553264E-01   0.5064752    
   0.1570717E-01   0.5063853    
   0.1588169E-01   0.5062761    
   0.1605621E-01   0.5061566    
   0.1623074E-01   0.5060344    
   0.1640526E-01   0.5059140    
   0.1657979E-01   0.5057671    
   0.1675431E-01   0.5056149    
   0.1692883E-01   0.5054747    
   0.1710336E-01   0.5053152    
   0.1727788E-01   0.5051478    
   0.1745241E-01   0.5049921    
   0.1762693E-01   0.5048215    
   0.1780145E-01   0.5046490    
   0.1797598E-01   0.5045078    
   0.1815050E-01   0.5043592    
   0.1832503E-01   0.5042107    
   0.1849955E-01   0.5041030    
   0.1867408E-01   0.5039747    
   0.1884860E-01   0.5038711    
   0.1902312E-01   0.5037792    
   0.1919765E-01   0.5036898    
   0.1937217E-01   0.5036116    
   0.1954670E-01   0.5035287    
   0.1972122E-01   0.5034412    
   0.1989574E-01   0.5033720    
   0.2007027E-01   0.5032914    
   0.2024479E-01   0.5031899    
   0.2041932E-01   0.5031139    
   0.2059384E-01   0.5030119    
   0.2076836E-01   0.5028965    
   0.2094289E-01   0.5027906    
   0.2111741E-01   0.5026663    
   0.2129194E-01   0.5025313    
   0.2146646E-01   0.5024099    
   0.2164098E-01   0.5022516    
   0.2181551E-01   0.5021012    
   0.2199003E-01   0.5019575    
   0.2216456E-01   0.5018136    
   0.2233908E-01   0.5016639    
   0.2251360E-01   0.5015160    
   0.2268813E-01   0.5013780    
   0.2286265E-01   0.5012351    
   0.2303718E-01   0.5011091    
   0.2321170E-01   0.5009892    
   0.2338623E-01   0.5008571    
   0.2356075E-01   0.5007516    
   0.2373527E-01   0.5006360    
   0.2390980E-01   0.5005240    
   0.2408432E-01   0.5004305    
   0.2425884E-01   0.5003088    
   0.2443337E-01   0.5002228    
   0.2460789E-01   0.5001028    
   0.2478242E-01   0.4999952    
   0.2495694E-01   0.4999179    
   0.2513147E-01   0.4997886    
   0.2530599E-01   0.4997090    
   0.2548051E-01   0.4996174    
   0.2565504E-01   0.4995083    
   0.2582956E-01   0.4994286    
   0.2600409E-01   0.4993443    
   0.2617861E-01   0.4992678    
   0.2635313E-01   0.4991695    
   0.2652766E-01   0.4991136    
   0.2670218E-01   0.4990214    
   0.2687671E-01   0.4989446    
   0.2705123E-01   0.4988947    
   0.2722575E-01   0.4988167    
   0.2740028E-01   0.4987556    
   0.2757480E-01   0.4987037    
   0.2774933E-01   0.4986549    
   0.2792385E-01   0.4986040    
   0.2809837E-01   0.4985532    
   0.2827290E-01   0.4985222    
   0.2844742E-01   0.4984785    
   0.2862195E-01   0.4984419    
   0.2879647E-01   0.4983948    
   0.2897099E-01   0.4983553    
   0.2914552E-01   0.4983244    
   0.2932004E-01   0.4982843    
   0.2949457E-01   0.4982521    
   0.2966909E-01   0.4982274    
   0.2984362E-01   0.4981973    
   0.3001814E-01   0.4981644    
   0.3019266E-01   0.4981368    
   0.3036719E-01   0.4981057    
   0.3054171E-01   0.4980841    
   0.3071623E-01   0.4980595    
   0.3089076E-01   0.4980297    
   0.3106528E-01   0.4980122    
   0.3123981E-01   0.4979744    
   0.3141433E-01   0.4979434    
   0.3158886E-01   0.4979036    
   0.3176338E-01   0.4978366    
   0.3193790E-01   0.4977823    
   0.3211243E-01   0.4977214    
   0.3228695E-01   0.4976524    
   0.3246148E-01   0.4975859    
   0.3263600E-01   0.4975217    
   0.3281052E-01   0.4974377    
   0.3298505E-01   0.4973681    
   0.3315957E-01   0.4972931    
   0.3333410E-01   0.4972076    
   0.3350862E-01   0.4971429    
   0.3368314E-01   0.4970664    
   0.3385767E-01   0.4969890    
   0.3403219E-01   0.4969063    
   0.3420672E-01   0.4968232    
   0.3438124E-01   0.4967491    
   0.3455576E-01   0.4966469    
   0.3473029E-01   0.4965701    
   0.3490481E-01   0.4964857    
