        4.80        3.90
NULL
$r$
radial profile
0 0 0
0
   0.1100000E+31  -0.1100000E+31    5
   0.1100000E+31  -0.1100000E+31    5
    0
CURVE
     201
NULL
black_solid
NULL
    0.000000       0.5945943    
   0.1745241E-03   0.5944363    
   0.3490481E-03   0.5906692    
   0.5235722E-03   0.5890058    
   0.6980962E-03   0.5872425    
   0.8726203E-03   0.5811916    
   0.1047144E-02   0.5770570    
   0.1221668E-02   0.5733652    
   0.1396192E-02   0.5665329    
   0.1570717E-02   0.5619187    
   0.1745241E-02   0.5569992    
   0.1919765E-02   0.5509982    
   0.2094289E-02   0.5469541    
   0.2268813E-02   0.5423106    
   0.2443337E-02   0.5378354    
   0.2617861E-02   0.5346406    
   0.2792385E-02   0.5314609    
   0.2966909E-02   0.5279044    
   0.3141433E-02   0.5261995    
   0.3315957E-02   0.5237481    
   0.3490481E-02   0.5215921    
   0.3665005E-02   0.5206594    
   0.3839529E-02   0.5185415    
   0.4014053E-02   0.5178446    
   0.4188578E-02   0.5167099    
   0.4363101E-02   0.5156948    
   0.4537626E-02   0.5152209    
   0.4712150E-02   0.5141523    
   0.4886674E-02   0.5141112    
   0.5061198E-02   0.5131393    
   0.5235722E-02   0.5129437    
   0.5410246E-02   0.5126927    
   0.5584770E-02   0.5121308    
   0.5759294E-02   0.5123462    
   0.5933818E-02   0.5114707    
   0.6108342E-02   0.5117083    
   0.6282866E-02   0.5113871    
   0.6457390E-02   0.5111684    
   0.6631915E-02   0.5111995    
   0.6806438E-02   0.5106256    
   0.6980963E-02   0.5109252    
   0.7155487E-02   0.5104680    
   0.7330011E-02   0.5104648    
   0.7504535E-02   0.5103300    
   0.7679059E-02   0.5100349    
   0.7853583E-02   0.5102868    
   0.8028107E-02   0.5097216    
   0.8202631E-02   0.5099278    
   0.8377155E-02   0.5096620    
   0.8551680E-02   0.5095567    
   0.8726203E-02   0.5096853    
   0.8900727E-02   0.5090600    
   0.9075251E-02   0.5094185    
   0.9249776E-02   0.5090064    
   0.9424300E-02   0.5090966    
   0.9598823E-02   0.5089987    
   0.9773348E-02   0.5086730    
   0.9947872E-02   0.5090126    
   0.1012240E-01   0.5084924    
   0.1029692E-01   0.5087668    
   0.1047144E-01   0.5085886    
   0.1064597E-01   0.5084701    
   0.1082049E-01   0.5087371    
   0.1099502E-01   0.5082743    
   0.1116954E-01   0.5085777    
   0.1134406E-01   0.5083602    
   0.1151859E-01   0.5083728    
   0.1169311E-01   0.5084958    
   0.1186764E-01   0.5080522    
   0.1204216E-01   0.5084251    
   0.1221668E-01   0.5080107    
   0.1239121E-01   0.5081291    
   0.1256573E-01   0.5080567    
   0.1274026E-01   0.5077565    
   0.1291478E-01   0.5079992    
   0.1308930E-01   0.5075869    
   0.1326383E-01   0.5076997    
   0.1343835E-01   0.5075070    
   0.1361288E-01   0.5073717    
   0.1378740E-01   0.5074807    
   0.1396193E-01   0.5070927    
   0.1413645E-01   0.5072375    
   0.1431097E-01   0.5070049    
   0.1448550E-01   0.5069622    
   0.1466002E-01   0.5069691    
   0.1483455E-01   0.5066509    
   0.1500907E-01   0.5068077    
   0.1518359E-01   0.5065080    
   0.1535812E-01   0.5065871    
   0.1553264E-01   0.5064212    
   0.1570717E-01   0.5062697    
   0.1588169E-01   0.5063313    
   0.1605621E-01   0.5060384    
   0.1623074E-01   0.5060659    
   0.1640526E-01   0.5058167    
   0.1657979E-01   0.5057232    
   0.1675431E-01   0.5056608    
   0.1692883E-01   0.5053500    
   0.1710336E-01   0.5053673    
   0.1727788E-01   0.5050237    
   0.1745241E-01   0.5050023    
   0.1762693E-01   0.5048181    
   0.1780145E-01   0.5045369    
   0.1797598E-01   0.5045636    
   0.1815050E-01   0.5042257    
   0.1832503E-01   0.5042647    
   0.1849955E-01   0.5040312    
   0.1867408E-01   0.5039239    
   0.1884860E-01   0.5039120    
   0.1902312E-01   0.5036851    
   0.1919765E-01   0.5037271    
   0.1937217E-01   0.5035207    
   0.1954670E-01   0.5035278    
   0.1972122E-01   0.5034719    
   0.1989574E-01   0.5032849    
   0.2007027E-01   0.5033352    
   0.2024479E-01   0.5030923    
   0.2041932E-01   0.5031360    
   0.2059384E-01   0.5030042    
   0.2076836E-01   0.5028166    
   0.2094289E-01   0.5028334    
   0.2111741E-01   0.5025794    
   0.2129194E-01   0.5025727    
   0.2146646E-01   0.5023473    
   0.2164098E-01   0.5022269    
   0.2181551E-01   0.5021356    
   0.2199003E-01   0.5018881    
   0.2216456E-01   0.5018445    
   0.2233908E-01   0.5015768    
   0.2251360E-01   0.5015095    
   0.2268813E-01   0.5013776    
   0.2286265E-01   0.5011706    
   0.2303718E-01   0.5011360    
   0.2321170E-01   0.5009140    
   0.2338623E-01   0.5008870    
   0.2356075E-01   0.5007247    
   0.2373527E-01   0.5005991    
   0.2390980E-01   0.5005482    
   0.2408432E-01   0.5003676    
   0.2425884E-01   0.5003535    
   0.2443337E-01   0.5001663    
   0.2460789E-01   0.5001021    
   0.2478242E-01   0.5000080    
   0.2495694E-01   0.4998754    
   0.2513147E-01   0.4998125    
   0.2530599E-01   0.4996346    
   0.2548051E-01   0.4996325    
   0.2565504E-01   0.4995022    
   0.2582956E-01   0.4994004    
   0.2600409E-01   0.4993675    
   0.2617861E-01   0.4992103    
   0.2635313E-01   0.4992146    
   0.2652766E-01   0.4990670    
   0.2670218E-01   0.4990097    
   0.2687671E-01   0.4989578    
   0.2705123E-01   0.4988486    
   0.2722575E-01   0.4988534    
   0.2740028E-01   0.4986872    
   0.2757480E-01   0.4987162    
   0.2774933E-01   0.4986454    
   0.2792385E-01   0.4985752    
   0.2809837E-01   0.4985825    
   0.2827290E-01   0.4984513    
   0.2844742E-01   0.4985035    
   0.2862195E-01   0.4984194    
   0.2879647E-01   0.4983751    
   0.2897099E-01   0.4983708    
   0.2914552E-01   0.4982696    
   0.2932004E-01   0.4983193    
   0.2949457E-01   0.4982035    
   0.2966909E-01   0.4982138    
   0.2984362E-01   0.4981998    
   0.3001814E-01   0.4981281    
   0.3019266E-01   0.4981693    
   0.3036719E-01   0.4980504    
   0.3054171E-01   0.4980968    
   0.3071623E-01   0.4980497    
   0.3089076E-01   0.4980057    
   0.3106528E-01   0.4980195    
   0.3123981E-01   0.4979269    
   0.3141433E-01   0.4979573    
   0.3158886E-01   0.4978806    
   0.3176338E-01   0.4978240    
   0.3193790E-01   0.4977876    
   0.3211243E-01   0.4976909    
   0.3228695E-01   0.4976737    
   0.3246148E-01   0.4975429    
   0.3263600E-01   0.4975193    
   0.3281052E-01   0.4974334    
   0.3298505E-01   0.4973485    
   0.3315957E-01   0.4973144    
   0.3333410E-01   0.4971709    
   0.3350862E-01   0.4971495    
   0.3368314E-01   0.4970452    
   0.3385767E-01   0.4969846    
   0.3403219E-01   0.4969060    
   0.3420672E-01   0.4967957    
   0.3438124E-01   0.4967602    
   0.3455576E-01   0.4966204    
   0.3473029E-01   0.4965578    
   0.3490481E-01   0.4964647    
