        4.80        3.90
NULL
$r$
radial profile
0 0 0
0
   0.1100000E+31  -0.1100000E+31    5
   0.1100000E+31  -0.1100000E+31    5
    0
CURVE
     201
NULL
black_solid
NULL
    0.000000        0.000000    
   0.1745241E-03   0.1960371E-03
   0.3490481E-03  -0.7941761E-03
   0.5235722E-03   0.1209532E-03
   0.6980962E-03   0.6066696E-03
   0.8726203E-03   0.1340262E-03
   0.1047144E-02   0.4593086E-03
   0.1221668E-02   0.1313203E-02
   0.1396192E-02   0.1556471E-02
   0.1570717E-02   0.2088342E-02
   0.1745241E-02   0.2907082E-02
   0.1919765E-02   0.4543081E-02
   0.2094289E-02   0.5715217E-02
   0.2268813E-02   0.7042089E-02
   0.2443337E-02   0.9254213E-02
   0.2617861E-02   0.1103233E-01
   0.2792385E-02   0.1298580E-01
   0.2966909E-02   0.1537864E-01
   0.3141433E-02   0.1741716E-01
   0.3315957E-02   0.1967394E-01
   0.3490481E-02   0.2189823E-01
   0.3665005E-02   0.2376454E-01
   0.3839529E-02   0.2596205E-01
   0.4014053E-02   0.2796106E-01
   0.4188578E-02   0.2951496E-01
   0.4363101E-02   0.3144288E-01
   0.4537626E-02   0.3298646E-01
   0.4712150E-02   0.3421488E-01
   0.4886674E-02   0.3577819E-01
   0.5061198E-02   0.3683676E-01
   0.5235722E-02   0.3786047E-01
   0.5410246E-02   0.3887188E-01
   0.5584770E-02   0.3960210E-01
   0.5759294E-02   0.4034917E-01
   0.5933818E-02   0.4087248E-01
   0.6108342E-02   0.4145304E-01
   0.6282866E-02   0.4174732E-01
   0.6457390E-02   0.4209585E-01
   0.6631915E-02   0.4234098E-01
   0.6806438E-02   0.4236509E-01
   0.6980963E-02   0.4260485E-01
   0.7155487E-02   0.4248217E-01
   0.7330011E-02   0.4250574E-01
   0.7504535E-02   0.4245242E-01
   0.7679059E-02   0.4222012E-01
   0.7853583E-02   0.4220133E-01
   0.8028107E-02   0.4187388E-01
   0.8202631E-02   0.4181812E-01
   0.8377155E-02   0.4151582E-01
   0.8551680E-02   0.4125322E-01
   0.8726203E-02   0.4112814E-01
   0.8900727E-02   0.4074577E-01
   0.9075251E-02   0.4066178E-01
   0.9249776E-02   0.4034654E-01
   0.9424300E-02   0.4017283E-01
   0.9598823E-02   0.4001685E-01
   0.9773348E-02   0.3968809E-01
   0.9947872E-02   0.3964008E-01
   0.1012240E-01   0.3926152E-01
   0.1029692E-01   0.3920496E-01
   0.1047144E-01   0.3897306E-01
   0.1064597E-01   0.3868566E-01
   0.1082049E-01   0.3856874E-01
   0.1099502E-01   0.3818173E-01
   0.1116954E-01   0.3808700E-01
   0.1134406E-01   0.3770989E-01
   0.1151859E-01   0.3743856E-01
   0.1169311E-01   0.3715802E-01
   0.1186764E-01   0.3671734E-01
   0.1204216E-01   0.3655208E-01
   0.1221668E-01   0.3600282E-01
   0.1239121E-01   0.3569214E-01
   0.1256573E-01   0.3537221E-01
   0.1274026E-01   0.3485315E-01
   0.1291478E-01   0.3454385E-01
   0.1308930E-01   0.3406147E-01
   0.1326383E-01   0.3374990E-01
   0.1343835E-01   0.3329939E-01
   0.1361288E-01   0.3292903E-01
   0.1378740E-01   0.3255159E-01
   0.1396193E-01   0.3206156E-01
   0.1413645E-01   0.3182206E-01
   0.1431097E-01   0.3127258E-01
   0.1448550E-01   0.3095450E-01
   0.1466002E-01   0.3064154E-01
   0.1483455E-01   0.3017155E-01
   0.1500907E-01   0.2990974E-01
   0.1518359E-01   0.2945061E-01
   0.1535812E-01   0.2915130E-01
   0.1553264E-01   0.2879293E-01
   0.1570717E-01   0.2840722E-01
   0.1588169E-01   0.2808993E-01
   0.1605621E-01   0.2762862E-01
   0.1623074E-01   0.2734051E-01
   0.1640526E-01   0.2687795E-01
   0.1657979E-01   0.2653940E-01
   0.1675431E-01   0.2616002E-01
   0.1692883E-01   0.2567285E-01
   0.1710336E-01   0.2538266E-01
   0.1727788E-01   0.2486635E-01
   0.1745241E-01   0.2451540E-01
   0.1762693E-01   0.2411934E-01
   0.1780145E-01   0.2368158E-01
   0.1797598E-01   0.2336849E-01
   0.1815050E-01   0.2288897E-01
   0.1832503E-01   0.2259146E-01
   0.1849955E-01   0.2223686E-01
   0.1867408E-01   0.2187351E-01
   0.1884860E-01   0.2158796E-01
   0.1902312E-01   0.2122046E-01
   0.1919765E-01   0.2098123E-01
   0.1937217E-01   0.2062538E-01
   0.1954670E-01   0.2041205E-01
   0.1972122E-01   0.2013666E-01
   0.1989574E-01   0.1984130E-01
   0.2007027E-01   0.1969486E-01
   0.2024479E-01   0.1937322E-01
   0.2041932E-01   0.1920673E-01
   0.2059384E-01   0.1899303E-01
   0.2076836E-01   0.1876217E-01
   0.2094289E-01   0.1859347E-01
   0.2111741E-01   0.1836077E-01
   0.2129194E-01   0.1819818E-01
   0.2146646E-01   0.1796843E-01
   0.2164098E-01   0.1778870E-01
   0.2181551E-01   0.1758804E-01
   0.2199003E-01   0.1736241E-01
   0.2216456E-01   0.1717466E-01
   0.2233908E-01   0.1694261E-01
   0.2251360E-01   0.1676656E-01
   0.2268813E-01   0.1655818E-01
   0.2286265E-01   0.1635165E-01
   0.2303718E-01   0.1619410E-01
   0.2321170E-01   0.1596346E-01
   0.2338623E-01   0.1582470E-01
   0.2356075E-01   0.1564140E-01
   0.2373527E-01   0.1548073E-01
   0.2390980E-01   0.1534849E-01
   0.2408432E-01   0.1514701E-01
   0.2425884E-01   0.1505113E-01
   0.2443337E-01   0.1490670E-01
   0.2460789E-01   0.1479156E-01
   0.2478242E-01   0.1466955E-01
   0.2495694E-01   0.1454282E-01
   0.2513147E-01   0.1446381E-01
   0.2530599E-01   0.1430030E-01
   0.2548051E-01   0.1424660E-01
   0.2565504E-01   0.1410905E-01
   0.2582956E-01   0.1398569E-01
   0.2600409E-01   0.1391361E-01
   0.2617861E-01   0.1377933E-01
   0.2635313E-01   0.1369858E-01
   0.2652766E-01   0.1357088E-01
   0.2670218E-01   0.1347075E-01
   0.2687671E-01   0.1335478E-01
   0.2705123E-01   0.1322183E-01
   0.2722575E-01   0.1313560E-01
   0.2740028E-01   0.1300090E-01
   0.2757480E-01   0.1293844E-01
   0.2774933E-01   0.1283526E-01
   0.2792385E-01   0.1274088E-01
   0.2809837E-01   0.1269197E-01
   0.2827290E-01   0.1259862E-01
   0.2844742E-01   0.1257071E-01
   0.2862195E-01   0.1250271E-01
   0.2879647E-01   0.1246523E-01
   0.2897099E-01   0.1243046E-01
   0.2914552E-01   0.1237201E-01
   0.2932004E-01   0.1236763E-01
   0.2949457E-01   0.1229027E-01
   0.2966909E-01   0.1229274E-01
   0.2984362E-01   0.1223209E-01
   0.3001814E-01   0.1216554E-01
   0.3019266E-01   0.1216393E-01
   0.3036719E-01   0.1208083E-01
   0.3054171E-01   0.1204137E-01
   0.3071623E-01   0.1196873E-01
   0.3089076E-01   0.1189904E-01
   0.3106528E-01   0.1184405E-01
   0.3123981E-01   0.1174908E-01
   0.3141433E-01   0.1167204E-01
   0.3158886E-01   0.1158576E-01
   0.3176338E-01   0.1148312E-01
   0.3193790E-01   0.1136900E-01
   0.3211243E-01   0.1125694E-01
   0.3228695E-01   0.1114592E-01
   0.3246148E-01   0.1101014E-01
   0.3263600E-01   0.1090765E-01
   0.3281052E-01   0.1078168E-01
   0.3298505E-01   0.1064351E-01
   0.3315957E-01   0.1054442E-01
   0.3333410E-01   0.1038359E-01
   0.3350862E-01   0.1026741E-01
   0.3368314E-01   0.1013588E-01
   0.3385767E-01   0.9992084E-02
   0.3403219E-01   0.9859264E-02
   0.3420672E-01   0.9708354E-02
   0.3438124E-01   0.9555434E-02
   0.3455576E-01   0.9398025E-02
   0.3473029E-01   0.9252543E-02
   0.3490481E-01   0.9104547E-02
