        4.80        3.90
NULL
$r$
radial profile
0 0 0
0
   0.1100000E+31  -0.1100000E+31    5
   0.1100000E+31  -0.1100000E+31    5
    0
CURVE
     201
NULL
black_solid
NULL
    0.000000        0.000000    
   0.1745241E-03   0.3303937E-03
   0.3490481E-03  -0.8920683E-03
   0.5235722E-03   0.1065082E-03
   0.6980962E-03   0.5658600E-03
   0.8726203E-03  -0.2823591E-03
   0.1047144E-02   0.1062364E-03
   0.1221668E-02   0.6305374E-03
   0.1396192E-02  -0.2935698E-03
   0.1570717E-02  -0.1060438E-03
   0.1745241E-02  -0.2778345E-03
   0.1919765E-02  -0.2183146E-03
   0.2094289E-02  -0.9094104E-04
   0.2268813E-02  -0.4714561E-03
   0.2443337E-02  -0.3706605E-03
   0.2617861E-02  -0.1484317E-03
   0.2792385E-02  -0.5244385E-03
   0.2966909E-02  -0.3394123E-03
   0.3141433E-02  -0.2098898E-03
   0.3315957E-02  -0.3921171E-03
   0.3490481E-02  -0.2819121E-03
   0.3665005E-02  -0.2142502E-03
   0.3839529E-02  -0.2362106E-03
   0.4014053E-02  -0.9802190E-04
   0.4188578E-02  -0.9288730E-04
   0.4363101E-02  -0.8233994E-04
   0.4537626E-02   0.2205403E-04
   0.4712150E-02   0.2117579E-04
   0.4886674E-02   0.3863284E-04
   0.5061198E-02   0.7959839E-04
   0.5235722E-02   0.8184579E-04
   0.5410246E-02   0.1174320E-03
   0.5584770E-02   0.1068825E-03
   0.5759294E-02   0.9637868E-04
   0.5933818E-02   0.1519283E-03
   0.6108342E-02   0.1388505E-03
   0.6282866E-02   0.1212788E-03
   0.6457390E-02   0.1847272E-03
   0.6631915E-02   0.1822947E-03
   0.6806438E-02   0.1756737E-03
   0.6980963E-02   0.2119335E-03
   0.7155487E-02   0.2143315E-03
   0.7330011E-02   0.1860687E-03
   0.7504535E-02   0.2250958E-03
   0.7679059E-02   0.2135788E-03
   0.7853583E-02   0.1826004E-03
   0.8028107E-02   0.1337590E-03
   0.8202631E-02   0.1448342E-03
   0.8377155E-02   0.5062855E-04
   0.8551680E-02   0.1618150E-04
   0.8726203E-02  -0.8746597E-04
   0.8900727E-02  -0.1680949E-03
   0.9075251E-02  -0.2638578E-03
   0.9249776E-02  -0.3726823E-03
   0.9424300E-02  -0.4784721E-03
   0.9598823E-02  -0.5643686E-03
   0.9773348E-02  -0.6435574E-03
   0.9947872E-02  -0.7796373E-03
   0.1012240E-01  -0.8065967E-03
   0.1029692E-01  -0.9138704E-03
   0.1047144E-01  -0.9673508E-03
   0.1064597E-01  -0.9820197E-03
   0.1082049E-01  -0.1031708E-02
   0.1099502E-01  -0.1027929E-02
   0.1116954E-01  -0.1000841E-02
   0.1134406E-01  -0.9922067E-03
   0.1151859E-01  -0.9423546E-03
   0.1169311E-01  -0.8690229E-03
   0.1186764E-01  -0.8596480E-03
   0.1204216E-01  -0.7603722E-03
   0.1221668E-01  -0.6926739E-03
   0.1239121E-01  -0.6775814E-03
   0.1256573E-01  -0.6071051E-03
   0.1274026E-01  -0.5528472E-03
   0.1291478E-01  -0.5146742E-03
   0.1308930E-01  -0.4678686E-03
   0.1326383E-01  -0.4713255E-03
   0.1343835E-01  -0.4356292E-03
   0.1361288E-01  -0.4492976E-03
   0.1378740E-01  -0.4499652E-03
   0.1396193E-01  -0.4413954E-03
   0.1413645E-01  -0.4597360E-03
   0.1431097E-01  -0.4526999E-03
   0.1448550E-01  -0.4909970E-03
   0.1466002E-01  -0.5001107E-03
   0.1483455E-01  -0.5078347E-03
   0.1500907E-01  -0.5452267E-03
   0.1518359E-01  -0.5746980E-03
   0.1535812E-01  -0.6208603E-03
   0.1553264E-01  -0.6988297E-03
   0.1570717E-01  -0.7153368E-03
   0.1588169E-01  -0.7947222E-03
   0.1605621E-01  -0.8795811E-03
   0.1623074E-01  -0.9551232E-03
   0.1640526E-01  -0.1025760E-02
   0.1657979E-01  -0.1097806E-02
   0.1675431E-01  -0.1186207E-02
   0.1692883E-01  -0.1246470E-02
   0.1710336E-01  -0.1286358E-02
   0.1727788E-01  -0.1341031E-02
   0.1745241E-01  -0.1324620E-02
   0.1762693E-01  -0.1301903E-02
   0.1780145E-01  -0.1281431E-02
   0.1797598E-01  -0.1206902E-02
   0.1815050E-01  -0.1084889E-02
   0.1832503E-01  -0.9817388E-03
   0.1849955E-01  -0.8256250E-03
   0.1867408E-01  -0.6554840E-03
   0.1884860E-01  -0.4710678E-03
   0.1902312E-01  -0.2981331E-03
   0.1919765E-01  -0.1267742E-03
   0.1937217E-01   0.5316704E-04
   0.1954670E-01   0.2358212E-03
   0.1972122E-01   0.3481139E-03
   0.1989574E-01   0.5139732E-03
   0.2007027E-01   0.6401804E-03
   0.2024479E-01   0.7017714E-03
   0.2041932E-01   0.7953047E-03
   0.2059384E-01   0.8066958E-03
   0.2076836E-01   0.8245358E-03
   0.2094289E-01   0.8331497E-03
   0.2111741E-01   0.7636364E-03
   0.2129194E-01   0.7328736E-03
   0.2146646E-01   0.6562851E-03
   0.2164098E-01   0.5194231E-03
   0.2181551E-01   0.4332302E-03
   0.2199003E-01   0.2857616E-03
   0.2216456E-01   0.1574974E-03
   0.2233908E-01  -0.5637584E-05
   0.2251360E-01  -0.1422507E-03
   0.2268813E-01  -0.2863837E-03
   0.2286265E-01  -0.4332211E-03
   0.2303718E-01  -0.5617533E-03
   0.2321170E-01  -0.6931318E-03
   0.2338623E-01  -0.8070785E-03
   0.2356075E-01  -0.9097988E-03
   0.2373527E-01  -0.1000581E-02
   0.2390980E-01  -0.1069062E-02
   0.2408432E-01  -0.1129838E-02
   0.2425884E-01  -0.1137623E-02
   0.2443337E-01  -0.1189636E-02
   0.2460789E-01  -0.1185026E-02
   0.2478242E-01  -0.1214508E-02
   0.2495694E-01  -0.1234350E-02
   0.2513147E-01  -0.1187269E-02
   0.2530599E-01  -0.1247000E-02
   0.2548051E-01  -0.1217058E-02
   0.2565504E-01  -0.1206211E-02
   0.2582956E-01  -0.1265435E-02
   0.2600409E-01  -0.1233616E-02
   0.2617861E-01  -0.1310647E-02
   0.2635313E-01  -0.1309049E-02
   0.2652766E-01  -0.1348707E-02
   0.2670218E-01  -0.1378682E-02
   0.2687671E-01  -0.1440978E-02
   0.2705123E-01  -0.1516628E-02
   0.2722575E-01  -0.1553535E-02
   0.2740028E-01  -0.1658644E-02
   0.2757480E-01  -0.1679631E-02
   0.2774933E-01  -0.1789804E-02
   0.2792385E-01  -0.1831555E-02
   0.2809837E-01  -0.1887654E-02
   0.2827290E-01  -0.1990013E-02
   0.2844742E-01  -0.2004331E-02
   0.2862195E-01  -0.2076725E-02
   0.2879647E-01  -0.2134777E-02
   0.2897099E-01  -0.2156874E-02
   0.2914552E-01  -0.2166897E-02
   0.2932004E-01  -0.2190835E-02
   0.2949457E-01  -0.2221293E-02
   0.2966909E-01  -0.2176541E-02
   0.2984362E-01  -0.2179282E-02
   0.3001814E-01  -0.2188920E-02
   0.3019266E-01  -0.2136395E-02
   0.3036719E-01  -0.2109682E-02
   0.3054171E-01  -0.2096533E-02
   0.3071623E-01  -0.2041732E-02
   0.3089076E-01  -0.2007617E-02
   0.3106528E-01  -0.1977210E-02
   0.3123981E-01  -0.1957301E-02
   0.3141433E-01  -0.1924475E-02
   0.3158886E-01  -0.1882738E-02
   0.3176338E-01  -0.1838854E-02
   0.3193790E-01  -0.1790621E-02
   0.3211243E-01  -0.1752332E-02
   0.3228695E-01  -0.1672779E-02
   0.3246148E-01  -0.1615807E-02
   0.3263600E-01  -0.1552080E-02
   0.3281052E-01  -0.1429681E-02
   0.3298505E-01  -0.1331622E-02
   0.3315957E-01  -0.1253736E-02
   0.3333410E-01  -0.1098383E-02
   0.3350862E-01  -0.9742903E-03
   0.3368314E-01  -0.8556851E-03
   0.3385767E-01  -0.7210594E-03
   0.3403219E-01  -0.6092614E-03
   0.3420672E-01  -0.4622030E-03
   0.3438124E-01  -0.3841384E-03
   0.3455576E-01  -0.2720684E-03
   0.3473029E-01  -0.1982163E-03
   0.3490481E-01  -0.1280089E-03
