        4.80        3.90
NULL
$r$
radial profile
0 0 0
0
   0.1100000E+31  -0.1100000E+31    5
   0.1100000E+31  -0.1100000E+31    5
    0
CURVE
     201
NULL
black_solid
NULL
    0.000000        0.000000    
   0.1745241E-03   0.4798194E-06
   0.3490481E-03  -0.2313959E-04
   0.5235722E-03  -0.3511627E-04
   0.6980962E-03  -0.1896178E-03
   0.8726203E-03  -0.1747466E-03
   0.1047144E-02  -0.3343639E-03
   0.1221668E-02  -0.4359404E-03
   0.1396192E-02  -0.6198670E-03
   0.1570717E-02  -0.6581662E-03
   0.1745241E-02  -0.8365342E-03
   0.1919765E-02  -0.1001002E-02
   0.2094289E-02  -0.1108713E-02
   0.2268813E-02  -0.1296862E-02
   0.2443337E-02  -0.1472779E-02
   0.2617861E-02  -0.1605811E-02
   0.2792385E-02  -0.1745843E-02
   0.2966909E-02  -0.1933580E-02
   0.3141433E-02  -0.2058975E-02
   0.3315957E-02  -0.2201600E-02
   0.3490481E-02  -0.2297086E-02
   0.3665005E-02  -0.2403586E-02
   0.3839529E-02  -0.2511715E-02
   0.4014053E-02  -0.2592386E-02
   0.4188578E-02  -0.2656652E-02
   0.4363101E-02  -0.2771463E-02
   0.4537626E-02  -0.2791190E-02
   0.4712150E-02  -0.2773499E-02
   0.4886674E-02  -0.2842844E-02
   0.5061198E-02  -0.2803348E-02
   0.5235722E-02  -0.2730309E-02
   0.5410246E-02  -0.2773681E-02
   0.5584770E-02  -0.2690468E-02
   0.5759294E-02  -0.2598700E-02
   0.5933818E-02  -0.2474298E-02
   0.6108342E-02  -0.2364251E-02
   0.6282866E-02  -0.2191473E-02
   0.6457390E-02  -0.2107108E-02
   0.6631915E-02  -0.1980456E-02
   0.6806438E-02  -0.1774569E-02
   0.6980963E-02  -0.1685426E-02
   0.7155487E-02  -0.1579045E-02
   0.7330011E-02  -0.1449901E-02
   0.7504535E-02  -0.1411159E-02
   0.7679059E-02  -0.1407968E-02
   0.7853583E-02  -0.1341170E-02
   0.8028107E-02  -0.1402439E-02
   0.8202631E-02  -0.1436634E-02
   0.8377155E-02  -0.1511170E-02
   0.8551680E-02  -0.1632099E-02
   0.8726203E-02  -0.1766059E-02
   0.8900727E-02  -0.1867099E-02
   0.9075251E-02  -0.2035360E-02
   0.9249776E-02  -0.2148597E-02
   0.9424300E-02  -0.2268999E-02
   0.9598823E-02  -0.2457706E-02
   0.9773348E-02  -0.2544877E-02
   0.9947872E-02  -0.2656105E-02
   0.1012240E-01  -0.2757580E-02
   0.1029692E-01  -0.2822110E-02
   0.1047144E-01  -0.2849763E-02
   0.1064597E-01  -0.2891925E-02
   0.1082049E-01  -0.2896979E-02
   0.1099502E-01  -0.2873129E-02
   0.1116954E-01  -0.2874392E-02
   0.1134406E-01  -0.2791261E-02
   0.1151859E-01  -0.2724427E-02
   0.1169311E-01  -0.2632974E-02
   0.1186764E-01  -0.2542319E-02
   0.1204216E-01  -0.2382670E-02
   0.1221668E-01  -0.2254907E-02
   0.1239121E-01  -0.2094386E-02
   0.1256573E-01  -0.1917046E-02
   0.1274026E-01  -0.1728647E-02
   0.1291478E-01  -0.1538014E-02
   0.1308930E-01  -0.1336288E-02
   0.1326383E-01  -0.1144289E-02
   0.1343835E-01  -0.9638420E-03
   0.1361288E-01  -0.7898704E-03
   0.1378740E-01  -0.6321506E-03
   0.1396193E-01  -0.5098472E-03
   0.1413645E-01  -0.3490651E-03
   0.1431097E-01  -0.2351201E-03
   0.1448550E-01  -0.1957186E-03
   0.1466002E-01  -0.1228134E-03
   0.1483455E-01  -0.5368803E-04
   0.1500907E-01  -0.8804257E-04
   0.1518359E-01  -0.5647250E-04
   0.1535812E-01  -0.4889865E-04
   0.1553264E-01  -0.6794772E-04
   0.1570717E-01  -0.1082437E-03
   0.1588169E-01  -0.1182335E-03
   0.1605621E-01  -0.1597368E-03
   0.1623074E-01  -0.1970417E-03
   0.1640526E-01  -0.1806846E-03
   0.1657979E-01  -0.2210231E-03
   0.1675431E-01  -0.2584891E-03
   0.1692883E-01  -0.2459865E-03
   0.1710336E-01  -0.2218890E-03
   0.1727788E-01  -0.2063479E-03
   0.1745241E-01  -0.1740153E-03
   0.1762693E-01  -0.1376523E-03
   0.1780145E-01  -0.8495924E-04
   0.1797598E-01  -0.1168748E-04
   0.1815050E-01   0.4662163E-04
   0.1832503E-01   0.1133964E-03
   0.1849955E-01   0.2148273E-03
   0.1867408E-01   0.3089820E-03
   0.1884860E-01   0.3818820E-03
   0.1902312E-01   0.4933291E-03
   0.1919765E-01   0.5670836E-03
   0.1937217E-01   0.6427374E-03
   0.1954670E-01   0.7481757E-03
   0.1972122E-01   0.8328856E-03
   0.1989574E-01   0.8909413E-03
   0.2007027E-01   0.9853309E-03
   0.2024479E-01   0.1046855E-02
   0.2041932E-01   0.1091410E-02
   0.2059384E-01   0.1144324E-02
   0.2076836E-01   0.1208095E-02
   0.2094289E-01   0.1205639E-02
   0.2111741E-01   0.1243428E-02
   0.2129194E-01   0.1272680E-02
   0.2146646E-01   0.1250958E-02
   0.2164098E-01   0.1275048E-02
   0.2181551E-01   0.1293726E-02
   0.2199003E-01   0.1259838E-02
   0.2216456E-01   0.1306327E-02
   0.2233908E-01   0.1277790E-02
   0.2251360E-01   0.1262424E-02
   0.2268813E-01   0.1257703E-02
   0.2286265E-01   0.1258767E-02
   0.2303718E-01   0.1251336E-02
   0.2321170E-01   0.1250321E-02
   0.2338623E-01   0.1207339E-02
   0.2356075E-01   0.1214198E-02
   0.2373527E-01   0.1193851E-02
   0.2390980E-01   0.1137363E-02
   0.2408432E-01   0.1115232E-02
   0.2425884E-01   0.1083728E-02
   0.2443337E-01   0.1049999E-02
   0.2460789E-01   0.9926633E-03
   0.2478242E-01   0.9526319E-03
   0.2495694E-01   0.9293483E-03
   0.2513147E-01   0.8848395E-03
   0.2530599E-01   0.8576856E-03
   0.2548051E-01   0.8335662E-03
   0.2565504E-01   0.8157055E-03
   0.2582956E-01   0.7918458E-03
   0.2600409E-01   0.7785054E-03
   0.2617861E-01   0.7519434E-03
   0.2635313E-01   0.7531582E-03
   0.2652766E-01   0.7448136E-03
   0.2670218E-01   0.7516022E-03
   0.2687671E-01   0.7379673E-03
   0.2705123E-01   0.7459813E-03
   0.2722575E-01   0.7449625E-03
   0.2740028E-01   0.7419290E-03
   0.2757480E-01   0.7449215E-03
   0.2774933E-01   0.7201663E-03
   0.2792385E-01   0.7029317E-03
   0.2809837E-01   0.6884682E-03
   0.2827290E-01   0.6670125E-03
   0.2844742E-01   0.6356066E-03
   0.2862195E-01   0.6289133E-03
   0.2879647E-01   0.5828400E-03
   0.2897099E-01   0.5694336E-03
   0.2914552E-01   0.5216430E-03
   0.2932004E-01   0.5126644E-03
   0.2949457E-01   0.4942373E-03
   0.2966909E-01   0.4546022E-03
   0.2984362E-01   0.4302171E-03
   0.3001814E-01   0.3857685E-03
   0.3019266E-01   0.3565746E-03
   0.3036719E-01   0.3392296E-03
   0.3054171E-01   0.2855253E-03
   0.3071623E-01   0.2500263E-03
   0.3089076E-01   0.2158960E-03
   0.3106528E-01   0.1650440E-03
   0.3123981E-01   0.1152566E-03
   0.3141433E-01   0.6998656E-04
   0.3158886E-01   0.1242697E-04
   0.3176338E-01  -0.6240913E-04
   0.3193790E-01  -0.1172155E-03
   0.3211243E-01  -0.1982273E-03
   0.3228695E-01  -0.2532056E-03
   0.3246148E-01  -0.3113777E-03
   0.3263600E-01  -0.4013131E-03
   0.3281052E-01  -0.4707883E-03
   0.3298505E-01  -0.4955936E-03
   0.3315957E-01  -0.5609787E-03
   0.3333410E-01  -0.5862453E-03
   0.3350862E-01  -0.5920219E-03
   0.3368314E-01  -0.6119293E-03
   0.3385767E-01  -0.5870453E-03
   0.3403219E-01  -0.5345701E-03
   0.3420672E-01  -0.4916692E-03
   0.3438124E-01  -0.4043286E-03
   0.3455576E-01  -0.2904394E-03
   0.3473029E-01  -0.1575611E-03
   0.3490481E-01  -0.3665840E-04
