        4.80        3.90
NULL
$r$
radial profile
0 0 0
0
   0.1100000E+31  -0.1100000E+31    5
   0.1100000E+31  -0.1100000E+31    5
    0
CURVE
     201
NULL
black_solid
NULL
    0.000000        0.000000    
   0.1745241E-03   0.2823481E-05
   0.3490481E-03  -0.1422132E-03
   0.5235722E-03   0.2982027E-03
   0.6980962E-03   0.4144945E-03
   0.8726203E-03   0.8912766E-03
   0.1047144E-02   0.2380723E-03
   0.1221668E-02   0.1019398E-02
   0.1396192E-02   0.9096324E-03
   0.1570717E-02   0.8413108E-03
   0.1745241E-02   0.1513956E-02
   0.1919765E-02   0.1045980E-02
   0.2094289E-02   0.1405254E-02
   0.2268813E-02   0.1056097E-02
   0.2443337E-02   0.1004815E-02
   0.2617861E-02   0.1249532E-02
   0.2792385E-02   0.1065981E-02
   0.2966909E-02   0.7868398E-03
   0.3141433E-02   0.7549148E-03
   0.3315957E-02   0.5779572E-03
   0.3490481E-02   0.1813195E-03
   0.3665005E-02  -0.1158088E-04
   0.3839529E-02  -0.4240565E-03
   0.4014053E-02  -0.7033161E-03
   0.4188578E-02  -0.1019931E-02
   0.4363101E-02  -0.1325317E-02
   0.4537626E-02  -0.1520065E-02
   0.4712150E-02  -0.1757179E-02
   0.4886674E-02  -0.2026675E-02
   0.5061198E-02  -0.2155571E-02
   0.5235722E-02  -0.2265517E-02
   0.5410246E-02  -0.2398549E-02
   0.5584770E-02  -0.2464444E-02
   0.5759294E-02  -0.2434043E-02
   0.5933818E-02  -0.2470375E-02
   0.6108342E-02  -0.2390257E-02
   0.6282866E-02  -0.2330946E-02
   0.6457390E-02  -0.2177702E-02
   0.6631915E-02  -0.2071746E-02
   0.6806438E-02  -0.1933837E-02
   0.6980963E-02  -0.1638481E-02
   0.7155487E-02  -0.1442264E-02
   0.7330011E-02  -0.1294736E-02
   0.7504535E-02  -0.9981637E-03
   0.7679059E-02  -0.7724687E-03
   0.7853583E-02  -0.4509203E-03
   0.8028107E-02  -0.1619300E-03
   0.8202631E-02   0.1627627E-03
   0.8377155E-02   0.5900521E-03
   0.8551680E-02   0.9117423E-03
   0.8726203E-02   0.1238943E-02
   0.8900727E-02   0.1661688E-02
   0.9075251E-02   0.1976086E-02
   0.9249776E-02   0.2337365E-02
   0.9424300E-02   0.2672898E-02
   0.9598823E-02   0.3015989E-02
   0.9773348E-02   0.3263313E-02
   0.9947872E-02   0.3471636E-02
   0.1012240E-01   0.3682943E-02
   0.1029692E-01   0.3789671E-02
   0.1047144E-01   0.3885096E-02
   0.1064597E-01   0.3931322E-02
   0.1082049E-01   0.3938228E-02
   0.1099502E-01   0.3878335E-02
   0.1116954E-01   0.3770895E-02
   0.1134406E-01   0.3655524E-02
   0.1151859E-01   0.3525793E-02
   0.1169311E-01   0.3400293E-02
   0.1186764E-01   0.3272596E-02
   0.1204216E-01   0.3100508E-02
   0.1221668E-01   0.2974501E-02
   0.1239121E-01   0.2872632E-02
   0.1256573E-01   0.2693526E-02
   0.1274026E-01   0.2633356E-02
   0.1291478E-01   0.2601997E-02
   0.1308930E-01   0.2504780E-02
   0.1326383E-01   0.2469847E-02
   0.1343835E-01   0.2490941E-02
   0.1361288E-01   0.2393426E-02
   0.1378740E-01   0.2419783E-02
   0.1396193E-01   0.2457497E-02
   0.1413645E-01   0.2406234E-02
   0.1431097E-01   0.2440180E-02
   0.1448550E-01   0.2494804E-02
   0.1466002E-01   0.2493333E-02
   0.1483455E-01   0.2464906E-02
   0.1500907E-01   0.2490638E-02
   0.1518359E-01   0.2492441E-02
   0.1535812E-01   0.2420494E-02
   0.1553264E-01   0.2453567E-02
   0.1570717E-01   0.2405249E-02
   0.1588169E-01   0.2352610E-02
   0.1605621E-01   0.2376006E-02
   0.1623074E-01   0.2210518E-02
   0.1640526E-01   0.2179737E-02
   0.1657979E-01   0.2120374E-02
   0.1675431E-01   0.1971266E-02
   0.1692883E-01   0.1887601E-02
   0.1710336E-01   0.1773680E-02
   0.1727788E-01   0.1612020E-02
   0.1745241E-01   0.1549813E-02
   0.1762693E-01   0.1345399E-02
   0.1780145E-01   0.1264606E-02
   0.1797598E-01   0.1200587E-02
   0.1815050E-01   0.1074416E-02
   0.1832503E-01   0.1022505E-02
   0.1849955E-01   0.9609542E-03
   0.1867408E-01   0.9414983E-03
   0.1884860E-01   0.8977417E-03
   0.1902312E-01   0.8924967E-03
   0.1919765E-01   0.8674008E-03
   0.1937217E-01   0.8843808E-03
   0.1954670E-01   0.9390471E-03
   0.1972122E-01   0.9825788E-03
   0.1989574E-01   0.1020660E-02
   0.2007027E-01   0.1090739E-02
   0.2024479E-01   0.1112648E-02
   0.2041932E-01   0.1184228E-02
   0.2059384E-01   0.1193851E-02
   0.2076836E-01   0.1200499E-02
   0.2094289E-01   0.1216307E-02
   0.2111741E-01   0.1149924E-02
   0.2129194E-01   0.1091898E-02
   0.2146646E-01   0.9915566E-03
   0.2164098E-01   0.8747657E-03
   0.2181551E-01   0.7812952E-03
   0.2199003E-01   0.5910609E-03
   0.2216456E-01   0.4223659E-03
   0.2233908E-01   0.2551391E-03
   0.2251360E-01   0.2552535E-04
   0.2268813E-01  -0.2092106E-03
   0.2286265E-01  -0.3831964E-03
   0.2303718E-01  -0.5908874E-03
   0.2321170E-01  -0.8526414E-03
   0.2338623E-01  -0.1008207E-02
   0.2356075E-01  -0.1127874E-02
   0.2373527E-01  -0.1300270E-02
   0.2390980E-01  -0.1368980E-02
   0.2408432E-01  -0.1390759E-02
   0.2425884E-01  -0.1452158E-02
   0.2443337E-01  -0.1407667E-02
   0.2460789E-01  -0.1307451E-02
   0.2478242E-01  -0.1290056E-02
   0.2495694E-01  -0.1179712E-02
   0.2513147E-01  -0.1053630E-02
   0.2530599E-01  -0.9722352E-03
   0.2548051E-01  -0.7977114E-03
   0.2565504E-01  -0.6289378E-03
   0.2582956E-01  -0.5180284E-03
   0.2600409E-01  -0.3628306E-03
   0.2617861E-01  -0.2011129E-03
   0.2635313E-01  -0.5040719E-04
   0.2652766E-01   0.6636682E-04
   0.2670218E-01   0.2709044E-03
   0.2687671E-01   0.3940680E-03
   0.2705123E-01   0.5241952E-03
   0.2722575E-01   0.6734569E-03
   0.2740028E-01   0.7588544E-03
   0.2757480E-01   0.8900682E-03
   0.2774933E-01   0.9902540E-03
   0.2792385E-01   0.1079845E-02
   0.2809837E-01   0.1145107E-02
   0.2827290E-01   0.1240362E-02
   0.2844742E-01   0.1270685E-02
   0.2862195E-01   0.1319932E-02
   0.2879647E-01   0.1320567E-02
   0.2897099E-01   0.1283879E-02
   0.2914552E-01   0.1253609E-02
   0.2932004E-01   0.1214563E-02
   0.2949457E-01   0.1133807E-02
   0.2966909E-01   0.1020545E-02
   0.2984362E-01   0.9036082E-03
   0.3001814E-01   0.7504577E-03
   0.3019266E-01   0.5908332E-03
   0.3036719E-01   0.4548597E-03
   0.3054171E-01   0.3223061E-03
   0.3071623E-01   0.1233038E-03
   0.3089076E-01   0.5820320E-05
   0.3106528E-01  -0.1307661E-03
   0.3123981E-01  -0.3139680E-03
   0.3141433E-01  -0.4082388E-03
   0.3158886E-01  -0.5061286E-03
   0.3176338E-01  -0.6212312E-03
   0.3193790E-01  -0.6618346E-03
   0.3211243E-01  -0.7390520E-03
   0.3228695E-01  -0.8026604E-03
   0.3246148E-01  -0.8261333E-03
   0.3263600E-01  -0.8431766E-03
   0.3281052E-01  -0.8683380E-03
   0.3298505E-01  -0.8464644E-03
   0.3315957E-01  -0.8353510E-03
   0.3333410E-01  -0.8291958E-03
   0.3350862E-01  -0.8081644E-03
   0.3368314E-01  -0.7603003E-03
   0.3385767E-01  -0.7508085E-03
   0.3403219E-01  -0.6772283E-03
   0.3420672E-01  -0.5974460E-03
   0.3438124E-01  -0.5870492E-03
   0.3455576E-01  -0.4986749E-03
   0.3473029E-01  -0.4352930E-03
   0.3490481E-01  -0.3853564E-03
