        4.80        3.90
NULL
$r$
radial profile
0 0 0
0
   0.1100000E+31  -0.1100000E+31    5
   0.1100000E+31  -0.1100000E+31    5
    0
CURVE
     201
NULL
black_solid
NULL
    0.000000        0.000000    
   0.1745241E-03   0.4291591E-02
   0.3490481E-03  -0.1244973E-01
   0.5235722E-03   0.3255552E-03
   0.6980962E-03   0.6518456E-02
   0.8726203E-03  -0.2679346E-02
   0.1047144E-02   0.9708986E-03
   0.1221668E-02   0.8136733E-02
   0.1396192E-02  -0.5603414E-03
   0.1570717E-02  -0.5180805E-03
   0.1745241E-02  -0.2242867E-02
   0.1919765E-02   0.5132893E-03
   0.2094289E-02  -0.1714716E-03
   0.2268813E-02  -0.3517915E-02
   0.2443337E-02   0.2084546E-03
   0.2617861E-02   0.4642222E-03
   0.2792385E-02  -0.1637189E-02
   0.2966909E-02   0.4192188E-03
   0.3141433E-02   0.8149724E-03
   0.3315957E-02  -0.8584704E-04
   0.3490481E-02   0.6373310E-03
   0.3665005E-02   0.7667036E-03
   0.3839529E-02   0.6993312E-03
   0.4014053E-02   0.9299203E-03
   0.4188578E-02   0.9068646E-03
   0.4363101E-02   0.9498805E-03
   0.4537626E-02   0.8743947E-03
   0.4712150E-02   0.8791983E-03
   0.4886674E-02   0.1005902E-02
   0.5061198E-02   0.9018183E-03
   0.5235722E-02   0.8468172E-03
   0.5410246E-02   0.9104084E-03
   0.5584770E-02   0.8939765E-03
   0.5759294E-02   0.8271885E-03
   0.5933818E-02   0.8053965E-03
   0.6108342E-02   0.8673639E-03
   0.6282866E-02   0.7777895E-03
   0.6457390E-02   0.7235055E-03
   0.6631915E-02   0.6777982E-03
   0.6806438E-02   0.5313576E-03
   0.6980963E-02   0.4508133E-03
   0.7155487E-02   0.3161939E-03
   0.7330011E-02   0.1397046E-03
   0.7504535E-02   0.1455869E-04
   0.7679059E-02  -0.2075652E-03
   0.7853583E-02  -0.4130084E-03
   0.8028107E-02  -0.6580941E-03
   0.8202631E-02  -0.9162173E-03
   0.8377155E-02  -0.1175546E-02
   0.8551680E-02  -0.1475966E-02
   0.8726203E-02  -0.1752904E-02
   0.8900727E-02  -0.2084338E-02
   0.9075251E-02  -0.2377940E-02
   0.9249776E-02  -0.2701523E-02
   0.9424300E-02  -0.3026831E-02
   0.9598823E-02  -0.3381366E-02
   0.9773348E-02  -0.3687482E-02
   0.9947872E-02  -0.3883505E-02
   0.1012240E-01  -0.4209228E-02
   0.1029692E-01  -0.4408926E-02
   0.1047144E-01  -0.4538752E-02
   0.1064597E-01  -0.4685191E-02
   0.1082049E-01  -0.4779316E-02
   0.1099502E-01  -0.4798640E-02
   0.1116954E-01  -0.4752811E-02
   0.1134406E-01  -0.4700045E-02
   0.1151859E-01  -0.4617635E-02
   0.1169311E-01  -0.4402515E-02
   0.1186764E-01  -0.4214257E-02
   0.1204216E-01  -0.3950395E-02
   0.1221668E-01  -0.3671908E-02
   0.1239121E-01  -0.3359476E-02
   0.1256573E-01  -0.3023896E-02
   0.1274026E-01  -0.2702558E-02
   0.1291478E-01  -0.2408550E-02
   0.1308930E-01  -0.2053197E-02
   0.1326383E-01  -0.1717013E-02
   0.1343835E-01  -0.1482994E-02
   0.1361288E-01  -0.1111179E-02
   0.1378740E-01  -0.8749024E-03
   0.1396193E-01  -0.6646803E-03
   0.1413645E-01  -0.4152075E-03
   0.1431097E-01  -0.1660938E-03
   0.1448550E-01  -0.1296327E-04
   0.1466002E-01   0.1687652E-03
   0.1483455E-01   0.3993993E-03
   0.1500907E-01   0.5259262E-03
   0.1518359E-01   0.7356419E-03
   0.1535812E-01   0.8546462E-03
   0.1553264E-01   0.9949690E-03
   0.1570717E-01   0.1152132E-02
   0.1588169E-01   0.1209697E-02
   0.1605621E-01   0.1386491E-02
   0.1623074E-01   0.1467285E-02
   0.1640526E-01   0.1553375E-02
   0.1657979E-01   0.1595308E-02
   0.1675431E-01   0.1686134E-02
   0.1692883E-01   0.1746244E-02
   0.1710336E-01   0.1664820E-02
   0.1727788E-01   0.1726828E-02
   0.1745241E-01   0.1668299E-02
   0.1762693E-01   0.1568994E-02
   0.1780145E-01   0.1527368E-02
   0.1797598E-01   0.1403765E-02
   0.1815050E-01   0.1308518E-02
   0.1832503E-01   0.1087978E-02
   0.1849955E-01   0.9776608E-03
   0.1867408E-01   0.8095581E-03
   0.1884860E-01   0.5397454E-03
   0.1902312E-01   0.3918693E-03
   0.1919765E-01   0.1515802E-03
   0.1937217E-01  -0.1769191E-04
   0.1954670E-01  -0.2321851E-03
   0.1972122E-01  -0.4154699E-03
   0.1989574E-01  -0.5626286E-03
   0.2007027E-01  -0.7946995E-03
   0.2024479E-01  -0.8067781E-03
   0.2041932E-01  -0.1031229E-02
   0.2059384E-01  -0.1129921E-02
   0.2076836E-01  -0.1162283E-02
   0.2094289E-01  -0.1304817E-02
   0.2111741E-01  -0.1304364E-02
   0.2129194E-01  -0.1356269E-02
   0.2146646E-01  -0.1382064E-02
   0.2164098E-01  -0.1422738E-02
   0.2181551E-01  -0.1400380E-02
   0.2199003E-01  -0.1390508E-02
   0.2216456E-01  -0.1402688E-02
   0.2233908E-01  -0.1273506E-02
   0.2251360E-01  -0.1263504E-02
   0.2268813E-01  -0.1189649E-02
   0.2286265E-01  -0.1088729E-02
   0.2303718E-01  -0.1054186E-02
   0.2321170E-01  -0.8471836E-03
   0.2338623E-01  -0.7719572E-03
   0.2356075E-01  -0.6129117E-03
   0.2373527E-01  -0.4847393E-03
   0.2390980E-01  -0.3839372E-03
   0.2408432E-01  -0.2575773E-03
   0.2425884E-01  -0.1915230E-03
   0.2443337E-01  -0.7898928E-04
   0.2460789E-01  -0.8276078E-04
   0.2478242E-01  -0.2555058E-04
   0.2495694E-01   0.2706650E-04
   0.2513147E-01  -0.1043240E-04
   0.2530599E-01   0.3777335E-04
   0.2548051E-01  -0.4642915E-04
   0.2565504E-01  -0.7389710E-04
   0.2582956E-01  -0.1212366E-03
   0.2600409E-01  -0.2034497E-03
   0.2617861E-01  -0.2384511E-03
   0.2635313E-01  -0.3399447E-03
   0.2652766E-01  -0.4128185E-03
   0.2670218E-01  -0.4584865E-03
   0.2687671E-01  -0.5191097E-03
   0.2705123E-01  -0.5620332E-03
   0.2722575E-01  -0.5929440E-03
   0.2740028E-01  -0.6297964E-03
   0.2757480E-01  -0.6503304E-03
   0.2774933E-01  -0.6316769E-03
   0.2792385E-01  -0.6337115E-03
   0.2809837E-01  -0.5958455E-03
   0.2827290E-01  -0.5778673E-03
   0.2844742E-01  -0.5561294E-03
   0.2862195E-01  -0.5362632E-03
   0.2879647E-01  -0.5092164E-03
   0.2897099E-01  -0.4353003E-03
   0.2914552E-01  -0.4348825E-03
   0.2932004E-01  -0.3940944E-03
   0.2949457E-01  -0.3712415E-03
   0.2966909E-01  -0.3841803E-03
   0.2984362E-01  -0.3882984E-03
   0.3001814E-01  -0.3994915E-03
   0.3019266E-01  -0.4302074E-03
   0.3036719E-01  -0.5052222E-03
   0.3054171E-01  -0.5530168E-03
   0.3071623E-01  -0.6867790E-03
   0.3089076E-01  -0.7736083E-03
   0.3106528E-01  -0.9082339E-03
   0.3123981E-01  -0.1091889E-02
   0.3141433E-01  -0.1149669E-02
   0.3158886E-01  -0.1377676E-02
   0.3176338E-01  -0.1532913E-02
   0.3193790E-01  -0.1655267E-02
   0.3211243E-01  -0.1859841E-02
   0.3228695E-01  -0.1982776E-02
   0.3246148E-01  -0.2179353E-02
   0.3263600E-01  -0.2255937E-02
   0.3281052E-01  -0.2417232E-02
   0.3298505E-01  -0.2586843E-02
   0.3315957E-01  -0.2647311E-02
   0.3333410E-01  -0.2784726E-02
   0.3350862E-01  -0.2825779E-02
   0.3368314E-01  -0.2966173E-02
   0.3385767E-01  -0.3000165E-02
   0.3403219E-01  -0.3075644E-02
   0.3420672E-01  -0.3171528E-02
   0.3438124E-01  -0.3173990E-02
   0.3455576E-01  -0.3303430E-02
   0.3473029E-01  -0.3356230E-02
   0.3490481E-01  -0.3444140E-02
