   0.00000E+00   0.00000E+00
   0.17452E-03   0.44574E-02
   0.34905E-03  -0.12752E-01
   0.52357E-03   0.42696E-03
   0.69810E-03   0.71594E-02
   0.87262E-03  -0.27085E-02
   0.10471E-02   0.43437E-03
   0.12217E-02   0.83385E-02
   0.13962E-02   0.70737E-03
   0.15707E-02  -0.48845E-03
   0.17452E-02  -0.11181E-02
   0.19198E-02   0.35217E-02
   0.20943E-02   0.25000E-02
   0.22688E-02  -0.72807E-04
   0.24433E-02   0.49818E-02
   0.26179E-02   0.64823E-02
   0.27924E-02   0.52348E-02
   0.29669E-02   0.89474E-02
   0.31414E-02   0.11155E-01
   0.33160E-02   0.11615E-01
   0.34905E-02   0.13950E-01
   0.36650E-02   0.15756E-01
   0.38395E-02   0.17444E-01
   0.40141E-02   0.19341E-01
   0.41886E-02   0.20812E-01
   0.43631E-02   0.22691E-01
   0.45376E-02   0.24234E-01
   0.47121E-02   0.25576E-01
   0.48867E-02   0.27303E-01
   0.50612E-02   0.28552E-01
   0.52357E-02   0.29807E-01
   0.54102E-02   0.31117E-01
   0.55848E-02   0.32202E-01
   0.57593E-02   0.33295E-01
   0.59338E-02   0.34275E-01
   0.61083E-02   0.35151E-01
   0.62829E-02   0.36071E-01
   0.64574E-02   0.36811E-01
   0.66319E-02   0.37467E-01
   0.68064E-02   0.38214E-01
   0.69810E-02   0.38891E-01
   0.71555E-02   0.39272E-01
   0.73300E-02   0.39918E-01
   0.75045E-02   0.40361E-01
   0.76791E-02   0.40590E-01
   0.78536E-02   0.41052E-01
   0.80281E-02   0.41167E-01
   0.82026E-02   0.41440E-01
   0.83772E-02   0.41563E-01
   0.85517E-02   0.41545E-01
   0.87262E-02   0.41638E-01
   0.89007E-02   0.41549E-01
   0.90753E-02   0.41444E-01
   0.92498E-02   0.41209E-01
   0.94243E-02   0.41104E-01
   0.95988E-02   0.40833E-01
   0.97733E-02   0.40393E-01
   0.99479E-02   0.40269E-01
   0.10122E-01   0.39767E-01
   0.10297E-01   0.39562E-01
   0.10471E-01   0.39165E-01
   0.10646E-01   0.38748E-01
   0.10820E-01   0.38454E-01
   0.10995E-01   0.37866E-01
   0.11170E-01   0.37703E-01
   0.11344E-01   0.37092E-01
   0.11519E-01   0.36670E-01
   0.11693E-01   0.36277E-01
   0.11868E-01   0.35706E-01
   0.12042E-01   0.35466E-01
   0.12217E-01   0.34736E-01
   0.12391E-01   0.34391E-01
   0.12566E-01   0.34018E-01
   0.12740E-01   0.33460E-01
   0.12915E-01   0.33179E-01
   0.13089E-01   0.32689E-01
   0.13264E-01   0.32490E-01
   0.13438E-01   0.32050E-01
   0.13613E-01   0.31787E-01
   0.13787E-01   0.31605E-01
   0.13962E-01   0.31214E-01
   0.14136E-01   0.31156E-01
   0.14311E-01   0.30748E-01
   0.14485E-01   0.30623E-01
   0.14660E-01   0.30462E-01
   0.14835E-01   0.30070E-01
   0.15009E-01   0.29926E-01
   0.15184E-01   0.29483E-01
   0.15358E-01   0.29217E-01
   0.15533E-01   0.28837E-01
   0.15707E-01   0.28417E-01
   0.15882E-01   0.27979E-01
   0.16056E-01   0.27379E-01
   0.16231E-01   0.26985E-01
   0.16405E-01   0.26345E-01
   0.16580E-01   0.25905E-01
   0.16754E-01   0.25362E-01
   0.16929E-01   0.24744E-01
   0.17103E-01   0.24322E-01
   0.17278E-01   0.23684E-01
   0.17452E-01   0.23228E-01
   0.17627E-01   0.22775E-01
   0.17801E-01   0.22234E-01
   0.17976E-01   0.21833E-01
   0.18151E-01   0.21428E-01
   0.18325E-01   0.20996E-01
   0.18500E-01   0.20611E-01
   0.18674E-01   0.20293E-01
   0.18849E-01   0.19893E-01
   0.19023E-01   0.19526E-01
   0.19198E-01   0.19236E-01
   0.19372E-01   0.18858E-01
   0.19547E-01   0.18538E-01
   0.19721E-01   0.18191E-01
   0.19896E-01   0.17771E-01
   0.20070E-01   0.17497E-01
   0.20245E-01   0.16994E-01
   0.20419E-01   0.16665E-01
   0.20594E-01   0.16275E-01
   0.20768E-01   0.15808E-01
   0.20943E-01   0.15429E-01
   0.21117E-01   0.14950E-01
   0.21292E-01   0.14597E-01
   0.21466E-01   0.14146E-01
   0.21641E-01   0.13782E-01
   0.21816E-01   0.13417E-01
   0.21990E-01   0.13011E-01
   0.22165E-01   0.12756E-01
   0.22339E-01   0.12381E-01
   0.22514E-01   0.12146E-01
   0.22688E-01   0.11874E-01
   0.22863E-01   0.11641E-01
   0.23037E-01   0.11466E-01
   0.23212E-01   0.11227E-01
   0.23386E-01   0.11115E-01
   0.23561E-01   0.10897E-01
   0.23735E-01   0.10755E-01
   0.23910E-01   0.10582E-01
   0.24084E-01   0.10362E-01
   0.24259E-01   0.10223E-01
   0.24433E-01   0.10011E-01
   0.24608E-01   0.99074E-02
   0.24782E-01   0.97426E-02
   0.24957E-01   0.95532E-02
   0.25131E-01   0.94550E-02
   0.25306E-01   0.93310E-02
   0.25481E-01   0.92777E-02
   0.25655E-01   0.91677E-02
   0.25830E-01   0.91640E-02
   0.26004E-01   0.91976E-02
   0.26179E-01   0.91319E-02
   0.26353E-01   0.92686E-02
   0.26528E-01   0.93203E-02
   0.26702E-01   0.93575E-02
   0.26877E-01   0.95223E-02
   0.27051E-01   0.95961E-02
   0.27226E-01   0.97002E-02
   0.27400E-01   0.97870E-02
   0.27575E-01   0.98623E-02
   0.27749E-01   0.99570E-02
   0.27924E-01   0.10038E-01
   0.28098E-01   0.10039E-01
   0.28273E-01   0.10057E-01
   0.28447E-01   0.10065E-01
   0.28622E-01   0.10017E-01
   0.28796E-01   0.99876E-02
   0.28971E-01   0.99126E-02
   0.29146E-01   0.98426E-02
   0.29320E-01   0.97912E-02
   0.29495E-01   0.97168E-02
   0.29669E-01   0.96883E-02
   0.29844E-01   0.95832E-02
   0.30018E-01   0.95530E-02
   0.30193E-01   0.95525E-02
   0.30367E-01   0.94934E-02
   0.30542E-01   0.94812E-02
   0.30716E-01   0.94586E-02
   0.30891E-01   0.94479E-02
   0.31065E-01   0.95112E-02
   0.31240E-01   0.94706E-02
   0.31414E-01   0.94892E-02
   0.31589E-01   0.95452E-02
   0.31763E-01   0.95554E-02
   0.31938E-01   0.95634E-02
   0.32112E-01   0.95963E-02
   0.32287E-01   0.96252E-02
   0.32461E-01   0.95449E-02
   0.32636E-01   0.96065E-02
   0.32811E-01   0.95834E-02
   0.32985E-01   0.95202E-02
   0.33160E-01   0.95362E-02
   0.33334E-01   0.94653E-02
   0.33509E-01   0.94458E-02
   0.33683E-01   0.93924E-02
   0.33858E-01   0.92943E-02
   0.34032E-01   0.93103E-02
   0.34207E-01   0.92298E-02
   0.34381E-01   0.91537E-02
   0.34556E-01   0.91724E-02
   0.34730E-01   0.91372E-02
   0.34905E-01   0.90660E-02
