        4.80        3.90
NULL
$r$
radial profile
0 0 0
0
   0.1100000E+31  -0.1100000E+31    5
   0.1100000E+31  -0.1100000E+31    5
    0
CURVE
     201
NULL
black_solid
NULL
    0.000000        1.972053    
   0.1745241E-03    1.968559    
   0.3490481E-03    1.893879    
   0.5235722E-03    1.859378    
   0.6980962E-03    1.823733    
   0.8726203E-03    1.703427    
   0.1047144E-02    1.622162    
   0.1221668E-02    1.548855    
   0.1396192E-02    1.415960    
   0.1570717E-02    1.327080    
   0.1745241E-02    1.234913    
   0.1919765E-02    1.120423    
   0.2094289E-02    1.048202    
   0.2268813E-02   0.9640971    
   0.2443337E-02   0.8842790    
   0.2617861E-02   0.8340234    
   0.2792385E-02   0.7763097    
   0.2966909E-02   0.7281383    
   0.3141433E-02   0.6978869    
   0.3315957E-02   0.6637388    
   0.3490481E-02   0.6384432    
   0.3665005E-02   0.6220664    
   0.3839529E-02   0.6039129    
   0.4014053E-02   0.5915109    
   0.4188578E-02   0.5828767    
   0.4363101E-02   0.5736958    
   0.4537626E-02   0.5677852    
   0.4712150E-02   0.5633136    
   0.4886674E-02   0.5589676    
   0.5061198E-02   0.5563505    
   0.5235722E-02   0.5542968    
   0.5410246E-02   0.5524561    
   0.5584770E-02   0.5514473    
   0.5759294E-02   0.5505045    
   0.5933818E-02   0.5496363    
   0.6108342E-02   0.5490673    
   0.6282866E-02   0.5483778    
   0.6457390E-02   0.5475926    
   0.6631915E-02   0.5469810    
   0.6806438E-02   0.5462636    
   0.6980963E-02   0.5455134    
   0.7155487E-02   0.5449561    
   0.7330011E-02   0.5443152    
   0.7504535E-02   0.5438356    
   0.7679059E-02   0.5434558    
   0.7853583E-02   0.5431492    
   0.8028107E-02   0.5429536    
   0.8202631E-02   0.5426482    
   0.8377155E-02   0.5424398    
   0.8551680E-02   0.5421650    
   0.8726203E-02   0.5417851    
   0.8900727E-02   0.5413713    
   0.9075251E-02   0.5408000    
   0.9249776E-02   0.5402436    
   0.9424300E-02   0.5396186    
   0.9598823E-02   0.5390208    
   0.9773348E-02   0.5385001    
   0.9947872E-02   0.5379550    
   0.1012240E-01   0.5376573    
   0.1029692E-01   0.5372289    
   0.1047144E-01   0.5370173    
   0.1064597E-01   0.5368496    
   0.1082049E-01   0.5366097    
   0.1099502E-01   0.5365259    
   0.1116954E-01   0.5363303    
   0.1134406E-01   0.5360985    
   0.1151859E-01   0.5358766    
   0.1169311E-01   0.5355701    
   0.1186764E-01   0.5352802    
   0.1204216E-01   0.5349202    
   0.1221668E-01   0.5346478    
   0.1239121E-01   0.5342892    
   0.1256573E-01   0.5340738    
   0.1274026E-01   0.5338700    
   0.1291478E-01   0.5336629    
   0.1308930E-01   0.5335684    
   0.1326383E-01   0.5334089    
   0.1343835E-01   0.5332903    
   0.1361288E-01   0.5331559    
   0.1378740E-01   0.5329109    
   0.1396193E-01   0.5326950    
   0.1413645E-01   0.5324196    
   0.1431097E-01   0.5320496    
   0.1448550E-01   0.5316453    
   0.1466002E-01   0.5312455    
   0.1483455E-01   0.5307259    
   0.1500907E-01   0.5302618    
   0.1518359E-01   0.5297909    
   0.1535812E-01   0.5293114    
   0.1553264E-01   0.5288370    
   0.1570717E-01   0.5283864    
   0.1588169E-01   0.5279159    
   0.1605621E-01   0.5273769    
   0.1623074E-01   0.5269535    
   0.1640526E-01   0.5263853    
   0.1657979E-01   0.5259205    
   0.1675431E-01   0.5254257    
   0.1692883E-01   0.5248428    
   0.1710336E-01   0.5244374    
   0.1727788E-01   0.5239166    
   0.1745241E-01   0.5234963    
   0.1762693E-01   0.5231519    
   0.1780145E-01   0.5228019    
   0.1797598E-01   0.5225680    
   0.1815050E-01   0.5223160    
   0.1832503E-01   0.5220948    
   0.1849955E-01   0.5219042    
   0.1867408E-01   0.5216768    
   0.1884860E-01   0.5214376    
   0.1902312E-01   0.5211364    
   0.1919765E-01   0.5208628    
   0.1937217E-01   0.5204583    
   0.1954670E-01   0.5200892    
   0.1972122E-01   0.5196237    
   0.1989574E-01   0.5191600    
   0.2007027E-01   0.5187358    
   0.2024479E-01   0.5181562    
   0.2041932E-01   0.5177067    
   0.2059384E-01   0.5172375    
   0.2076836E-01   0.5167352    
   0.2094289E-01   0.5163165    
   0.2111741E-01   0.5158206    
   0.2129194E-01   0.5153203    
   0.2146646E-01   0.5148581    
   0.2164098E-01   0.5144061    
   0.2181551E-01   0.5139214    
   0.2199003E-01   0.5134460    
   0.2216456E-01   0.5130343    
   0.2233908E-01   0.5125969    
   0.2251360E-01   0.5122129    
   0.2268813E-01   0.5118600    
   0.2286265E-01   0.5115524    
   0.2303718E-01   0.5112842    
   0.2321170E-01   0.5110283    
   0.2338623E-01   0.5108293    
   0.2356075E-01   0.5106950    
   0.2373527E-01   0.5105194    
   0.2390980E-01   0.5103432    
   0.2408432E-01   0.5101972    
   0.2425884E-01   0.5099983    
   0.2443337E-01   0.5097677    
   0.2460789E-01   0.5095768    
   0.2478242E-01   0.5093160    
   0.2495694E-01   0.5090728    
   0.2513147E-01   0.5088630    
   0.2530599E-01   0.5085710    
   0.2548051E-01   0.5084071    
   0.2565504E-01   0.5081616    
   0.2582956E-01   0.5079837    
   0.2600409E-01   0.5078740    
   0.2617861E-01   0.5076802    
   0.2635313E-01   0.5075443    
   0.2652766E-01   0.5074306    
   0.2670218E-01   0.5072922    
   0.2687671E-01   0.5071439    
   0.2705123E-01   0.5070375    
   0.2722575E-01   0.5069158    
   0.2740028E-01   0.5068018    
   0.2757480E-01   0.5067117    
   0.2774933E-01   0.5066125    
   0.2792385E-01   0.5065196    
   0.2809837E-01   0.5064525    
   0.2827290E-01   0.5064196    
   0.2844742E-01   0.5063137    
   0.2862195E-01   0.5062577    
   0.2879647E-01   0.5061964    
   0.2897099E-01   0.5060902    
   0.2914552E-01   0.5059742    
   0.2932004E-01   0.5057903    
   0.2949457E-01   0.5056366    
   0.2966909E-01   0.5054233    
   0.2984362E-01   0.5051643    
   0.3001814E-01   0.5049327    
   0.3019266E-01   0.5046753    
   0.3036719E-01   0.5044144    
   0.3054171E-01   0.5041184    
   0.3071623E-01   0.5039118    
   0.3089076E-01   0.5036517    
   0.3106528E-01   0.5034148    
   0.3123981E-01   0.5032545    
   0.3141433E-01   0.5030002    
   0.3158886E-01   0.5028216    
   0.3176338E-01   0.5026209    
   0.3193790E-01   0.5024250    
   0.3211243E-01   0.5022828    
   0.3228695E-01   0.5020896    
   0.3246148E-01   0.5019832    
   0.3263600E-01   0.5017922    
   0.3281052E-01   0.5016897    
   0.3298505E-01   0.5015746    
   0.3315957E-01   0.5014367    
   0.3333410E-01   0.5014251    
   0.3350862E-01   0.5013053    
   0.3368314E-01   0.5012876    
   0.3385767E-01   0.5012288    
   0.3403219E-01   0.5012174    
   0.3420672E-01   0.5011951    
   0.3438124E-01   0.5010849    
   0.3455576E-01   0.5010948    
   0.3473029E-01   0.5010329    
   0.3490481E-01   0.5009797    
