   0.00000E+00   0.19721E+01
   0.17452E-03   0.19686E+01
   0.34905E-03   0.18939E+01
   0.52357E-03   0.18594E+01
   0.69810E-03   0.18237E+01
   0.87262E-03   0.17034E+01
   0.10471E-02   0.16222E+01
   0.12217E-02   0.15489E+01
   0.13962E-02   0.14160E+01
   0.15707E-02   0.13271E+01
   0.17452E-02   0.12349E+01
   0.19198E-02   0.11204E+01
   0.20943E-02   0.10482E+01
   0.22688E-02   0.96410E+00
   0.24433E-02   0.88428E+00
   0.26179E-02   0.83402E+00
   0.27924E-02   0.77631E+00
   0.29669E-02   0.72814E+00
   0.31414E-02   0.69789E+00
   0.33160E-02   0.66374E+00
   0.34905E-02   0.63844E+00
   0.36650E-02   0.62207E+00
   0.38395E-02   0.60391E+00
   0.40141E-02   0.59151E+00
   0.41886E-02   0.58288E+00
   0.43631E-02   0.57370E+00
   0.45376E-02   0.56779E+00
   0.47121E-02   0.56331E+00
   0.48867E-02   0.55897E+00
   0.50612E-02   0.55635E+00
   0.52357E-02   0.55430E+00
   0.54102E-02   0.55246E+00
   0.55848E-02   0.55145E+00
   0.57593E-02   0.55050E+00
   0.59338E-02   0.54964E+00
   0.61083E-02   0.54907E+00
   0.62829E-02   0.54838E+00
   0.64574E-02   0.54759E+00
   0.66319E-02   0.54698E+00
   0.68064E-02   0.54626E+00
   0.69810E-02   0.54551E+00
   0.71555E-02   0.54496E+00
   0.73300E-02   0.54432E+00
   0.75045E-02   0.54384E+00
   0.76791E-02   0.54346E+00
   0.78536E-02   0.54315E+00
   0.80281E-02   0.54295E+00
   0.82026E-02   0.54265E+00
   0.83772E-02   0.54244E+00
   0.85517E-02   0.54217E+00
   0.87262E-02   0.54179E+00
   0.89007E-02   0.54137E+00
   0.90753E-02   0.54080E+00
   0.92498E-02   0.54024E+00
   0.94243E-02   0.53962E+00
   0.95988E-02   0.53902E+00
   0.97733E-02   0.53850E+00
   0.99479E-02   0.53795E+00
   0.10122E-01   0.53766E+00
   0.10297E-01   0.53723E+00
   0.10471E-01   0.53702E+00
   0.10646E-01   0.53685E+00
   0.10820E-01   0.53661E+00
   0.10995E-01   0.53653E+00
   0.11170E-01   0.53633E+00
   0.11344E-01   0.53610E+00
   0.11519E-01   0.53588E+00
   0.11693E-01   0.53557E+00
   0.11868E-01   0.53528E+00
   0.12042E-01   0.53492E+00
   0.12217E-01   0.53465E+00
   0.12391E-01   0.53429E+00
   0.12566E-01   0.53407E+00
   0.12740E-01   0.53387E+00
   0.12915E-01   0.53366E+00
   0.13089E-01   0.53357E+00
   0.13264E-01   0.53341E+00
   0.13438E-01   0.53329E+00
   0.13613E-01   0.53316E+00
   0.13787E-01   0.53291E+00
   0.13962E-01   0.53270E+00
   0.14136E-01   0.53242E+00
   0.14311E-01   0.53205E+00
   0.14485E-01   0.53165E+00
   0.14660E-01   0.53125E+00
   0.14835E-01   0.53073E+00
   0.15009E-01   0.53026E+00
   0.15184E-01   0.52979E+00
   0.15358E-01   0.52931E+00
   0.15533E-01   0.52884E+00
   0.15707E-01   0.52839E+00
   0.15882E-01   0.52792E+00
   0.16056E-01   0.52738E+00
   0.16231E-01   0.52695E+00
   0.16405E-01   0.52639E+00
   0.16580E-01   0.52592E+00
   0.16754E-01   0.52543E+00
   0.16929E-01   0.52484E+00
   0.17103E-01   0.52444E+00
   0.17278E-01   0.52392E+00
   0.17452E-01   0.52350E+00
   0.17627E-01   0.52315E+00
   0.17801E-01   0.52280E+00
   0.17976E-01   0.52257E+00
   0.18151E-01   0.52232E+00
   0.18325E-01   0.52209E+00
   0.18500E-01   0.52190E+00
   0.18674E-01   0.52168E+00
   0.18849E-01   0.52144E+00
   0.19023E-01   0.52114E+00
   0.19198E-01   0.52086E+00
   0.19372E-01   0.52046E+00
   0.19547E-01   0.52009E+00
   0.19721E-01   0.51962E+00
   0.19896E-01   0.51916E+00
   0.20070E-01   0.51874E+00
   0.20245E-01   0.51816E+00
   0.20419E-01   0.51771E+00
   0.20594E-01   0.51724E+00
   0.20768E-01   0.51674E+00
   0.20943E-01   0.51632E+00
   0.21117E-01   0.51582E+00
   0.21292E-01   0.51532E+00
   0.21466E-01   0.51486E+00
   0.21641E-01   0.51441E+00
   0.21816E-01   0.51392E+00
   0.21990E-01   0.51345E+00
   0.22165E-01   0.51303E+00
   0.22339E-01   0.51260E+00
   0.22514E-01   0.51221E+00
   0.22688E-01   0.51186E+00
   0.22863E-01   0.51155E+00
   0.23037E-01   0.51128E+00
   0.23212E-01   0.51103E+00
   0.23386E-01   0.51083E+00
   0.23561E-01   0.51070E+00
   0.23735E-01   0.51052E+00
   0.23910E-01   0.51034E+00
   0.24084E-01   0.51020E+00
   0.24259E-01   0.51000E+00
   0.24433E-01   0.50977E+00
   0.24608E-01   0.50958E+00
   0.24782E-01   0.50932E+00
   0.24957E-01   0.50907E+00
   0.25131E-01   0.50886E+00
   0.25306E-01   0.50857E+00
   0.25481E-01   0.50841E+00
   0.25655E-01   0.50816E+00
   0.25830E-01   0.50798E+00
   0.26004E-01   0.50787E+00
   0.26179E-01   0.50768E+00
   0.26353E-01   0.50754E+00
   0.26528E-01   0.50743E+00
   0.26702E-01   0.50729E+00
   0.26877E-01   0.50714E+00
   0.27051E-01   0.50704E+00
   0.27226E-01   0.50692E+00
   0.27400E-01   0.50680E+00
   0.27575E-01   0.50671E+00
   0.27749E-01   0.50661E+00
   0.27924E-01   0.50652E+00
   0.28098E-01   0.50645E+00
   0.28273E-01   0.50642E+00
   0.28447E-01   0.50631E+00
   0.28622E-01   0.50626E+00
   0.28796E-01   0.50620E+00
   0.28971E-01   0.50609E+00
   0.29146E-01   0.50597E+00
   0.29320E-01   0.50579E+00
   0.29495E-01   0.50564E+00
   0.29669E-01   0.50542E+00
   0.29844E-01   0.50516E+00
   0.30018E-01   0.50493E+00
   0.30193E-01   0.50468E+00
   0.30367E-01   0.50441E+00
   0.30542E-01   0.50412E+00
   0.30716E-01   0.50391E+00
   0.30891E-01   0.50365E+00
   0.31065E-01   0.50341E+00
   0.31240E-01   0.50325E+00
   0.31414E-01   0.50300E+00
   0.31589E-01   0.50282E+00
   0.31763E-01   0.50262E+00
   0.31938E-01   0.50242E+00
   0.32112E-01   0.50228E+00
   0.32287E-01   0.50209E+00
   0.32461E-01   0.50198E+00
   0.32636E-01   0.50179E+00
   0.32811E-01   0.50169E+00
   0.32985E-01   0.50157E+00
   0.33160E-01   0.50144E+00
   0.33334E-01   0.50143E+00
   0.33509E-01   0.50131E+00
   0.33683E-01   0.50129E+00
   0.33858E-01   0.50123E+00
   0.34032E-01   0.50122E+00
   0.34207E-01   0.50120E+00
   0.34381E-01   0.50108E+00
   0.34556E-01   0.50109E+00
   0.34730E-01   0.50103E+00
   0.34905E-01   0.50098E+00
