        4.80        3.90
NULL
$r$
radial profile
0 0 0
0
   0.1100000E+31  -0.1100000E+31    5
   0.1100000E+31  -0.1100000E+31    5
    0
CURVE
     201
NULL
black_solid
NULL
    0.000000        0.000000    
   0.1745241E-03   0.4457357E-02
   0.3490481E-03  -0.1275166E-01
   0.5235722E-03   0.4269635E-03
   0.6980962E-03   0.7159395E-02
   0.8726203E-03  -0.2708479E-02
   0.1047144E-02   0.4343702E-03
   0.1221668E-02   0.8338452E-02
   0.1396192E-02   0.7073706E-03
   0.1570717E-02  -0.4884543E-03
   0.1745241E-02  -0.1118137E-02
   0.1919765E-02   0.3521690E-02
   0.2094289E-02   0.2500046E-02
   0.2268813E-02  -0.7280696E-04
   0.2443337E-02   0.4981783E-02
   0.2617861E-02   0.6482349E-02
   0.2792385E-02   0.5234757E-02
   0.2966909E-02   0.8947410E-02
   0.3141433E-02   0.1115533E-01
   0.3315957E-02   0.1161539E-01
   0.3490481E-02   0.1395047E-01
   0.3665005E-02   0.1575596E-01
   0.3839529E-02   0.1744371E-01
   0.4014053E-02   0.1934095E-01
   0.4188578E-02   0.2081201E-01
   0.4363101E-02   0.2269055E-01
   0.4537626E-02   0.2423437E-01
   0.4712150E-02   0.2557632E-01
   0.4886674E-02   0.2730335E-01
   0.5061198E-02   0.2855231E-01
   0.5235722E-02   0.2980699E-01
   0.5410246E-02   0.3111689E-01
   0.5584770E-02   0.3220151E-01
   0.5759294E-02   0.3329451E-01
   0.5933818E-02   0.3427494E-01
   0.6108342E-02   0.3515126E-01
   0.6282866E-02   0.3607071E-01
   0.6457390E-02   0.3681132E-01
   0.6631915E-02   0.3746726E-01
   0.6806438E-02   0.3821361E-01
   0.6980963E-02   0.3889092E-01
   0.7155487E-02   0.3927169E-01
   0.7330011E-02   0.3991783E-01
   0.7504535E-02   0.4036067E-01
   0.7679059E-02   0.4058982E-01
   0.7853583E-02   0.4105230E-01
   0.8028107E-02   0.4116720E-01
   0.8202631E-02   0.4144002E-01
   0.8377155E-02   0.4156309E-01
   0.8551680E-02   0.4154491E-01
   0.8726203E-02   0.4163751E-01
   0.8900727E-02   0.4154931E-01
   0.9075251E-02   0.4144425E-01
   0.9249776E-02   0.4120861E-01
   0.9424300E-02   0.4110443E-01
   0.9598823E-02   0.4083325E-01
   0.9773348E-02   0.4039294E-01
   0.9947872E-02   0.4026900E-01
   0.1012240E-01   0.3976722E-01
   0.1029692E-01   0.3956179E-01
   0.1047144E-01   0.3916492E-01
   0.1064597E-01   0.3874847E-01
   0.1082049E-01   0.3845374E-01
   0.1099502E-01   0.3786594E-01
   0.1116954E-01   0.3770313E-01
   0.1134406E-01   0.3709182E-01
   0.1151859E-01   0.3667032E-01
   0.1169311E-01   0.3627668E-01
   0.1186764E-01   0.3570645E-01
   0.1204216E-01   0.3546566E-01
   0.1221668E-01   0.3473554E-01
   0.1239121E-01   0.3439112E-01
   0.1256573E-01   0.3401849E-01
   0.1274026E-01   0.3345956E-01
   0.1291478E-01   0.3317950E-01
   0.1308930E-01   0.3268915E-01
   0.1326383E-01   0.3249005E-01
   0.1343835E-01   0.3205044E-01
   0.1361288E-01   0.3178652E-01
   0.1378740E-01   0.3160507E-01
   0.1396193E-01   0.3121446E-01
   0.1413645E-01   0.3115564E-01
   0.1431097E-01   0.3074835E-01
   0.1448550E-01   0.3062334E-01
   0.1466002E-01   0.3046216E-01
   0.1483455E-01   0.3007049E-01
   0.1500907E-01   0.2992585E-01
   0.1518359E-01   0.2948296E-01
   0.1535812E-01   0.2921710E-01
   0.1553264E-01   0.2883650E-01
   0.1570717E-01   0.2841687E-01
   0.1588169E-01   0.2797852E-01
   0.1605621E-01   0.2737909E-01
   0.1623074E-01   0.2698486E-01
   0.1640526E-01   0.2634524E-01
   0.1657979E-01   0.2590461E-01
   0.1675431E-01   0.2536247E-01
   0.1692883E-01   0.2474396E-01
   0.1710336E-01   0.2432164E-01
   0.1727788E-01   0.2368408E-01
   0.1745241E-01   0.2322755E-01
   0.1762693E-01   0.2277501E-01
   0.1780145E-01   0.2223429E-01
   0.1797598E-01   0.2183300E-01
   0.1815050E-01   0.2142802E-01
   0.1832503E-01   0.2099556E-01
   0.1849955E-01   0.2061138E-01
   0.1867408E-01   0.2029273E-01
   0.1884860E-01   0.1989272E-01
   0.1902312E-01   0.1952574E-01
   0.1919765E-01   0.1923564E-01
   0.1937217E-01   0.1885771E-01
   0.1954670E-01   0.1853803E-01
   0.1972122E-01   0.1819062E-01
   0.1989574E-01   0.1777077E-01
   0.2007027E-01   0.1749726E-01
   0.2024479E-01   0.1699355E-01
   0.2041932E-01   0.1666521E-01
   0.2059384E-01   0.1627479E-01
   0.2076836E-01   0.1580815E-01
   0.2094289E-01   0.1542884E-01
   0.2111741E-01   0.1495014E-01
   0.2129194E-01   0.1459668E-01
   0.2146646E-01   0.1414592E-01
   0.2164098E-01   0.1378209E-01
   0.2181551E-01   0.1341725E-01
   0.2199003E-01   0.1301070E-01
   0.2216456E-01   0.1275581E-01
   0.2233908E-01   0.1238139E-01
   0.2251360E-01   0.1214595E-01
   0.2268813E-01   0.1187383E-01
   0.2286265E-01   0.1164080E-01
   0.2303718E-01   0.1146649E-01
   0.2321170E-01   0.1122711E-01
   0.2338623E-01   0.1111481E-01
   0.2356075E-01   0.1089696E-01
   0.2373527E-01   0.1075542E-01
   0.2390980E-01   0.1058195E-01
   0.2408432E-01   0.1036152E-01
   0.2425884E-01   0.1022303E-01
   0.2443337E-01   0.1001083E-01
   0.2460789E-01   0.9907389E-02
   0.2478242E-01   0.9742606E-02
   0.2495694E-01   0.9553197E-02
   0.2513147E-01   0.9455018E-02
   0.2530599E-01   0.9330999E-02
   0.2548051E-01   0.9277660E-02
   0.2565504E-01   0.9167656E-02
   0.2582956E-01   0.9164006E-02
   0.2600409E-01   0.9197598E-02
   0.2617861E-01   0.9131853E-02
   0.2635313E-01   0.9268580E-02
   0.2652766E-01   0.9320295E-02
   0.2670218E-01   0.9357505E-02
   0.2687671E-01   0.9522288E-02
   0.2705123E-01   0.9596108E-02
   0.2722575E-01   0.9700189E-02
   0.2740028E-01   0.9787010E-02
   0.2757480E-01   0.9862279E-02
   0.2774933E-01   0.9956973E-02
   0.2792385E-01   0.1003769E-01
   0.2809837E-01   0.1003913E-01
   0.2827290E-01   0.1005673E-01
   0.2844742E-01   0.1006474E-01
   0.2862195E-01   0.1001712E-01
   0.2879647E-01   0.9987555E-02
   0.2897099E-01   0.9912559E-02
   0.2914552E-01   0.9842625E-02
   0.2932004E-01   0.9791239E-02
   0.2949457E-01   0.9716812E-02
   0.2966909E-01   0.9688301E-02
   0.2984362E-01   0.9583170E-02
   0.3001814E-01   0.9553008E-02
   0.3019266E-01   0.9552468E-02
   0.3036719E-01   0.9493354E-02
   0.3054171E-01   0.9481151E-02
   0.3071623E-01   0.9458598E-02
   0.3089076E-01   0.9447863E-02
   0.3106528E-01   0.9511244E-02
   0.3123981E-01   0.9470619E-02
   0.3141433E-01   0.9489204E-02
   0.3158886E-01   0.9545186E-02
   0.3176338E-01   0.9555391E-02
   0.3193790E-01   0.9563440E-02
   0.3211243E-01   0.9596332E-02
   0.3228695E-01   0.9625201E-02
   0.3246148E-01   0.9544883E-02
   0.3263600E-01   0.9606475E-02
   0.3281052E-01   0.9583419E-02
   0.3298505E-01   0.9520215E-02
   0.3315957E-01   0.9536233E-02
   0.3333410E-01   0.9465252E-02
   0.3350862E-01   0.9445766E-02
   0.3368314E-01   0.9392412E-02
   0.3385767E-01   0.9294291E-02
   0.3403219E-01   0.9310333E-02
   0.3420672E-01   0.9229811E-02
   0.3438124E-01   0.9153653E-02
   0.3455576E-01   0.9172402E-02
   0.3473029E-01   0.9137175E-02
   0.3490481E-01   0.9066041E-02
