        4.80        3.90
NULL
$r$
radial profile
0 0 0
0
   0.1100000E+31  -0.1100000E+31    5
   0.1100000E+31  -0.1100000E+31    5
    0
CURVE
     201
NULL
black_solid
NULL
    0.000000        1.972053    
   0.1745241E-03    1.968441    
   0.3490481E-03    1.893588    
   0.5235722E-03    1.859302    
   0.6980962E-03    1.823789    
   0.8726203E-03    1.703846    
   0.1047144E-02    1.622487    
   0.1221668E-02    1.549205    
   0.1396192E-02    1.416219    
   0.1570717E-02    1.327436    
   0.1745241E-02    1.235052    
   0.1919765E-02    1.120558    
   0.2094289E-02    1.048058    
   0.2268813E-02   0.9642178    
   0.2443337E-02   0.8842134    
   0.2617861E-02   0.8339699    
   0.2792385E-02   0.7765187    
   0.2966909E-02   0.7280354    
   0.3141433E-02   0.6979725    
   0.3315957E-02   0.6637920    
   0.3490481E-02   0.6383609    
   0.3665005E-02   0.6222585    
   0.3839529E-02   0.6037688    
   0.4014053E-02   0.5916687    
   0.4188578E-02   0.5828753    
   0.4363101E-02   0.5736848    
   0.4537626E-02   0.5678890    
   0.4712150E-02   0.5630929    
   0.4886674E-02   0.5591925    
   0.5061198E-02   0.5562077    
   0.5235722E-02   0.5543051    
   0.5410246E-02   0.5525394    
   0.5584770E-02   0.5512927    
   0.5759294E-02   0.5507774    
   0.5933818E-02   0.5493711    
   0.6108342E-02   0.5491793    
   0.6282866E-02   0.5483642    
   0.6457390E-02   0.5475957    
   0.6631915E-02   0.5471749    
   0.6806438E-02   0.5460268    
   0.6980963E-02   0.5457261    
   0.7155487E-02   0.5448219    
   0.7330011E-02   0.5443575    
   0.7504535E-02   0.5438789    
   0.7679059E-02   0.5433409    
   0.7853583E-02   0.5434256    
   0.8028107E-02   0.5427144    
   0.8202631E-02   0.5428104    
   0.8377155E-02   0.5424441    
   0.8551680E-02   0.5420983    
   0.8726203E-02   0.5420260    
   0.8900727E-02   0.5411014    
   0.9075251E-02   0.5410337    
   0.9249776E-02   0.5401170    
   0.9424300E-02   0.5397336    
   0.9598823E-02   0.5391075    
   0.9773348E-02   0.5382845    
   0.9947872E-02   0.5382365    
   0.1012240E-01   0.5373643    
   0.1029692E-01   0.5373917    
   0.1047144E-01   0.5369990    
   0.1064597E-01   0.5367689    
   0.1082049E-01   0.5368772    
   0.1099502E-01   0.5362778    
   0.1116954E-01   0.5364838    
   0.1134406E-01   0.5360244    
   0.1151859E-01   0.5358589    
   0.1169311E-01   0.5357541    
   0.1186764E-01   0.5350462    
   0.1204216E-01   0.5351373    
   0.1221668E-01   0.5344924    
   0.1239121E-01   0.5343567    
   0.1256573E-01   0.5341190    
   0.1274026E-01   0.5337194    
   0.1291478E-01   0.5338180    
   0.1308930E-01   0.5334202    
   0.1326383E-01   0.5335044    
   0.1343835E-01   0.5333013    
   0.1361288E-01   0.5331063    
   0.1378740E-01   0.5331026    
   0.1396193E-01   0.5325893    
   0.1413645E-01   0.5324925    
   0.1431097E-01   0.5320007    
   0.1448550E-01   0.5316617    
   0.1466002E-01   0.5313588    
   0.1483455E-01   0.5306177    
   0.1500907E-01   0.5304170    
   0.1518359E-01   0.5297261    
   0.1535812E-01   0.5293731    
   0.1553264E-01   0.5288463    
   0.1570717E-01   0.5283538    
   0.1588169E-01   0.5280196    
   0.1605621E-01   0.5273432    
   0.1623074E-01   0.5269936    
   0.1640526E-01   0.5263550    
   0.1657979E-01   0.5259316    
   0.1675431E-01   0.5254679    
   0.1692883E-01   0.5248121    
   0.1710336E-01   0.5245132    
   0.1727788E-01   0.5238460    
   0.1745241E-01   0.5235863    
   0.1762693E-01   0.5232025    
   0.1780145E-01   0.5227489    
   0.1797598E-01   0.5226587    
   0.1815050E-01   0.5222589    
   0.1832503E-01   0.5221851    
   0.1849955E-01   0.5218736    
   0.1867408E-01   0.5216805    
   0.1884860E-01   0.5215105    
   0.1902312E-01   0.5210884    
   0.1919765E-01   0.5209259    
   0.1937217E-01   0.5204145    
   0.1954670E-01   0.5201088    
   0.1972122E-01   0.5197030    
   0.1989574E-01   0.5191176    
   0.2007027E-01   0.5187690    
   0.2024479E-01   0.5180952    
   0.2041932E-01   0.5177555    
   0.2059384E-01   0.5172737    
   0.2076836E-01   0.5166867    
   0.2094289E-01   0.5163434    
   0.2111741E-01   0.5157861    
   0.2129194E-01   0.5153885    
   0.2146646E-01   0.5148439    
   0.2164098E-01   0.5143965    
   0.2181551E-01   0.5139650    
   0.2199003E-01   0.5134212    
   0.2216456E-01   0.5130560    
   0.2233908E-01   0.5126048    
   0.2251360E-01   0.5122091    
   0.2268813E-01   0.5118665    
   0.2286265E-01   0.5115335    
   0.2303718E-01   0.5112947    
   0.2321170E-01   0.5110184    
   0.2338623E-01   0.5108599    
   0.2356075E-01   0.5107064    
   0.2373527E-01   0.5105084    
   0.2390980E-01   0.5103491    
   0.2408432E-01   0.5101753    
   0.2425884E-01   0.5100202    
   0.2443337E-01   0.5097337    
   0.2460789E-01   0.5095811    
   0.2478242E-01   0.5093300    
   0.2495694E-01   0.5090718    
   0.2513147E-01   0.5088602    
   0.2530599E-01   0.5085621    
   0.2548051E-01   0.5084007    
   0.2565504E-01   0.5081657    
   0.2582956E-01   0.5079824    
   0.2600409E-01   0.5078769    
   0.2617861E-01   0.5076538    
   0.2635313E-01   0.5075768    
   0.2652766E-01   0.5074047    
   0.2670218E-01   0.5072943    
   0.2687671E-01   0.5071616    
   0.2705123E-01   0.5070264    
   0.2722575E-01   0.5069696    
   0.2740028E-01   0.5067518    
   0.2757480E-01   0.5067273    
   0.2774933E-01   0.5066147    
   0.2792385E-01   0.5065053    
   0.2809837E-01   0.5064986    
   0.2827290E-01   0.5063620    
   0.2844742E-01   0.5063668    
   0.2862195E-01   0.5062494    
   0.2879647E-01   0.5061646    
   0.2897099E-01   0.5061159    
   0.2914552E-01   0.5059329    
   0.2932004E-01   0.5058497    
   0.2949457E-01   0.5056003    
   0.2966909E-01   0.5054344    
   0.2984362E-01   0.5051768    
   0.3001814E-01   0.5048927    
   0.3019266E-01   0.5047311    
   0.3036719E-01   0.5043570    
   0.3054171E-01   0.5041555    
   0.3071623E-01   0.5038808    
   0.3089076E-01   0.5036364    
   0.3106528E-01   0.5034325    
   0.3123981E-01   0.5031813    
   0.3141433E-01   0.5030245    
   0.3158886E-01   0.5027869    
   0.3176338E-01   0.5026110    
   0.3193790E-01   0.5024300    
   0.3211243E-01   0.5022349    
   0.3228695E-01   0.5021313    
   0.3246148E-01   0.5019178    
   0.3263600E-01   0.5017908    
   0.3281052E-01   0.5016859    
   0.3298505E-01   0.5015433    
   0.3315957E-01   0.5014871    
   0.3333410E-01   0.5013500    
   0.3350862E-01   0.5013483    
   0.3368314E-01   0.5012674    
   0.3385767E-01   0.5012254    
   0.3403219E-01   0.5011952    
   0.3420672E-01   0.5011578    
   0.3438124E-01   0.5011118    
   0.3455576E-01   0.5010642    
   0.3473029E-01   0.5010490    
   0.3490481E-01   0.5009615    
