   0.00000E+00   0.19721E+01
   0.17452E-03   0.19684E+01
   0.34905E-03   0.18936E+01
   0.52357E-03   0.18593E+01
   0.69810E-03   0.18238E+01
   0.87262E-03   0.17038E+01
   0.10471E-02   0.16225E+01
   0.12217E-02   0.15492E+01
   0.13962E-02   0.14162E+01
   0.15707E-02   0.13274E+01
   0.17452E-02   0.12351E+01
   0.19198E-02   0.11206E+01
   0.20943E-02   0.10481E+01
   0.22688E-02   0.96422E+00
   0.24433E-02   0.88421E+00
   0.26179E-02   0.83397E+00
   0.27924E-02   0.77652E+00
   0.29669E-02   0.72804E+00
   0.31414E-02   0.69797E+00
   0.33160E-02   0.66379E+00
   0.34905E-02   0.63836E+00
   0.36650E-02   0.62226E+00
   0.38395E-02   0.60377E+00
   0.40141E-02   0.59167E+00
   0.41886E-02   0.58288E+00
   0.43631E-02   0.57368E+00
   0.45376E-02   0.56789E+00
   0.47121E-02   0.56309E+00
   0.48867E-02   0.55919E+00
   0.50612E-02   0.55621E+00
   0.52357E-02   0.55431E+00
   0.54102E-02   0.55254E+00
   0.55848E-02   0.55129E+00
   0.57593E-02   0.55078E+00
   0.59338E-02   0.54937E+00
   0.61083E-02   0.54918E+00
   0.62829E-02   0.54836E+00
   0.64574E-02   0.54760E+00
   0.66319E-02   0.54717E+00
   0.68064E-02   0.54603E+00
   0.69810E-02   0.54573E+00
   0.71555E-02   0.54482E+00
   0.73300E-02   0.54436E+00
   0.75045E-02   0.54388E+00
   0.76791E-02   0.54334E+00
   0.78536E-02   0.54343E+00
   0.80281E-02   0.54271E+00
   0.82026E-02   0.54281E+00
   0.83772E-02   0.54244E+00
   0.85517E-02   0.54210E+00
   0.87262E-02   0.54203E+00
   0.89007E-02   0.54110E+00
   0.90753E-02   0.54103E+00
   0.92498E-02   0.54012E+00
   0.94243E-02   0.53973E+00
   0.95988E-02   0.53911E+00
   0.97733E-02   0.53828E+00
   0.99479E-02   0.53824E+00
   0.10122E-01   0.53736E+00
   0.10297E-01   0.53739E+00
   0.10471E-01   0.53700E+00
   0.10646E-01   0.53677E+00
   0.10820E-01   0.53688E+00
   0.10995E-01   0.53628E+00
   0.11170E-01   0.53648E+00
   0.11344E-01   0.53602E+00
   0.11519E-01   0.53586E+00
   0.11693E-01   0.53575E+00
   0.11868E-01   0.53505E+00
   0.12042E-01   0.53514E+00
   0.12217E-01   0.53449E+00
   0.12391E-01   0.53436E+00
   0.12566E-01   0.53412E+00
   0.12740E-01   0.53372E+00
   0.12915E-01   0.53382E+00
   0.13089E-01   0.53342E+00
   0.13264E-01   0.53350E+00
   0.13438E-01   0.53330E+00
   0.13613E-01   0.53311E+00
   0.13787E-01   0.53310E+00
   0.13962E-01   0.53259E+00
   0.14136E-01   0.53249E+00
   0.14311E-01   0.53200E+00
   0.14485E-01   0.53166E+00
   0.14660E-01   0.53136E+00
   0.14835E-01   0.53062E+00
   0.15009E-01   0.53042E+00
   0.15184E-01   0.52973E+00
   0.15358E-01   0.52937E+00
   0.15533E-01   0.52885E+00
   0.15707E-01   0.52835E+00
   0.15882E-01   0.52802E+00
   0.16056E-01   0.52734E+00
   0.16231E-01   0.52699E+00
   0.16405E-01   0.52636E+00
   0.16580E-01   0.52593E+00
   0.16754E-01   0.52547E+00
   0.16929E-01   0.52481E+00
   0.17103E-01   0.52451E+00
   0.17278E-01   0.52385E+00
   0.17452E-01   0.52359E+00
   0.17627E-01   0.52320E+00
   0.17801E-01   0.52275E+00
   0.17976E-01   0.52266E+00
   0.18151E-01   0.52226E+00
   0.18325E-01   0.52219E+00
   0.18500E-01   0.52187E+00
   0.18674E-01   0.52168E+00
   0.18849E-01   0.52151E+00
   0.19023E-01   0.52109E+00
   0.19198E-01   0.52093E+00
   0.19372E-01   0.52041E+00
   0.19547E-01   0.52011E+00
   0.19721E-01   0.51970E+00
   0.19896E-01   0.51912E+00
   0.20070E-01   0.51877E+00
   0.20245E-01   0.51810E+00
   0.20419E-01   0.51776E+00
   0.20594E-01   0.51727E+00
   0.20768E-01   0.51669E+00
   0.20943E-01   0.51634E+00
   0.21117E-01   0.51579E+00
   0.21292E-01   0.51539E+00
   0.21466E-01   0.51484E+00
   0.21641E-01   0.51440E+00
   0.21816E-01   0.51397E+00
   0.21990E-01   0.51342E+00
   0.22165E-01   0.51306E+00
   0.22339E-01   0.51260E+00
   0.22514E-01   0.51221E+00
   0.22688E-01   0.51187E+00
   0.22863E-01   0.51153E+00
   0.23037E-01   0.51129E+00
   0.23212E-01   0.51102E+00
   0.23386E-01   0.51086E+00
   0.23561E-01   0.51071E+00
   0.23735E-01   0.51051E+00
   0.23910E-01   0.51035E+00
   0.24084E-01   0.51018E+00
   0.24259E-01   0.51002E+00
   0.24433E-01   0.50973E+00
   0.24608E-01   0.50958E+00
   0.24782E-01   0.50933E+00
   0.24957E-01   0.50907E+00
   0.25131E-01   0.50886E+00
   0.25306E-01   0.50856E+00
   0.25481E-01   0.50840E+00
   0.25655E-01   0.50817E+00
   0.25830E-01   0.50798E+00
   0.26004E-01   0.50788E+00
   0.26179E-01   0.50765E+00
   0.26353E-01   0.50758E+00
   0.26528E-01   0.50740E+00
   0.26702E-01   0.50729E+00
   0.26877E-01   0.50716E+00
   0.27051E-01   0.50703E+00
   0.27226E-01   0.50697E+00
   0.27400E-01   0.50675E+00
   0.27575E-01   0.50673E+00
   0.27749E-01   0.50661E+00
   0.27924E-01   0.50651E+00
   0.28098E-01   0.50650E+00
   0.28273E-01   0.50636E+00
   0.28447E-01   0.50637E+00
   0.28622E-01   0.50625E+00
   0.28796E-01   0.50616E+00
   0.28971E-01   0.50612E+00
   0.29146E-01   0.50593E+00
   0.29320E-01   0.50585E+00
   0.29495E-01   0.50560E+00
   0.29669E-01   0.50543E+00
   0.29844E-01   0.50518E+00
   0.30018E-01   0.50489E+00
   0.30193E-01   0.50473E+00
   0.30367E-01   0.50436E+00
   0.30542E-01   0.50416E+00
   0.30716E-01   0.50388E+00
   0.30891E-01   0.50364E+00
   0.31065E-01   0.50343E+00
   0.31240E-01   0.50318E+00
   0.31414E-01   0.50302E+00
   0.31589E-01   0.50279E+00
   0.31763E-01   0.50261E+00
   0.31938E-01   0.50243E+00
   0.32112E-01   0.50223E+00
   0.32287E-01   0.50213E+00
   0.32461E-01   0.50192E+00
   0.32636E-01   0.50179E+00
   0.32811E-01   0.50169E+00
   0.32985E-01   0.50154E+00
   0.33160E-01   0.50149E+00
   0.33334E-01   0.50135E+00
   0.33509E-01   0.50135E+00
   0.33683E-01   0.50127E+00
   0.33858E-01   0.50123E+00
   0.34032E-01   0.50120E+00
   0.34207E-01   0.50116E+00
   0.34381E-01   0.50111E+00
   0.34556E-01   0.50106E+00
   0.34730E-01   0.50105E+00
   0.34905E-01   0.50096E+00
