        4.80        3.90
NULL
$r$
radial profile
0 0 0
0
   0.1100000E+31  -0.1100000E+31    5
   0.1100000E+31  -0.1100000E+31    5
    0
CURVE
     201
NULL
black_solid
NULL
    0.000000        0.000000    
   0.1745241E-03   0.5311640E-04
   0.3490481E-03   0.8390561E-02
   0.5235722E-03   0.5605595E-02
   0.6980962E-03   0.1552742E-02
   0.8726203E-03   0.1284420E-01
   0.1047144E-02   0.1772043E-01
   0.1221668E-02   0.1711743E-01
   0.1396192E-02   0.2421430E-01
   0.1570717E-02   0.3143109E-01
   0.1745241E-02   0.3562218E-01
   0.1919765E-02   0.4109171E-01
   0.2094289E-02   0.4669615E-01
   0.2268813E-02   0.5361911E-01
   0.2443337E-02   0.5888353E-01
   0.2617861E-02   0.6280100E-01
   0.2792385E-02   0.7013918E-01
   0.2966909E-02   0.7520951E-01
   0.3141433E-02   0.7879553E-01
   0.3315957E-02   0.8523019E-01
   0.3490481E-02   0.8985984E-01
   0.3665005E-02   0.9331279E-01
   0.3839529E-02   0.9840675E-01
   0.4014053E-02   0.1024113    
   0.4188578E-02   0.1054586    
   0.4363101E-02   0.1092950    
   0.4537626E-02   0.1121642    
   0.4712150E-02   0.1145594    
   0.4886674E-02   0.1171460    
   0.5061198E-02   0.1190673    
   0.5235722E-02   0.1205494    
   0.5410246E-02   0.1219932    
   0.5584770E-02   0.1229745    
   0.5759294E-02   0.1238238    
   0.5933818E-02   0.1242936    
   0.6108342E-02   0.1246244    
   0.6282866E-02   0.1249239    
   0.6457390E-02   0.1249345    
   0.6631915E-02   0.1247711    
   0.6806438E-02   0.1246270    
   0.6980963E-02   0.1243200    
   0.7155487E-02   0.1239100    
   0.7330011E-02   0.1233432    
   0.7504535E-02   0.1227315    
   0.7679059E-02   0.1220888    
   0.7853583E-02   0.1213288    
   0.8028107E-02   0.1205746    
   0.8202631E-02   0.1196220    
   0.8377155E-02   0.1187746    
   0.8551680E-02   0.1178562    
   0.8726203E-02   0.1169216    
   0.8900727E-02   0.1159866    
   0.9075251E-02   0.1149957    
   0.9249776E-02   0.1141208    
   0.9424300E-02   0.1133002    
   0.9598823E-02   0.1123231    
   0.9773348E-02   0.1114668    
   0.9947872E-02   0.1107029    
   0.1012240E-01   0.1099984    
   0.1029692E-01   0.1092470    
   0.1047144E-01   0.1084614    
   0.1064597E-01   0.1078943    
   0.1082049E-01   0.1071311    
   0.1099502E-01   0.1063327    
   0.1116954E-01   0.1057032    
   0.1134406E-01   0.1048875    
   0.1151859E-01   0.1041646    
   0.1169311E-01   0.1034068    
   0.1186764E-01   0.1024627    
   0.1204216E-01   0.1017190    
   0.1221668E-01   0.1007895    
   0.1239121E-01   0.9990263E-01
   0.1256573E-01   0.9903944E-01
   0.1274026E-01   0.9805222E-01
   0.1291478E-01   0.9716920E-01
   0.1308930E-01   0.9637208E-01
   0.1326383E-01   0.9543139E-01
   0.1343835E-01   0.9454513E-01
   0.1361288E-01   0.9375888E-01
   0.1378740E-01   0.9293805E-01
   0.1396193E-01   0.9206596E-01
   0.1413645E-01   0.9124949E-01
   0.1431097E-01   0.9049013E-01
   0.1448550E-01   0.8976434E-01
   0.1466002E-01   0.8908170E-01
   0.1483455E-01   0.8806648E-01
   0.1500907E-01   0.8738145E-01
   0.1518359E-01   0.8661631E-01
   0.1535812E-01   0.8564323E-01
   0.1553264E-01   0.8478200E-01
   0.1570717E-01   0.8397508E-01
   0.1588169E-01   0.8294091E-01
   0.1605621E-01   0.8205729E-01
   0.1623074E-01   0.8101963E-01
   0.1640526E-01   0.7993402E-01
   0.1657979E-01   0.7911428E-01
   0.1675431E-01   0.7810422E-01
   0.1692883E-01   0.7710384E-01
   0.1710336E-01   0.7617788E-01
   0.1727788E-01   0.7523434E-01
   0.1745241E-01   0.7439443E-01
   0.1762693E-01   0.7353824E-01
   0.1780145E-01   0.7271739E-01
   0.1797598E-01   0.7201506E-01
   0.1815050E-01   0.7139997E-01
   0.1832503E-01   0.7068612E-01
   0.1849955E-01   0.7008865E-01
   0.1867408E-01   0.6959099E-01
   0.1884860E-01   0.6905271E-01
   0.1902312E-01   0.6859247E-01
   0.1919765E-01   0.6814331E-01
   0.1937217E-01   0.6769116E-01
   0.1954670E-01   0.6726918E-01
   0.1972122E-01   0.6683537E-01
   0.1989574E-01   0.6637035E-01
   0.2007027E-01   0.6589945E-01
   0.2024479E-01   0.6540343E-01
   0.2041932E-01   0.6491177E-01
   0.2059384E-01   0.6438143E-01
   0.2076836E-01   0.6382211E-01
   0.2094289E-01   0.6331718E-01
   0.2111741E-01   0.6273945E-01
   0.2129194E-01   0.6217129E-01
   0.2146646E-01   0.6161424E-01
   0.2164098E-01   0.6099784E-01
   0.2181551E-01   0.6041946E-01
   0.2199003E-01   0.5985531E-01
   0.2216456E-01   0.5926032E-01
   0.2233908E-01   0.5871183E-01
   0.2251360E-01   0.5813117E-01
   0.2268813E-01   0.5754020E-01
   0.2286265E-01   0.5699496E-01
   0.2303718E-01   0.5645045E-01
   0.2321170E-01   0.5588548E-01
   0.2338623E-01   0.5533675E-01
   0.2356075E-01   0.5483614E-01
   0.2373527E-01   0.5430377E-01
   0.2390980E-01   0.5376362E-01
   0.2408432E-01   0.5329148E-01
   0.2425884E-01   0.5279506E-01
   0.2443337E-01   0.5233826E-01
   0.2460789E-01   0.5190506E-01
   0.2478242E-01   0.5141820E-01
   0.2495694E-01   0.5102034E-01
   0.2513147E-01   0.5061365E-01
   0.2530599E-01   0.5023303E-01
   0.2548051E-01   0.4984908E-01
   0.2565504E-01   0.4949856E-01
   0.2582956E-01   0.4914588E-01
   0.2600409E-01   0.4884715E-01
   0.2617861E-01   0.4850676E-01
   0.2635313E-01   0.4821526E-01
   0.2652766E-01   0.4794110E-01
   0.2670218E-01   0.4767172E-01
   0.2687671E-01   0.4743068E-01
   0.2705123E-01   0.4717975E-01
   0.2722575E-01   0.4694027E-01
   0.2740028E-01   0.4669880E-01
   0.2757480E-01   0.4647812E-01
   0.2774933E-01   0.4620841E-01
   0.2792385E-01   0.4603122E-01
   0.2809837E-01   0.4580094E-01
   0.2827290E-01   0.4556440E-01
   0.2844742E-01   0.4532919E-01
   0.2862195E-01   0.4513819E-01
   0.2879647E-01   0.4486017E-01
   0.2897099E-01   0.4465509E-01
   0.2914552E-01   0.4446518E-01
   0.2932004E-01   0.4421211E-01
   0.2949457E-01   0.4398641E-01
   0.2966909E-01   0.4380668E-01
   0.2984362E-01   0.4355283E-01
   0.3001814E-01   0.4335365E-01
   0.3019266E-01   0.4316932E-01
   0.3036719E-01   0.4289502E-01
   0.3054171E-01   0.4268344E-01
   0.3071623E-01   0.4244822E-01
   0.3089076E-01   0.4218018E-01
   0.3106528E-01   0.4195638E-01
   0.3123981E-01   0.4175698E-01
   0.3141433E-01   0.4145407E-01
   0.3158886E-01   0.4128038E-01
   0.3176338E-01   0.4109872E-01
   0.3193790E-01   0.4085784E-01
   0.3211243E-01   0.4071623E-01
   0.3228695E-01   0.4054984E-01
   0.3246148E-01   0.4041004E-01
   0.3263600E-01   0.4025471E-01
   0.3281052E-01   0.4020911E-01
   0.3298505E-01   0.4011972E-01
   0.3315957E-01   0.4004703E-01
   0.3333410E-01   0.4000305E-01
   0.3350862E-01   0.3995473E-01
   0.3368314E-01   0.3989355E-01
   0.3385767E-01   0.3985589E-01
   0.3403219E-01   0.3977368E-01
   0.3420672E-01   0.3970204E-01
   0.3438124E-01   0.3962905E-01
   0.3455576E-01   0.3952046E-01
   0.3473029E-01   0.3936312E-01
   0.3490481E-01   0.3920317E-01
